Table name,State Code,District Code,Sub-District Code,Area name,Mother tongue code,Mother tongue name,Total Persons,Total Males,Total Females,Rural Persons,Rural Males,Rural Females,Urban Persons,Urban Males,Urban Females
C0116,00,000,00000,INDIA,001000,1 ASSAMESE,15311351,7810583,7500768,13144701,6697715,6446986,2166650,1112868,1053782
C0116,00,000,00000,INDIA,001002, Assamese,14816414,7555350,7261064,12680101,6458345,6221756,2136313,1097005,1039308
C0116,00,000,00000,INDIA,001999,1 Others,494937,255233,239704,464600,239370,225230,30337,15863,14474
C0116,00,000,00000,INDIA,002000,2 BENGALI ,97237669,49798752,47438917,69914845,35866210,34048635,27322824,13932542,13390282
C0116,00,000,00000,INDIA,002007, Bengali,96177835,49254753,46923082,68921285,35356084,33565201,27256550,13898669,13357881
C0116,00,000,00000,INDIA,002011, Chakma,228281,116928,111353,220162,112745,107417,8119,4183,3936
C0116,00,000,00000,INDIA,002015, Haijong/Hajong,71792,36364,35428,65601,33243,32358,6191,3121,3070
C0116,00,000,00000,INDIA,002044, Rajbangsi,475861,244079,231782,437408,224461,212947,38453,19618,18835
C0116,00,000,00000,INDIA,002999,2 Others,283900,146628,137272,270389,139677,130712,13511,6951,6560
C0116,00,000,00000,INDIA,003000,3 BODO ,1482929,745017,737912,1419762,712684,707078,63167,32333,30834
C0116,00,000,00000,INDIA,003001, Bodo/Boro,1454547,730541,724006,1396225,700733,695492,58322,29808,28514
C0116,00,000,00000,INDIA,003003, Kachari,15984,8204,7780,12784,6527,6257,3200,1677,1523
C0116,00,000,00000,INDIA,003004, Mech/Mechhia,11546,5849,5697,10064,5078,4986,1482,771,711
C0116,00,000,00000,INDIA,003999,3 Others,852,423,429,689,346,343,163,77,86
C0116,00,000,00000,INDIA,004000,4 DOGRI ,2596767,1369581,1227186,1903658,996807,906851,693109,372774,320335
C0116,00,000,00000,INDIA,004001, Dogri,2596763,1369578,1227185,1903657,996806,906851,693106,372772,320334
C0116,00,000,00000,INDIA,004999,4 Others,4,3,1,1,1,0,3,2,1
C0116,00,000,00000,INDIA,005000,5 GUJARATI,55492554,28562042,26930512,32881496,16835772,16045724,22611058,11726270,10884788
C0116,00,000,00000,INDIA,005018, Gujarati,55036204,28331451,26704753,32767517,16777859,15989658,22268687,11553592,10715095
C0116,00,000,00000,INDIA,005019, Gujrao/Gujrau,15431,7915,7516,14626,7518,7108,805,397,408
C0116,00,000,00000,INDIA,005052, Pattani,16510,8296,8214,15904,7976,7928,606,320,286
C0116,00,000,00000,INDIA,005054, Ponchi,13812,7221,6591,7516,3899,3617,6296,3322,2974
C0116,00,000,00000,INDIA,005057, Saurashtra/Saurashtri,247702,124776,122926,15888,8137,7751,231814,116639,115175
C0116,00,000,00000,INDIA,005999,5 Others,162895,82383,80512,60045,30383,29662,102850,52000,50850
C0116,00,000,00000,INDIA,006000,6 HINDI ,528347193,276610187,251737006,386872201,201018956,185853245,141474992,75591231,65883761
C0116,00,000,00000,INDIA,006030, Awadhi,3850906,1956073,1894833,3731591,1892248,1839343,119315,63825,55490
C0116,00,000,00000,INDIA,006040, Baghati/Baghati Pahari,15835,8141,7694,15128,7771,7357,707,370,337
C0116,00,000,00000,INDIA,006042, Bagheli/Baghel Khandi,2679129,1379891,1299238,2354669,1210613,1144056,324460,169278,155182
C0116,00,000,00000,INDIA,006045, Bagri Rajasthani,234227,123493,110734,206796,109071,97725,27431,14422,13009
C0116,00,000,00000,INDIA,006066, Banjari,1581271,823468,757803,1453870,756514,697356,127401,66954,60447
C0116,00,000,00000,INDIA,006086, Bhadrawahi,98806,50478,48328,90354,46083,44271,8452,4395,4057
C0116,00,000,00000,INDIA,006089, Bhagoria,20924,10299,10625,20841,10259,10582,83,40,43
C0116,00,000,00000,INDIA,006096, Bharmauri/Gaddi,181069,90634,90435,175505,87745,87760,5564,2889,2675
C0116,00,000,00000,INDIA,006102, Bhojpuri,50579447,26069236,24510211,45323817,23181849,22141968,5255630,2887387,2368243
C0116,00,000,00000,INDIA,006119, Bishnoi,12079,4978,7101,10521,4286,6235,1558,692,866
C0116,00,000,00000,INDIA,006123, Brajbhasha,1556314,840267,716047,1248175,674909,573266,308139,165358,142781
C0116,00,000,00000,INDIA,006125, Bundeli/Bundel khandi,5626356,2974600,2651756,4600216,2433554,2166662,1026140,541046,485094
C0116,00,000,00000,INDIA,006133, Chambeali/Chamrali,125746,62452,63294,107910,53287,54623,17836,9165,8671
C0116,00,000,00000,INDIA,006142, Chhattisgarhi,16245190,8119432,8125758,13461070,6713943,6747127,2784120,1405489,1378631
C0116,00,000,00000,INDIA,006149, Churahi,75552,38201,37351,75422,38136,37286,130,65,65
C0116,00,000,00000,INDIA,006173, Dhundhari,1476446,763128,713318,1196293,617793,578500,280153,145335,134818
C0116,00,000,00000,INDIA,006195, Garhwali,2482089,1198416,1283673,2004266,946910,1057356,477823,251506,226317
C0116,00,000,00000,INDIA,006198, Gawari,19062,9963,9099,17400,9090,8310,1662,873,789
C0116,00,000,00000,INDIA,006207, Gojri/Gujjari/Gujar,1227901,640395,587506,1173849,611452,562397,54052,28943,25109
C0116,00,000,00000,INDIA,006231, Handuri,47803,24658,23145,42436,21882,20554,5367,2776,2591
C0116,00,000,00000,INDIA,006232, Hara/Harauti,2944356,1528163,1416193,2290012,1186853,1103159,654344,341310,313034
C0116,00,000,00000,INDIA,006235, Haryanvi,9806519,5216490,4590029,8147073,4336083,3810990,1659446,880407,779039
C0116,00,000,00000,INDIA,006240, Hindi,322230097,170506524,151723573,208823135,109700046,99123089,113406962,60806478,52600484
C0116,00,000,00000,INDIA,006265, Jaunpuri/Jaunsari,136779,71293,65486,130195,67664,62531,6584,3629,2955
C0116,00,000,00000,INDIA,006291, Kangri,1117342,547695,569647,1069044,522688,546356,48298,25007,23291
C0116,00,000,00000,INDIA,006311, Khari Boli,50195,26156,24039,40310,20709,19601,9885,5447,4438
C0116,00,000,00000,INDIA,006320, Khortha/Khotta,8038735,4138148,3900587,7094593,3644396,3450197,944142,493752,450390
C0116,00,000,00000,INDIA,006336, Kulvi,196295,99449,96846,185690,94120,91570,10605,5329,5276
C0116,00,000,00000,INDIA,006340, Kumauni,2081057,1012120,1068937,1774955,852859,922096,306102,159261,146841
C0116,00,000,00000,INDIA,006345, Kurmali Thar,311175,157107,154068,308621,155776,152845,2554,1331,1223
C0116,00,000,00000,INDIA,006353, Lamani/Lambadi,3276548,1677395,1599153,2930089,1498172,1431917,346459,179223,167236
C0116,00,000,00000,INDIA,006355, Laria,89876,44092,45784,86904,42635,44269,2972,1457,1515
C0116,00,000,00000,INDIA,006358, Lodhi,139180,69225,69955,132833,66053,66780,6347,3172,3175
C0116,00,000,00000,INDIA,006376, Magadhi/Magahi,12706825,6590948,6115877,10972770,5676599,5296171,1734055,914349,819706
C0116,00,000,00000,INDIA,006391, Malvi,5212617,2651647,2560970,4684735,2381397,2303338,527882,270250,257632
C0116,00,000,00000,INDIA,006394, Mandeali,622590,307327,315263,569835,280286,289549,52755,27041,25714
C0116,00,000,00000,INDIA,006400, Marwari,7831749,4065111,3766638,5436951,2805244,2631707,2394798,1259867,1134931
C0116,00,000,00000,INDIA,006408, Mewari,4212262,2125491,2086771,3681530,1852743,1828787,530732,272748,257984
C0116,00,000,00000,INDIA,006409, Mewati,856643,446446,410197,806240,419941,386299,50403,26505,23898
C0116,00,000,00000,INDIA,006420, Nagpuria,763014,384858,378156,680822,342979,337843,82192,41879,40313
C0116,00,000,00000,INDIA,006432, Nimadi,2309265,1178004,1131261,2074582,1057548,1017034,234683,120456,114227
C0116,00,000,00000,INDIA,006438, Padari,17279,9076,8203,17246,9063,8183,33,13,20
C0116,00,000,00000,INDIA,006439, Pahari,3253889,1651189,1602700,3001723,1516737,1484986,252166,134452,117714
C0116,00,000,00000,INDIA,006449, Palmuha,23579,11881,11698,23278,11711,11567,301,170,131
C0116,00,000,00000,INDIA,006451, Panch Pargania,244914,125800,119114,226645,116219,110426,18269,9581,8688
C0116,00,000,00000,INDIA,006452, Pando/Pandwani,15595,7971,7624,15146,7732,7414,449,239,210
C0116,00,000,00000,INDIA,006454, Pangwali,18668,9346,9322,18156,9077,9079,512,269,243
C0116,00,000,00000,INDIA,006466, Pawari/Powari,325772,162606,163166,313871,156525,157346,11901,6081,5820
C0116,00,000,00000,INDIA,006476, Puran/Puran Bhasha,12375,6220,6155,12210,6135,6075,165,85,80
C0116,00,000,00000,INDIA,006489, Rajasthani,25806344,13314254,12492090,20164599,10382104,9782495,5641745,2932150,2709595
C0116,00,000,00000,INDIA,006503, Sadan/Sadri,4345677,2180340,2165337,4045994,2030137,2015857,299683,150203,149480
C0116,00,000,00000,INDIA,006530, Sirmauri,107401,55113,52288,105752,54136,51616,1649,977,672
C0116,00,000,00000,INDIA,006535, Sondwari,229788,118221,111567,229032,117837,111195,756,384,372
C0116,00,000,00000,INDIA,006541, Sugali,170987,87078,83909,154358,78769,75589,16629,8309,8320
C0116,00,000,00000,INDIA,006547, Surgujia,1738256,873569,864687,1641682,824833,816849,96574,48736,47838
C0116,00,000,00000,INDIA,006548, Surjapuri,2256228,1165836,1090392,2214811,1143889,1070922,41417,21947,19470
C0116,00,000,00000,INDIA,006999,6 Others,16711170,8799795,7911375,15456650,8121866,7334784,1254520,677929,576591
C0116,00,000,00000,INDIA,007000,7 KANNADA,43706512,22111292,21595220,30738803,15522360,15216443,12967709,6588932,6378777
C0116,00,000,00000,INDIA,007002, Badaga,133550,63780,69770,81090,38645,42445,52460,25135,27325
C0116,00,000,00000,INDIA,007016, Kannada,43506272,22014001,21492271,30614889,15462374,15152515,12891383,6551627,6339756
C0116,00,000,00000,INDIA,007027, Kuruba/Kurumba,24189,11881,12308,21295,10462,10833,2894,1419,1475
C0116,00,000,00000,INDIA,007041, Prakritha/Prakritha Bhasha,12257,6372,5885,2868,1544,1324,9389,4828,4561
C0116,00,000,00000,INDIA,007999,7 Others,30244,15258,14986,18661,9335,9326,11583,5923,5660
C0116,00,000,00000,INDIA,008000,8 KASHMIRI ,6797587,3505539,3292048,4605122,2374391,2230731,2192465,1131148,1061317
C0116,00,000,00000,INDIA,008005, Kashmiri,6554369,3380350,3174019,4372791,2255089,2117702,2181578,1125261,1056317
C0116,00,000,00000,INDIA,008010, Kishtwari,39748,20415,19333,36596,18725,17871,3152,1690,1462
C0116,00,000,00000,INDIA,008018, Siraji,124896,63823,61073,119507,60918,58589,5389,2905,2484
C0116,00,000,00000,INDIA,008019, Dardi,25600,13544,12056,24219,12761,11458,1381,783,598
C0116,00,000,00000,INDIA,008999,8 Others,52974,27407,25567,52009,26898,25111,965,509,456
C0116,00,000,00000,INDIA,009000,9 KONKANI,2256502,1104587,1151915,970231,479789,490442,1286271,624798,661473
C0116,00,000,00000,INDIA,009011, Konkani,2146906,1048165,1098741,876124,431164,444960,1270782,617001,653781
C0116,00,000,00000,INDIA,009013, Kudubi/Kudumbi,17209,8648,8561,15910,7989,7921,1299,659,640
C0116,00,000,00000,INDIA,009016, Malwani,23617,11664,11953,19695,9684,10011,3922,1980,1942
C0116,00,000,00000,INDIA,009020, Nawait,13123,6290,6833,7128,3383,3745,5995,2907,3088
C0116,00,000,00000,INDIA,009028, Gorboli/Goru/Gorwani,50259,27016,23243,48927,26304,22623,1332,712,620
C0116,00,000,00000,INDIA,009999,9 Others,5388,2804,2584,2447,1265,1182,2941,1539,1402
C0116,00,000,00000,INDIA,010000,10 MAITHILI ,13583464,7112056,6471408,12513745,6526935,5986810,1069719,585121,484598
C0116,00,000,00000,INDIA,010008, Maithili,13353347,6992706,6360641,12311098,6422768,5888330,1042249,569938,472311
C0116,00,000,00000,INDIA,010011, Purbi Maithili,11116,5728,5388,7994,4038,3956,3122,1690,1432
C0116,00,000,00000,INDIA,010013, Thati,165420,86606,78814,143006,74252,68754,22414,12354,10060
C0116,00,000,00000,INDIA,010014, Tharu,53575,27012,26563,51645,25875,25770,1930,1137,793
C0116,00,000,00000,INDIA,010999,10 Others,6,4,2,2,2,0,4,2,2
C0116,00,000,00000,INDIA,011000,11 MALAYALAM,34838819,16712384,18126435,17411083,8366407,9044676,17427736,8345977,9081759
C0116,00,000,00000,INDIA,011016, Malayalam,34776533,16681977,18094556,17355542,8339365,9016177,17420991,8342612,9078379
C0116,00,000,00000,INDIA,011023, Pania,22808,11015,11793,19391,9340,10051,3417,1675,1742
C0116,00,000,00000,INDIA,011026, Yerava,26563,13019,13544,25905,12694,13211,658,325,333
C0116,00,000,00000,INDIA,011999,11 Others,12915,6373,6542,10245,5008,5237,2670,1365,1305
C0116,00,000,00000,INDIA,012000,12 MANIPURI ,1761079,875943,885136,1001566,500425,501141,759513,375518,383995
C0116,00,000,00000,INDIA,012003, Manipuri,1760913,875852,885061,1001516,500400,501116,759397,375452,383945
C0116,00,000,00000,INDIA,012999,12 Others,166,91,75,50,25,25,116,66,50
C0116,00,000,00000,INDIA,013000,13 MARATHI ,83026680,42565803,40460877,52697457,26959302,25738155,30329223,15606501,14722722
C0116,00,000,00000,INDIA,013004, Are,53879,26763,27116,49358,24653,24705,4521,2110,2411
C0116,00,000,00000,INDIA,013060, Koli,13809,6990,6819,6070,3047,3023,7739,3943,3796
C0116,00,000,00000,INDIA,013071, Marathi,82801140,42453408,40347732,52517198,26869679,25647519,30283942,15583729,14700213
C0116,00,000,00000,INDIA,013999,13 Others,157852,78642,79210,124831,61923,62908,33021,16719,16302
C0116,00,000,00000,INDIA,014000,14 NEPALI ,2926168,1524029,1402139,2009479,1037852,971627,916689,486177,430512
C0116,00,000,00000,INDIA,014011, Nepali,2925796,1523833,1401963,2009222,1037721,971501,916574,486112,430462
C0116,00,000,00000,INDIA,014999,14 Others,372,196,176,257,131,126,115,65,50
C0116,00,000,00000,INDIA,015000,15 ODIA ,37521324,19103304,18418020,31015786,15656377,15359409,6505538,3446927,3058611
C0116,00,000,00000,INDIA,015006, Bhatri,334258,164972,169286,320636,158259,162377,13622,6713,6909
C0116,00,000,00000,INDIA,015007, Bhuiya/Bhuyan[Ori],32126,15767,16359,31288,15325,15963,838,442,396
C0116,00,000,00000,INDIA,015010, Bhumijali,34651,17278,17373,33136,16482,16654,1515,796,719
C0116,00,000,00000,INDIA,015014, Desia,227313,110563,116750,221115,107740,113375,6198,2823,3375
C0116,00,000,00000,INDIA,015043, Odia,34059266,17368096,16691170,27853540,14072275,13781265,6205726,3295821,2909905
C0116,00,000,00000,INDIA,015051, Proja (Ori),156354,75412,80942,149229,71996,77233,7125,3416,3709
C0116,00,000,00000,INDIA,015055, Relli,12969,6373,6596,5086,2533,2553,7883,3840,4043
C0116,00,000,00000,INDIA,015058, Sambalpuri,2630381,1327739,1302642,2374002,1197847,1176155,256379,129892,126487
C0116,00,000,00000,INDIA,015999,15 Others,34006,17104,16902,27754,13920,13834,6252,3184,3068
C0116,00,000,00000,INDIA,016000,16 PUNJABI ,33124726,17340931,15783795,21328323,11155553,10172770,11796403,6185378,5611025
C0116,00,000,00000,INDIA,016002, Bagri,1656588,859167,797421,1496985,775430,721555,159603,83737,75866
C0116,00,000,00000,INDIA,016005, Bhateali,23970,12222,11748,23723,12107,11616,247,115,132
C0116,00,000,00000,INDIA,016006, Bilaspuri Kahluri,295805,151739,144066,278437,142523,135914,17368,9216,8152
C0116,00,000,00000,INDIA,016038, Punjabi,31144095,16315572,14828523,19526343,10224009,9302334,11617752,6091563,5526189
C0116,00,000,00000,INDIA,016999,16 Others,4268,2231,2037,2835,1484,1351,1433,747,686
C0116,00,000,00000,INDIA,017000,17 SANSKRIT ,24821,13636,11185,10908,5862,5046,13913,7774,6139
C0116,00,000,00000,INDIA,017002, Sanskrit,24709,13582,11127,10873,5844,5029,13836,7738,6098
C0116,00,000,00000,INDIA,017999,17 Others,112,54,58,35,18,17,77,36,41
C0116,00,000,00000,INDIA,018000,18 SANTALI ,7368192,3678969,3689223,6980935,3483358,3497577,387257,195611,191646
C0116,00,000,00000,INDIA,018010, Karmali,358579,183154,175425,339055,172850,166205,19524,10304,9220
C0116,00,000,00000,INDIA,018011, Mahili,26399,13177,13222,24569,12239,12330,1830,938,892
C0116,00,000,00000,INDIA,018040, Santali,6973345,3477630,3495715,6607947,3293524,3314423,365398,184106,181292
C0116,00,000,00000,INDIA,018999,18 Others,9869,5008,4861,9364,4745,4619,505,263,242
C0116,00,000,00000,INDIA,019000,19 SINDHI,2772264,1412101,1360163,795136,408195,386941,1977128,1003906,973222
C0116,00,000,00000,INDIA,019002, Bhatia,22409,11425,10984,21789,11120,10669,620,305,315
C0116,00,000,00000,INDIA,019008, Kachchhi,1030602,522998,507604,579667,296324,283343,450935,226674,224261
C0116,00,000,00000,INDIA,019014, Sindhi,1679246,856719,822527,155615,80813,74802,1523631,775906,747725
C0116,00,000,00000,INDIA,019999,19 Others,40007,20959,19048,38065,19938,18127,1942,1021,921
C0116,00,000,00000,INDIA,020000,20 TAMIL ,69026881,34600690,34426191,35627590,17878530,17749060,33399291,16722160,16677131
C0116,00,000,00000,INDIA,020006, Irula/Irular Mozhi,11870,5850,6020,11297,5564,5733,573,286,287
C0116,00,000,00000,INDIA,020009, Kaikadi,25870,12931,12939,9948,5021,4927,15922,7910,8012
C0116,00,000,00000,INDIA,020015, Korava,10421,5220,5201,5492,2743,2749,4929,2477,2452
C0116,00,000,00000,INDIA,020027, Tamil,68888839,34531580,34357259,35530671,17829882,17700789,33358168,16701698,16656470
C0116,00,000,00000,INDIA,020029, Yerukala/Yerukula,58065,29031,29034,39475,19803,19672,18590,9228,9362
C0116,00,000,00000,INDIA,020999,20 Others,31816,16078,15738,30707,15517,15190,1109,561,548
C0116,00,000,00000,INDIA,021000,21 TELUGU ,81127740,40658539,40469201,53845101,26972479,26872622,27282639,13686060,13596579
C0116,00,000,00000,INDIA,021046, Telugu,80912459,40549767,40362692,53738513,26918237,26820276,27173946,13631530,13542416
C0116,00,000,00000,INDIA,021048, Vadari,198020,99923,98097,96722,49253,47469,101298,50670,50628
C0116,00,000,00000,INDIA,021999,21 Others,17261,8849,8412,9866,4989,4877,7395,3860,3535
C0116,00,000,00000,INDIA,022000,22 URDU,50772631,26180481,24592150,21127388,10843253,10284135,29645243,15337228,14308015
C0116,00,000,00000,INDIA,022015, Urdu,50725762,26156072,24569690,21091404,10824831,10266573,29634358,15331241,14303117
C0116,00,000,00000,INDIA,022016, Bhansari,22806,11719,11087,21174,10860,10314,1632,859,773
C0116,00,000,00000,INDIA,022999,22 Others,24063,12690,11373,14810,7562,7248,9253,5128,4125
C0116,00,000,00000,INDIA,023000,23 ADI ,248834,123150,125684,199942,100046,99896,48892,23104,25788
C0116,00,000,00000,INDIA,023003, Adi,110307,54699,55608,92314,46179,46135,17993,8520,9473
C0116,00,000,00000,INDIA,023006, Adi Gallong/Gallong,29246,14412,14834,24158,11940,12218,5088,2472,2616
C0116,00,000,00000,INDIA,023010, Adi Miniyong/Miniyong,13344,6651,6693,10268,5252,5016,3076,1399,1677
C0116,00,000,00000,INDIA,023040, Talgalo,69256,34158,35098,50273,25277,24996,18983,8881,10102
C0116,00,000,00000,INDIA,023999,23 Others,26681,13230,13451,22929,11398,11531,3752,1832,1920
C0116,00,000,00000,INDIA,024000,24 AFGHANI/KABULI/PASHTO ,21677,11557,10120,13431,7091,6340,8246,4466,3780
C0116,00,000,00000,INDIA,024001, Afghani/Kabuli/Pashto,21433,11406,10027,13254,6999,6255,8179,4407,3772
C0116,00,000,00000,INDIA,024999,24 Others,244,151,93,177,92,85,67,59,8
C0116,00,000,00000,INDIA,025000,25 ANAL ,27217,13206,14011,26158,12680,13478,1059,526,533
C0116,00,000,00000,INDIA,025001, Anal,24301,11859,12442,23370,11377,11993,931,482,449
C0116,00,000,00000,INDIA,025999,25 Others,2916,1347,1569,2788,1303,1485,128,44,84
C0116,00,000,00000,INDIA,026000,26 ANGAMI ,152796,74847,77949,98535,48865,49670,54261,25982,28279
C0116,00,000,00000,INDIA,026002, Angami,40721,19943,20778,25814,12757,13057,14907,7186,7721
C0116,00,000,00000,INDIA,026999,26 Others,112075,54904,57171,72721,36108,36613,39354,18796,20558
C0116,00,000,00000,INDIA,027000,27 AO ,260008,130455,129553,171375,86898,84477,88633,43557,45076
C0116,00,000,00000,INDIA,027001, Ao,119549,59413,60136,47156,23954,23202,72393,35459,36934
C0116,00,000,00000,INDIA,027003, Chungli,70782,35943,34839,59652,30398,29254,11130,5545,5585
C0116,00,000,00000,INDIA,027005, Mongsen,69094,34787,34307,64277,32379,31898,4817,2408,2409
C0116,00,000,00000,INDIA,027999,27 Others,583,312,271,290,167,123,293,145,148
C0116,00,000,00000,INDIA,028000,28 ARABIC/ARBI ,54947,29938,25009,39051,21235,17816,15896,8703,7193
C0116,00,000,00000,INDIA,028001, Arabic/Arbi,54871,29899,24972,38979,21197,17782,15892,8702,7190
C0116,00,000,00000,INDIA,028999,28 Others,76,39,37,72,38,34,4,1,3
C0116,00,000,00000,INDIA,029000,29 BALTI ,13774,7152,6622,12234,6320,5914,1540,832,708
C0116,00,000,00000,INDIA,029002, Balti,13654,7088,6566,12126,6263,5863,1528,825,703
C0116,00,000,00000,INDIA,029999,29 Others,120,64,56,108,57,51,12,7,5
C0116,00,000,00000,INDIA,030000,30 BHILI/BHILODI ,10413637,5222991,5190646,10004725,5016639,4988086,408912,206352,202560
C0116,00,000,00000,INDIA,030002, Baori,63028,32595,30433,60086,31064,29022,2942,1531,1411
C0116,00,000,00000,INDIA,030003, Barel,991257,497069,494188,976087,489264,486823,15170,7805,7365
C0116,00,000,00000,INDIA,030006, Bhilali,753466,375317,378149,742835,369937,372898,10631,5380,5251
C0116,00,000,00000,INDIA,030007, Bhili/Bhilodi,3206533,1603959,1602574,3109044,1554573,1554471,97489,49386,48103
C0116,00,000,00000,INDIA,030011, Chodhari,110570,54535,56035,109809,54176,55633,761,359,402
C0116,00,000,00000,INDIA,030015, Dhodia,49097,24267,24830,40734,20022,20712,8363,4245,4118
C0116,00,000,00000,INDIA,030020, Gamti/Gavit,139118,68807,70311,134071,66399,67672,5047,2408,2639
C0116,00,000,00000,INDIA,030021, Garasia,76749,38516,38233,73711,36947,36764,3038,1569,1469
C0116,00,000,00000,INDIA,030035, Kokna/Kokni/Kukna,416787,207960,208827,328489,164425,164064,88298,43535,44763
C0116,00,000,00000,INDIA,030049, Mawchi,98486,48886,49600,94554,46917,47637,3932,1969,1963
C0116,00,000,00000,INDIA,030066, Paradhi,69085,34555,34530,52459,26217,26242,16626,8338,8288
C0116,00,000,00000,INDIA,030068, Pawri,311677,157986,153691,304283,154027,150256,7394,3959,3435
C0116,00,000,00000,INDIA,030070, Rathi,47801,26402,21399,47139,26055,21084,662,347,315
C0116,00,000,00000,INDIA,030073, Tadavi,52347,26519,25828,46712,23685,23027,5635,2834,2801
C0116,00,000,00000,INDIA,030075, Varli,387481,191372,196109,376368,185801,190567,11113,5571,5542
C0116,00,000,00000,INDIA,030076, Vasava,187036,92887,94149,184411,91557,92854,2625,1330,1295
C0116,00,000,00000,INDIA,030078, Wagdi,3393991,1711046,1682945,3271914,1649034,1622880,122077,62012,60065
C0116,00,000,00000,INDIA,030999,30 Others,59128,30313,28815,52019,26539,25480,7109,3774,3335
C0116,00,000,00000,INDIA,031000,31 BHOTIA ,229954,113626,116328,178560,88393,90167,51394,25233,26161
C0116,00,000,00000,INDIA,031001, Bhotia,120583,59579,61004,94139,46794,47345,26444,12785,13659
C0116,00,000,00000,INDIA,031011, Bauti,100000,49265,50735,76946,37800,39146,23054,11465,11589
C0116,00,000,00000,INDIA,031999,31 Others,9371,4782,4589,7475,3799,3676,1896,983,913
C0116,00,000,00000,INDIA,032000,32 BHUMIJ ,27506,13873,13633,25814,12997,12817,1692,876,816
C0116,00,000,00000,INDIA,032002, Bhumij,10190,5085,5105,9500,4731,4769,690,354,336
C0116,00,000,00000,INDIA,032999,32 Others,17316,8788,8528,16314,8266,8048,1002,522,480
C0116,00,000,00000,INDIA,033000,33 BISHNUPURIYA,79646,39762,39884,68860,34228,34632,10786,5534,5252
C0116,00,000,00000,INDIA,033003, Bishnupriya Manipuri/Manipuri Bishnupriya,74069,36945,37124,64302,31968,32334,9767,4977,4790
C0116,00,000,00000,INDIA,033999,33 Others,5577,2817,2760,4558,2260,2298,1019,557,462
C0116,00,000,00000,INDIA,034000,34 CHAKHESANG ,19846,10171,9675,12177,6333,5844,7669,3838,3831
C0116,00,000,00000,INDIA,034001, Chakhesang,19846,10171,9675,12177,6333,5844,7669,3838,3831
C0116,00,000,00000,INDIA,035000,35 CHAKRU/CHOKRI ,91216,46143,45073,77622,39219,38403,13594,6924,6670
C0116,00,000,00000,INDIA,035001, Chakru/Chokri,91216,46143,45073,77622,39219,38403,13594,6924,6670
C0116,00,000,00000,INDIA,036000,36 CHANG ,66852,34533,32319,49053,25408,23645,17799,9125,8674
C0116,00,000,00000,INDIA,036001, Chang,66852,34533,32319,49053,25408,23645,17799,9125,8674
C0116,00,000,00000,INDIA,037000,37 COORGI/KODAGU ,113857,56116,57741,78458,38887,39571,35399,17229,18170
C0116,00,000,00000,INDIA,037001, Coorgi/Kodagu,16939,8290,8649,2730,1378,1352,14209,6912,7297
C0116,00,000,00000,INDIA,037003, Kodava,96918,47826,49092,75728,37509,38219,21190,10317,10873
C0116,00,000,00000,INDIA,038000,38 DEORI ,32376,16234,16142,30286,15166,15120,2090,1068,1022
C0116,00,000,00000,INDIA,038001, Deori,32376,16234,16142,30286,15166,15120,2090,1068,1022
C0116,00,000,00000,INDIA,039000,39 DIMASA ,137184,68713,68471,122729,61466,61263,14455,7247,7208
C0116,00,000,00000,INDIA,039002, Dimasa,133327,66777,66550,119065,59646,59419,14262,7131,7131
C0116,00,000,00000,INDIA,039999,39 Others,3857,1936,1921,3664,1820,1844,193,116,77
C0116,00,000,00000,INDIA,040000,40 ENGLISH ,259678,129115,130563,36985,20366,16619,222693,108749,113944
C0116,00,000,00000,INDIA,040001, English,259678,129115,130563,36985,20366,16619,222693,108749,113944
C0116,00,000,00000,INDIA,041000,41 GADABA ,40976,19704,21272,39698,19115,20583,1278,589,689
C0116,00,000,00000,INDIA,041001, Gadaba,40965,19698,21267,39697,19114,20583,1268,584,684
C0116,00,000,00000,INDIA,041999,41 Others,11,6,5,1,1,0,10,5,5
C0116,00,000,00000,INDIA,042000,42 GANGTE ,16542,8389,8153,14526,7378,7148,2016,1011,1005
C0116,00,000,00000,INDIA,042001, Gangte,16542,8389,8153,14526,7378,7148,2016,1011,1005
C0116,00,000,00000,INDIA,043000,43 GARO ,1145323,576528,568795,1022642,516359,506283,122681,60169,62512
C0116,00,000,00000,INDIA,043005, Garo,1125359,566507,558852,1004106,507048,497058,121253,59459,61794
C0116,00,000,00000,INDIA,043999,43 Others,19964,10021,9943,18536,9311,9225,1428,710,718
C0116,00,000,00000,INDIA,044000,44 GONDI,2984453,1476174,1508279,2870691,1418316,1452375,113762,57858,55904
C0116,00,000,00000,INDIA,044002, Dorli,47701,23690,24011,44769,22039,22730,2932,1651,1281
C0116,00,000,00000,INDIA,044007, Gondi,2856581,1412226,1444355,2751694,1359001,1392693,104887,53225,51662
C0116,00,000,00000,INDIA,044013, Kalari,26769,13358,13411,25711,12821,12890,1058,537,521
C0116,00,000,00000,INDIA,044017, Maria/ Muria,15864,7825,8039,15427,7582,7845,437,243,194
C0116,00,000,00000,INDIA,044999,44 Others,37538,19075,18463,33090,16873,16217,4448,2202,2246
C0116,00,000,00000,INDIA,045000,45 HALABI,766297,376881,389416,691366,340022,351344,74931,36859,38072
C0116,00,000,00000,INDIA,045001, Halabi,765464,376440,389024,690605,339617,350988,74859,36823,38036
C0116,00,000,00000,INDIA,045999,45 Others,833,441,392,761,405,356,72,36,36
C0116,00,000,00000,INDIA,046000,46 HALAM ,38915,19667,19248,36086,18267,17819,2829,1400,1429
C0116,00,000,00000,INDIA,046003, Halam,26534,13382,13152,24052,12174,11878,2482,1208,1274
C0116,00,000,00000,INDIA,046999,46 Others,12381,6285,6096,12034,6093,5941,347,192,155
C0116,00,000,00000,INDIA,047000,47 HMAR,98988,49558,49430,78693,39694,38999,20295,9864,10431
C0116,00,000,00000,INDIA,047001, Hmar,98988,49558,49430,78693,39694,38999,20295,9864,10431
C0116,00,000,00000,INDIA,048000,48 HO,1421418,703538,717880,1304816,645100,659716,116602,58438,58164
C0116,00,000,00000,INDIA,048004, Ho,1410996,698250,712746,1295556,640402,655154,115440,57848,57592
C0116,00,000,00000,INDIA,048007, Lohara,10422,5288,5134,9260,4698,4562,1162,590,572
C0116,00,000,00000,INDIA,049000,49 JATAPU ,20028,9535,10493,19960,9500,10460,68,35,33
C0116,00,000,00000,INDIA,049002, Jatapu,19990,9516,10474,19940,9490,10450,50,26,24
C0116,00,000,00000,INDIA,049999,49 Others,38,19,19,20,10,10,18,9,9
C0116,00,000,00000,INDIA,050000,50 JUANG ,30378,14889,15489,30274,14832,15442,104,57,47
C0116,00,000,00000,INDIA,050001, Juang,30378,14889,15489,30274,14832,15442,104,57,47
C0116,00,000,00000,INDIA,051000,51 KABUI ,122931,61268,61663,87684,44025,43659,35247,17243,18004
C0116,00,000,00000,INDIA,051003, Kabui,54220,26869,27351,38390,19248,19142,15830,7621,8209
C0116,00,000,00000,INDIA,051005, Rongmei,68706,34396,34310,49293,24776,24517,19413,9620,9793
C0116,00,000,00000,INDIA,051999,51 Others ,5,3,2,1,1,0,4,2,2
C0116,00,000,00000,INDIA,052000,52 KARBI/MIKIR ,528503,267064,261439,481209,243400,237809,47294,23664,23630
C0116,00,000,00000,INDIA,052002, Karbi/Mikir,528503,267064,261439,481209,243400,237809,47294,23664,23630
C0116,00,000,00000,INDIA,053000,53 KHANDESHI,1860236,953302,906934,1656161,848855,807306,204075,104447,99628
C0116,00,000,00000,INDIA,053002, Ahirani,1636465,840261,796204,1447847,743786,704061,188618,96475,92143
C0116,00,000,00000,INDIA,053004, Dangi,150674,75138,75536,145952,72795,73157,4722,2343,2379
C0116,00,000,00000,INDIA,053005, Gujari,57171,29795,27376,54112,28080,26032,3059,1715,1344
C0116,00,000,00000,INDIA,053006, Khandeshi,10670,5480,5190,3651,1889,1762,7019,3591,3428
C0116,00,000,00000,INDIA,053999,53 Others,5256,2628,2628,4599,2305,2294,657,323,334
C0116,00,000,00000,INDIA,054000,54 KHARIA ,297614,146937,150677,273169,135112,138057,24445,11825,12620
C0116,00,000,00000,INDIA,054005, Kharia,293665,144973,148692,269374,133223,136151,24291,11750,12541
C0116,00,000,00000,INDIA,054999,54 Others,3949,1964,1985,3795,1889,1906,154,75,79
C0116,00,000,00000,INDIA,055000,55 KHASI ,1431344,703717,727627,1139710,566942,572768,291634,136775,154859
C0116,00,000,00000,INDIA,055007, Khasi,1037964,510477,527487,781894,390047,391847,256070,120430,135640
C0116,00,000,00000,INDIA,055009, Lyngngam,11586,5840,5746,11569,5830,5739,17,10,7
C0116,00,000,00000,INDIA,055012, Pnar/Synteng,319324,156818,162506,289379,142910,146469,29945,13908,16037
C0116,00,000,00000,INDIA,055015, War,51558,25482,26076,50201,24872,25329,1357,610,747
C0116,00,000,00000,INDIA,055999,55 Others ,10912,5100,5812,6667,3283,3384,4245,1817,2428
C0116,00,000,00000,INDIA,056000,56 KHEZHA ,41625,21126,20499,33965,17293,16672,7660,3833,3827
C0116,00,000,00000,INDIA,056003, Khezha,36383,18367,18016,28868,14615,14253,7515,3752,3763
C0116,00,000,00000,INDIA,056999,56 Others ,5242,2759,2483,5097,2678,2419,145,81,64
C0116,00,000,00000,INDIA,057000,57 KHIEMNUNGAN,61983,32414,29569,55262,28838,26424,6721,3576,3145
C0116,00,000,00000,INDIA,057001, Khiemnungan,61968,32405,29563,55261,28837,26424,6707,3568,3139
C0116,00,000,00000,INDIA,057999,57 Others ,15,9,6,1,1,0,14,8,6
C0116,00,000,00000,INDIA,058000,58 KHOND/KONDH ,155548,74709,80839,153796,73774,80022,1752,935,817
C0116,00,000,00000,INDIA,058001, Khond/Kondh,111693,53913,57780,110122,53070,57052,1571,843,728
C0116,00,000,00000,INDIA,058006, Kuvi,43855,20796,23059,43674,20704,22970,181,92,89
C0116,00,000,00000,INDIA,059000,59 KINNAURI ,83561,40785,42776,80245,39081,41164,3316,1704,1612
C0116,00,000,00000,INDIA,059003, Kinnauri,83427,40711,42716,80211,39058,41153,3216,1653,1563
C0116,00,000,00000,INDIA,059999,59 Others,134,74,60,34,23,11,100,51,49
C0116,00,000,00000,INDIA,060000,60 KISAN ,206100,102398,103702,189730,94304,95426,16370,8094,8276
C0116,00,000,00000,INDIA,060002, Kisan,206100,102398,103702,189730,94304,95426,16370,8094,8276
C0116,00,000,00000,INDIA,061000,61 KOCH ,36434,18295,18139,34861,17536,17325,1573,759,814
C0116,00,000,00000,INDIA,061002, Koch,33962,17069,16893,32431,16331,16100,1531,738,793
C0116,00,000,00000,INDIA,061999,61 Others,2472,1226,1246,2430,1205,1225,42,21,21
C0116,00,000,00000,INDIA,062000,62 KODA/KORA ,47268,23559,23709,42764,21308,21456,4504,2251,2253
C0116,00,000,00000,INDIA,062003, Koda/Kora,47181,23518,23663,42683,21270,21413,4498,2248,2250
C0116,00,000,00000,INDIA,062999,62 Others ,87,41,46,81,38,43,6,3,3
C0116,00,000,00000,INDIA,063000,63 KOLAMI ,128451,64423,64028,126112,63187,62925,2339,1236,1103
C0116,00,000,00000,INDIA,063001, Kolami,128451,64423,64028,126112,63187,62925,2339,1236,1103
C0116,00,000,00000,INDIA,064000,64 KOM,15108,7483,7625,13788,6855,6933,1320,628,692
C0116,00,000,00000,INDIA,064001, Kom,15108,7483,7625,13788,6855,6933,1320,628,692
C0116,00,000,00000,INDIA,065000,65 KONDA,60699,30039,30660,59421,29031,30390,1278,1008,270
C0116,00,000,00000,INDIA,065002, Kodu,32166,15880,16286,31080,15002,16078,1086,878,208
C0116,00,000,00000,INDIA,065003, Konda,24987,12380,12607,24836,12276,12560,151,104,47
C0116,00,000,00000,INDIA,065999,65 Others ,3546,1779,1767,3505,1753,1752,41,26,15
C0116,00,000,00000,INDIA,066000,66 KONYAK ,244477,127807,116670,211984,111078,100906,32493,16729,15764
C0116,00,000,00000,INDIA,066001, Konyak,244477,127807,116670,211984,111078,100906,32493,16729,15764
C0116,00,000,00000,INDIA,067000,67 KORKU ,727133,368285,358848,716922,362861,354061,10211,5424,4787
C0116,00,000,00000,INDIA,067001, Korku,688053,348620,339433,678097,343346,334751,9956,5274,4682
C0116,00,000,00000,INDIA,067004, Muwasi,35827,18001,17826,35594,17867,17727,233,134,99
C0116,00,000,00000,INDIA,067999,67 Others ,3253,1664,1589,3231,1648,1583,22,16,6
C0116,00,000,00000,INDIA,068000,68 KORWA ,28453,14303,14150,24275,12237,12038,4178,2066,2112
C0116,00,000,00000,INDIA,068003, Koraku,16154,8067,8087,15654,7822,7832,500,245,255
C0116,00,000,00000,INDIA,068999,68 Others ,12299,6236,6063,8621,4415,4206,3678,1821,1857
C0116,00,000,00000,INDIA,069000,69 KOYA ,407423,197697,209726,402214,195055,207159,5209,2642,2567
C0116,00,000,00000,INDIA,069002, Koya,407423,197697,209726,402214,195055,207159,5209,2642,2567
C0116,00,000,00000,INDIA,070000,70 KUI ,941488,451412,490076,920283,441643,478640,21205,9769,11436
C0116,00,000,00000,INDIA,070001, Kui,941377,451357,490020,920177,441591,478586,21200,9766,11434
C0116,00,000,00000,INDIA,070999,70 Others ,111,55,56,106,52,54,5,3,2
C0116,00,000,00000,INDIA,071000,71 KUKI,83968,43025,40943,68117,34757,33360,15851,8268,7583
C0116,00,000,00000,INDIA,071008, Kuki,82049,42021,40028,66261,33785,32476,15788,8236,7552
C0116,00,000,00000,INDIA,071999,71 Others ,1919,1004,915,1856,972,884,63,32,31
C0116,00,000,00000,INDIA,072000,72 KURUKH/ORAON ,1988350,993346,995004,1808916,904217,904699,179434,89129,90305
C0116,00,000,00000,INDIA,072024, Kurukh/Oraon,1976920,986869,990051,1800364,899679,900685,176556,87190,89366
C0116,00,000,00000,INDIA,072999,72 Others ,11430,6477,4953,8552,4538,4014,2878,1939,939
C0116,00,000,00000,INDIA,073000,73 LADAKHI ,14952,8885,6067,9829,5723,4106,5123,3162,1961
C0116,00,000,00000,INDIA,073003, Ladakhi,14952,8885,6067,9829,5723,4106,5123,3162,1961
C0116,00,000,00000,INDIA,074000,74 LAHAULI ,11574,5765,5809,8281,4150,4131,3293,1615,1678
C0116,00,000,00000,INDIA,074002, Lahauli,11162,5545,5617,7929,3957,3972,3233,1588,1645
C0116,00,000,00000,INDIA,074999,74 Others ,412,220,192,352,193,159,60,27,33
C0116,00,000,00000,INDIA,075000,75 LAHNDA ,108791,55889,52902,54373,28016,26357,54418,27873,26545
C0116,00,000,00000,INDIA,075001, Bahawal Puri,29253,15063,14190,1735,912,823,27518,14151,13367
C0116,00,000,00000,INDIA,075006, Hindi Multani,61722,31672,30050,40851,21112,19739,20871,10560,10311
C0116,00,000,00000,INDIA,075999,75 Others ,17816,9154,8662,11787,5992,5795,6029,3162,2867
C0116,00,000,00000,INDIA,076000,76 LAKHER,42429,21241,21188,28067,14024,14043,14362,7217,7145
C0116,00,000,00000,INDIA,076002, Mara,38671,19402,19269,25931,12995,12936,12740,6407,6333
C0116,00,000,00000,INDIA,076999,76 Others ,3758,1839,1919,2136,1029,1107,1622,810,812
C0116,00,000,00000,INDIA,077000,77 LALUNG ,33921,17033,16888,32617,16368,16249,1304,665,639
C0116,00,000,00000,INDIA,077001, Lalung,33921,17033,16888,32617,16368,16249,1304,665,639
C0116,00,000,00000,INDIA,078000,78 LEPCHA ,47331,24162,23169,42597,21866,20731,4734,2296,2438
C0116,00,000,00000,INDIA,078001, Lepcha,47331,24162,23169,42597,21866,20731,4734,2296,2438
C0116,00,000,00000,INDIA,079000,79 LIANGMEI ,49811,25564,24247,46996,24204,22792,2815,1360,1455
C0116,00,000,00000,INDIA,079002, Liangmei,48388,24837,23551,45735,23546,22189,2653,1291,1362
C0116,00,000,00000,INDIA,079999,79 Others ,1423,727,696,1261,658,603,162,69,93
C0116,00,000,00000,INDIA,080000,80 LIMBU ,40835,21307,19528,39120,20439,18681,1715,868,847
C0116,00,000,00000,INDIA,080002, Limbu,38067,19842,18225,36663,19134,17529,1404,708,696
C0116,00,000,00000,INDIA,080999,80 Others ,2768,1465,1303,2457,1305,1152,311,160,151
C0116,00,000,00000,INDIA,081000,81 LOTHA ,179467,90406,89061,128240,64781,63459,51227,25625,25602
C0116,00,000,00000,INDIA,081001, Lotha,179467,90406,89061,128240,64781,63459,51227,25625,25602
C0116,00,000,00000,INDIA,082000,82 LUSHAI/MIZO ,830846,412349,418497,318218,161575,156643,512628,250774,261854
C0116,00,000,00000,INDIA,082005, Lushai/Mizo,825900,409882,416018,313350,159154,154196,512550,250728,261822
C0116,00,000,00000,INDIA,082999,82 Others ,4946,2467,2479,4868,2421,2447,78,46,32
C0116,00,000,00000,INDIA,083000,83 MALTO ,234991,118822,116169,233413,118035,115378,1578,787,791
C0116,00,000,00000,INDIA,083002, Pahariya,152814,76168,76646,151760,75620,76140,1054,548,506
C0116,00,000,00000,INDIA,083004, Kulehiya,75776,39489,36287,75690,39443,36247,86,46,40
C0116,00,000,00000,INDIA,083999,83 Others,6401,3165,3236,5963,2972,2991,438,193,245
C0116,00,000,00000,INDIA,084000,84 MAO,240205,124393,115812,232313,120592,111721,7892,3801,4091
C0116,00,000,00000,INDIA,084001, Mao,97195,49480,47715,90485,46249,44236,6710,3231,3479
C0116,00,000,00000,INDIA,084003, Paola,143001,74908,68093,141825,74341,67484,1176,567,609
C0116,00,000,00000,INDIA,084999,84 Others ,9,5,4,3,2,1,6,3,3
C0116,00,000,00000,INDIA,085000,85 MARAM,32460,16596,15864,32181,16457,15724,279,139,140
C0116,00,000,00000,INDIA,085001, Maram ,32460,16596,15864,32181,16457,15724,279,139,140
C0116,00,000,00000,INDIA,086000,86 MARING ,25814,13058,12756,25287,12781,12506,527,277,250
C0116,00,000,00000,INDIA,086001, Maring,25814,13058,12756,25287,12781,12506,527,277,250
C0116,00,000,00000,INDIA,087000,87 MIRI/MISHING,629954,320282,309672,616089,313262,302827,13865,7020,6845
C0116,00,000,00000,INDIA,087003, Miri/Mishing,629954,320282,309672,616089,313262,302827,13865,7020,6845
C0116,00,000,00000,INDIA,088000,88 MISHMI ,44100,21725,22375,38814,19140,19674,5286,2585,2701
C0116,00,000,00000,INDIA,088007, Mishmi,15871,7865,8006,13864,6849,7015,2007,1016,991
C0116,00,000,00000,INDIA,088999,88 Others ,28229,13860,14369,24950,12291,12659,3279,1569,1710
C0116,00,000,00000,INDIA,089000,89 MOGH ,36665,18481,18184,35495,17863,17632,1170,618,552
C0116,00,000,00000,INDIA,089004, Mogh,36652,18473,18179,35487,17857,17630,1165,616,549
C0116,00,000,00000,INDIA,089999,89 Others ,13,8,5,8,6,2,5,2,3
C0116,00,000,00000,INDIA,090000,90 MONPA ,13703,7072,6631,9912,5071,4841,3791,2001,1790
C0116,00,000,00000,INDIA,090003, Monpa,13703,7072,6631,9912,5071,4841,3791,2001,1790
C0116,00,000,00000,INDIA,091000,91 MUNDA,505922,253115,252807,456585,228081,228504,49337,25034,24303
C0116,00,000,00000,INDIA,091006, Kol,19868,9936,9932,18965,9488,9477,903,448,455
C0116,00,000,00000,INDIA,091009, Munda,464817,232259,232558,420276,209767,210509,44541,22492,22049
C0116,00,000,00000,INDIA,091999,91 Others ,21237,10920,10317,17344,8826,8518,3893,2094,1799
C0116,00,000,00000,INDIA,092000,92 MUNDARI ,1128228,563608,564620,1042230,520851,521379,85998,42757,43241
C0116,00,000,00000,INDIA,092005, Mundari,1128050,563561,564489,1042110,520838,521272,85940,42723,43217
C0116,00,000,00000,INDIA,092999,92 Others,178,47,131,120,13,107,58,34,24
C0116,00,000,00000,INDIA,093000,93 NICOBARESE ,29099,14974,14125,26970,13936,13034,2129,1038,1091
C0116,00,000,00000,INDIA,093001, Nicobarese,29099,14974,14125,26970,13936,13034,2129,1038,1091
C0116,00,000,00000,INDIA,094000,94 NISSI/DAFLA ,406532,198973,207559,329041,161380,167661,77491,37593,39898
C0116,00,000,00000,INDIA,094001, Apatani,44815,21848,22967,28997,14415,14582,15818,7433,8385
C0116,00,000,00000,INDIA,094007, Nissi/Dafla,289166,141051,148115,239992,117040,122952,49174,24011,25163
C0116,00,000,00000,INDIA,094008, Tagin,62897,31055,31842,50931,25190,25741,11966,5865,6101
C0116,00,000,00000,INDIA,094999,94 Others ,9654,5019,4635,9121,4735,4386,533,284,249
C0116,00,000,00000,INDIA,095000,95 NOCTE ,30839,15436,15403,24461,12378,12083,6378,3058,3320
C0116,00,000,00000,INDIA,095003, Nocte,29810,14930,14880,23570,11931,11639,6240,2999,3241
C0116,00,000,00000,INDIA,095999,95 Others ,1029,506,523,891,447,444,138,59,79
C0116,00,000,00000,INDIA,096000,96 PAITE,79507,39433,40074,68329,33881,34448,11178,5552,5626
C0116,00,000,00000,INDIA,096002, Paite,79443,39397,40046,68299,33865,34434,11144,5532,5612
C0116,00,000,00000,INDIA,096999,96 Others ,64,36,28,30,16,14,34,20,14
C0116,00,000,00000,INDIA,097000,97 PARJI ,52349,25951,26398,51776,25653,26123,573,298,275
C0116,00,000,00000,INDIA,097001, Dhurwa,45938,22781,23157,45453,22539,22914,485,242,243
C0116,00,000,00000,INDIA,097999,97 Others ,6411,3170,3241,6323,3114,3209,88,56,32
C0116,00,000,00000,INDIA,098000,98 PAWI ,28639,14292,14347,19131,9621,9510,9508,4671,4837
C0116,00,000,00000,INDIA,098001, Pawi,28639,14292,14347,19131,9621,9510,9508,4671,4837
C0116,00,000,00000,INDIA,100000,100 PHOM ,54416,28351,26065,43834,22941,20893,10582,5410,5172
C0116,00,000,00000,INDIA,100001, Phom,54416,28351,26065,43834,22941,20893,10582,5410,5172
C0116,00,000,00000,INDIA,101000,101 POCHURY,21654,11067,10587,20560,10479,10081,1094,588,506
C0116,00,000,00000,INDIA,101006, Pochury,21568,11020,10548,20499,10443,10056,1069,577,492
C0116,00,000,00000,INDIA,101999,101 Others ,86,47,39,61,36,25,25,11,14
C0116,00,000,00000,INDIA,102000,102 RABHA ,139986,70802,69184,135048,68243,66805,4938,2559,2379
C0116,00,000,00000,INDIA,102002, Rabha,139985,70802,69183,135047,68243,66804,4938,2559,2379
C0116,00,000,00000,INDIA,102999,102 Others ,1,0,1,1,0,1,0,0,0
C0116,00,000,00000,INDIA,103000,103 RAI ,15644,8069,7575,14707,7567,7140,937,502,435
C0116,00,000,00000,INDIA,103003, Rai,10427,5339,5088,9660,4927,4733,767,412,355
C0116,00,000,00000,INDIA,103999,103 Others ,5217,2730,2487,5047,2640,2407,170,90,80
C0116,00,000,00000,INDIA,104000,104 RENGMA ,65328,32444,32884,54967,27343,27624,10361,5101,5260
C0116,00,000,00000,INDIA,104001, Rengma,65328,32444,32884,54967,27343,27624,10361,5101,5260
C0116,00,000,00000,INDIA,105000,105 SANGTAM ,76000,38664,37336,55165,28099,27066,20835,10565,10270
C0116,00,000,00000,INDIA,105004, Sangtam,75684,38510,37174,55089,28061,27028,20595,10449,10146
C0116,00,000,00000,INDIA,105999,105 Others ,316,154,162,76,38,38,240,116,124
C0116,00,000,00000,INDIA,106000,106 SAVARA,409549,200366,209183,402669,196839,205830,6880,3527,3353
C0116,00,000,00000,INDIA,106004, Savara,409481,200336,209145,402607,196813,205794,6874,3523,3351
C0116,00,000,00000,INDIA,106999,106 Others ,68,30,38,62,26,36,6,4,2
C0116,00,000,00000,INDIA,107000,107 SEMA,10802,5498,5304,4696,2438,2258,6106,3060,3046
C0116,00,000,00000,INDIA,107002, Sema,10802,5498,5304,4696,2438,2258,6106,3060,3046
C0116,00,000,00000,INDIA,108000,108 SHERPA ,16012,8344,7668,13847,7210,6637,2165,1134,1031
C0116,00,000,00000,INDIA,108001, Sherpa,16012,8344,7668,13847,7210,6637,2165,1134,1031
C0116,00,000,00000,INDIA,109000,109 SHINA,32247,16889,15358,30698,16010,14688,1549,879,670
C0116,00,000,00000,INDIA,109005, Shina,32069,16793,15276,30545,15929,14616,1524,864,660
C0116,00,000,00000,INDIA,109999,109 Others ,178,96,82,153,81,72,25,15,10
C0116,00,000,00000,INDIA,111000,111 TAMANG ,20154,10585,9569,16729,8807,7922,3425,1778,1647
C0116,00,000,00000,INDIA,111001, Tamang,20154,10585,9569,16729,8807,7922,3425,1778,1647
C0116,00,000,00000,INDIA,112000,112 TANGKHUL ,187276,94572,92704,154287,78262,76025,32989,16310,16679
C0116,00,000,00000,INDIA,112008, Tangkhul,187263,94565,92698,154280,78258,76022,32983,16307,16676
C0116,00,000,00000,INDIA,112999,112 Others ,13,7,6,7,4,3,6,3,3
C0116,00,000,00000,INDIA,113000,113 TANGSA,38624,19496,19128,34900,17662,17238,3724,1834,1890
C0116,00,000,00000,INDIA,113024, Tutcha Tangsa,10234,5304,4930,9396,4887,4509,838,417,421
C0116,00,000,00000,INDIA,113999,113 Others,28390,14192,14198,25504,12775,12729,2886,1417,1469
C0116,00,000,00000,INDIA,114000,114 THADO ,229340,114752,114588,211980,106208,105772,17360,8544,8816
C0116,00,000,00000,INDIA,114015, Thado,227114,113578,113536,210285,105317,104968,16829,8261,8568
C0116,00,000,00000,INDIA,114999,114 Others,2226,1174,1052,1695,891,804,531,283,248
C0116,00,000,00000,INDIA,115000,115 TIBETAN ,182685,99795,82890,134889,73058,61831,47796,26737,21059
C0116,00,000,00000,INDIA,115008, Tibetan,83779,49081,34698,48656,28901,19755,35123,20180,14943
C0116,00,000,00000,INDIA,115011, Purkhi,93500,47918,45582,82112,42014,40098,11388,5904,5484
C0116,00,000,00000,INDIA,115999,115 Others,5406,2796,2610,4121,2143,1978,1285,653,632
C0116,00,000,00000,INDIA,116000,116 TRIPURI ,1011294,510715,500579,972527,491057,481470,38767,19658,19109
C0116,00,000,00000,INDIA,116007, Kokbarak,917900,463044,454856,881728,444840,436888,36172,18204,17968
C0116,00,000,00000,INDIA,116011, Reang,58539,29750,28789,57227,29127,28100,1312,623,689
C0116,00,000,00000,INDIA,116014, Tripuri,33138,17010,16128,31958,16241,15717,1180,769,411
C0116,00,000,00000,INDIA,116999,116 Others ,1717,911,806,1614,849,765,103,62,41
C0116,00,000,00000,INDIA,117000,117 TULU ,1846427,901360,945067,1084487,527329,557158,761940,374031,387909
C0116,00,000,00000,INDIA,117009, Tulu,1841963,899059,942904,1081821,525977,555844,760142,373082,387060
C0116,00,000,00000,INDIA,117999,117 Others ,4464,2301,2163,2666,1352,1314,1798,949,849
C0116,00,000,00000,INDIA,118000,118 VAIPHEI ,42748,21343,21405,38528,19291,19237,4220,2052,2168
C0116,00,000,00000,INDIA,118002, Vaiphei,42748,21343,21405,38528,19291,19237,4220,2052,2168
C0116,00,000,00000,INDIA,119000,119 WANCHO,59154,29786,29368,53413,26792,26621,5741,2994,2747
C0116,00,000,00000,INDIA,119001, Wancho,59154,29786,29368,53413,26792,26621,5741,2994,2747
C0116,00,000,00000,INDIA,120000,120 YIMCHUNGRE,83259,42553,40706,69591,35471,34120,13668,7082,6586
C0116,00,000,00000,INDIA,120001, Chirr,12300,6335,5965,11885,6107,5778,415,228,187
C0116,00,000,00000,INDIA,120004, Tikhir,11071,5710,5361,9344,4787,4557,1727,923,804
C0116,00,000,00000,INDIA,120005, Yimchungre,56538,28762,27776,45029,22840,22189,11509,5922,5587
C0116,00,000,00000,INDIA,120999,120 Others ,3350,1746,1604,3333,1737,1596,17,9,8
C0116,00,000,00000,INDIA,121000,121 ZELIANG ,63529,32144,31385,49744,25524,24220,13785,6620,7165
C0116,00,000,00000,INDIA,121001, Zeliang,63529,32144,31385,49744,25524,24220,13785,6620,7165
C0116,00,000,00000,INDIA,122000,122 ZEMI ,50925,25869,25056,45037,22889,22148,5888,2980,2908
C0116,00,000,00000,INDIA,122003, Zemi,50923,25869,25054,45036,22889,22147,5887,2980,2907
C0116,00,000,00000,INDIA,122999,122 Others ,2,0,2,1,0,1,1,0,1
C0116,00,000,00000,INDIA,123000,123 ZOU ,26545,13250,13295,23819,11936,11883,2726,1314,1412
C0116,00,000,00000,INDIA,123001, Zou,26545,13250,13295,23819,11936,11883,2726,1314,1412
C0116,00,000,00000,INDIA,124000,124 OTHERS,1875542,948447,927095,1381714,698054,683660,493828,250393,243435
C0116,01,000,00000,JAMMU & KASHMIR,001000,1 ASSAMESE,8340,7881,459,2554,2455,99,5786,5426,360
C0116,01,000,00000,JAMMU & KASHMIR,001002, Assamese,7842,7398,444,2113,2020,93,5729,5378,351
C0116,01,000,00000,JAMMU & KASHMIR,001999,1 Others,498,483,15,441,435,6,57,48,9
C0116,01,000,00000,JAMMU & KASHMIR,002000,2 BENGALI ,19830,15243,4587,6984,4937,2047,12846,10306,2540
C0116,01,000,00000,JAMMU & KASHMIR,002007, Bengali,19811,15228,4583,6972,4929,2043,12839,10299,2540
C0116,01,000,00000,JAMMU & KASHMIR,002011, Chakma,12,10,2,6,4,2,6,6,0
C0116,01,000,00000,JAMMU & KASHMIR,002015, Haijong/Hajong,4,4,0,3,3,0,1,1,0
C0116,01,000,00000,JAMMU & KASHMIR,002044, Rajbangsi,1,1,0,1,1,0,0,0,0
C0116,01,000,00000,JAMMU & KASHMIR,002999,2 Others,2,0,2,2,0,2,0,0,0
C0116,01,000,00000,JAMMU & KASHMIR,003000,3 BODO ,508,473,35,121,115,6,387,358,29
C0116,01,000,00000,JAMMU & KASHMIR,003001, Bodo/Boro,485,461,24,120,115,5,365,346,19
C0116,01,000,00000,JAMMU & KASHMIR,003003, Kachari,23,12,11,1,0,1,22,12,10
C0116,01,000,00000,JAMMU & KASHMIR,004000,4 DOGRI ,2513712,1318247,1195465,1860897,973131,887766,652815,345116,307699
C0116,01,000,00000,JAMMU & KASHMIR,004001, Dogri,2513712,1318247,1195465,1860897,973131,887766,652815,345116,307699
C0116,01,000,00000,JAMMU & KASHMIR,005000,5 GUJARATI,19261,11808,7453,9426,5513,3913,9835,6295,3540
C0116,01,000,00000,JAMMU & KASHMIR,005018, Gujarati,5428,4582,846,1916,1618,298,3512,2964,548
C0116,01,000,00000,JAMMU & KASHMIR,005052, Pattani,47,22,25,37,15,22,10,7,3
C0116,01,000,00000,JAMMU & KASHMIR,005054, Ponchi,13689,7158,6531,7442,3866,3576,6247,3292,2955
C0116,01,000,00000,JAMMU & KASHMIR,005057, Saurashtra/Saurashtri,1,1,0,0,0,0,1,1,0
C0116,01,000,00000,JAMMU & KASHMIR,005999,5 Others,96,45,51,31,14,17,65,31,34
C0116,01,000,00000,JAMMU & KASHMIR,006000,6 HINDI ,2612631,1443826,1168805,2260826,1209660,1051166,351805,234166,117639
C0116,01,000,00000,JAMMU & KASHMIR,006030, Awadhi,214,140,74,130,75,55,84,65,19
C0116,01,000,00000,JAMMU & KASHMIR,006040, Baghati/Baghati Pahari,6,2,4,6,2,4,0,0,0
C0116,01,000,00000,JAMMU & KASHMIR,006042, Bagheli/Baghel Khandi,14,9,5,2,2,0,12,7,5
C0116,01,000,00000,JAMMU & KASHMIR,006066, Banjari,3,3,0,2,2,0,1,1,0
C0116,01,000,00000,JAMMU & KASHMIR,006086, Bhadrawahi,98196,50071,48125,90100,45900,44200,8096,4171,3925
C0116,01,000,00000,JAMMU & KASHMIR,006096, Bharmauri/Gaddi,24161,12272,11889,23796,12080,11716,365,192,173
C0116,01,000,00000,JAMMU & KASHMIR,006102, Bhojpuri,8824,6416,2408,1847,1409,438,6977,5007,1970
C0116,01,000,00000,JAMMU & KASHMIR,006123, Brajbhasha,99,85,14,36,28,8,63,57,6
C0116,01,000,00000,JAMMU & KASHMIR,006125, Bundeli/Bundel khandi,1354,759,595,327,168,159,1027,591,436
C0116,01,000,00000,JAMMU & KASHMIR,006133, Chambeali/Chamrali,71,36,35,62,30,32,9,6,3
C0116,01,000,00000,JAMMU & KASHMIR,006142, Chhattisgarhi,9326,5055,4271,3544,1884,1660,5782,3171,2611
C0116,01,000,00000,JAMMU & KASHMIR,006149, Churahi,1,0,1,1,0,1,0,0,0
C0116,01,000,00000,JAMMU & KASHMIR,006173, Dhundhari,2098,1098,1000,2084,1090,994,14,8,6
C0116,01,000,00000,JAMMU & KASHMIR,006195, Garhwali,1544,1179,365,471,376,95,1073,803,270
C0116,01,000,00000,JAMMU & KASHMIR,006207, Gojri/Gujjari/Gujar,1135196,591963,543233,1089888,567843,522045,45308,24120,21188
C0116,01,000,00000,JAMMU & KASHMIR,006232, Hara/Harauti,4,3,1,0,0,0,4,3,1
C0116,01,000,00000,JAMMU & KASHMIR,006235, Haryanvi,11176,6346,4830,9454,5069,4385,1722,1277,445
C0116,01,000,00000,JAMMU & KASHMIR,006240, Hindi,304195,239547,64648,117071,95642,21429,187124,143905,43219
C0116,01,000,00000,JAMMU & KASHMIR,006265, Jaunpuri/Jaunsari,3,2,1,1,1,0,2,1,1
C0116,01,000,00000,JAMMU & KASHMIR,006291, Kangri,49,33,16,25,16,9,24,17,7
C0116,01,000,00000,JAMMU & KASHMIR,006311, Khari Boli,98,76,22,46,27,19,52,49,3
C0116,01,000,00000,JAMMU & KASHMIR,006320, Khortha/Khotta,55,42,13,16,13,3,39,29,10
C0116,01,000,00000,JAMMU & KASHMIR,006336, Kulvi,7,3,4,2,1,1,5,2,3
C0116,01,000,00000,JAMMU & KASHMIR,006340, Kumauni,2096,1805,291,1504,1317,187,592,488,104
C0116,01,000,00000,JAMMU & KASHMIR,006353, Lamani/Lambadi,69,37,32,68,36,32,1,1,0
C0116,01,000,00000,JAMMU & KASHMIR,006376, Magadhi/Magahi,1215,668,547,1145,612,533,70,56,14
C0116,01,000,00000,JAMMU & KASHMIR,006391, Malvi,17,11,6,2,2,0,15,9,6
C0116,01,000,00000,JAMMU & KASHMIR,006394, Mandeali,17,13,4,7,7,0,10,6,4
C0116,01,000,00000,JAMMU & KASHMIR,006400, Marwari,359,288,71,159,130,29,200,158,42
C0116,01,000,00000,JAMMU & KASHMIR,006409, Mewati,43,42,1,6,6,0,37,36,1
C0116,01,000,00000,JAMMU & KASHMIR,006420, Nagpuria,55,47,8,41,37,4,14,10,4
C0116,01,000,00000,JAMMU & KASHMIR,006432, Nimadi,5,5,0,0,0,0,5,5,0
C0116,01,000,00000,JAMMU & KASHMIR,006438, Padari,17265,9069,8196,17240,9059,8181,25,10,15
C0116,01,000,00000,JAMMU & KASHMIR,006439, Pahari,977860,506669,471191,893635,462187,431448,84225,44482,39743
C0116,01,000,00000,JAMMU & KASHMIR,006451, Panch Pargania,1,1,0,0,0,0,1,1,0
C0116,01,000,00000,JAMMU & KASHMIR,006466, Pawari/Powari,1,1,0,0,0,0,1,1,0
C0116,01,000,00000,JAMMU & KASHMIR,006476, Puran/Puran Bhasha,2,2,0,2,2,0,0,0,0
C0116,01,000,00000,JAMMU & KASHMIR,006489, Rajasthani,3961,2857,1104,864,682,182,3097,2175,922
C0116,01,000,00000,JAMMU & KASHMIR,006503, Sadan/Sadri,298,213,85,215,141,74,83,72,11
C0116,01,000,00000,JAMMU & KASHMIR,006530, Sirmauri,19,6,13,15,5,10,4,1,3
C0116,01,000,00000,JAMMU & KASHMIR,006547, Surgujia,2,2,0,0,0,0,2,2,0
C0116,01,000,00000,JAMMU & KASHMIR,006548, Surjapuri,41,38,3,11,9,2,30,29,1
C0116,01,000,00000,JAMMU & KASHMIR,006999,6 Others,12611,6912,5699,7001,3770,3231,5610,3142,2468
C0116,01,000,00000,JAMMU & KASHMIR,007000,7 KANNADA,6953,6445,508,2375,2277,98,4578,4168,410
C0116,01,000,00000,JAMMU & KASHMIR,007002, Badaga,3,3,0,3,3,0,0,0,0
C0116,01,000,00000,JAMMU & KASHMIR,007016, Kannada,6911,6403,508,2364,2266,98,4547,4137,410
C0116,01,000,00000,JAMMU & KASHMIR,007999,7 Others,39,39,0,8,8,0,31,31,0
C0116,01,000,00000,JAMMU & KASHMIR,008000,8 KASHMIRI ,6680837,3442485,3238352,4541073,2340603,2200470,2139764,1101882,1037882
C0116,01,000,00000,JAMMU & KASHMIR,008005, Kashmiri,6486219,3341956,3144263,4356167,2245351,2110816,2130052,1096605,1033447
C0116,01,000,00000,JAMMU & KASHMIR,008010, Kishtwari,39636,20336,19300,36523,18673,17850,3113,1663,1450
C0116,01,000,00000,JAMMU & KASHMIR,008018, Siraji,77362,39741,37621,72700,37205,35495,4662,2536,2126
C0116,01,000,00000,JAMMU & KASHMIR,008019, Dardi,24956,13222,11734,23723,12520,11203,1233,702,531
C0116,01,000,00000,JAMMU & KASHMIR,008999,8 Others,52664,27230,25434,51960,26854,25106,704,376,328
C0116,01,000,00000,JAMMU & KASHMIR,009000,9 KONKANI,79,56,23,28,20,8,51,36,15
C0116,01,000,00000,JAMMU & KASHMIR,009011, Konkani,62,48,14,24,18,6,38,30,8
C0116,01,000,00000,JAMMU & KASHMIR,009016, Malwani,12,5,7,0,0,0,12,5,7
C0116,01,000,00000,JAMMU & KASHMIR,009999,9 Others,5,3,2,4,2,2,1,1,0
C0116,01,000,00000,JAMMU & KASHMIR,010000,10 MAITHILI ,897,588,309,315,212,103,582,376,206
C0116,01,000,00000,JAMMU & KASHMIR,010008, Maithili,734,491,243,235,166,69,499,325,174
C0116,01,000,00000,JAMMU & KASHMIR,010011, Purbi Maithili,65,34,31,57,26,31,8,8,0
C0116,01,000,00000,JAMMU & KASHMIR,010013, Thati,98,63,35,23,20,3,75,43,32
C0116,01,000,00000,JAMMU & KASHMIR,011000,11 MALAYALAM,11248,9869,1379,3732,3390,342,7516,6479,1037
C0116,01,000,00000,JAMMU & KASHMIR,011016, Malayalam,11012,9746,1266,3496,3267,229,7516,6479,1037
C0116,01,000,00000,JAMMU & KASHMIR,011999,11 Others,236,123,113,236,123,113,0,0,0
C0116,01,000,00000,JAMMU & KASHMIR,012000,12 MANIPURI ,2370,1965,405,1154,869,285,1216,1096,120
C0116,01,000,00000,JAMMU & KASHMIR,012003, Manipuri,2367,1962,405,1151,866,285,1216,1096,120
C0116,01,000,00000,JAMMU & KASHMIR,012999,12 Others,3,3,0,3,3,0,0,0,0
C0116,01,000,00000,JAMMU & KASHMIR,013000,13 MARATHI ,23006,20388,2618,8183,7704,479,14823,12684,2139
C0116,01,000,00000,JAMMU & KASHMIR,013060, Koli,55,32,23,55,32,23,0,0,0
C0116,01,000,00000,JAMMU & KASHMIR,013071, Marathi,22940,20350,2590,8118,7666,452,14822,12684,2138
C0116,01,000,00000,JAMMU & KASHMIR,013999,13 Others,11,6,5,10,6,4,1,0,1
C0116,01,000,00000,JAMMU & KASHMIR,014000,14 NEPALI ,22138,14934,7204,16319,10686,5633,5819,4248,1571
C0116,01,000,00000,JAMMU & KASHMIR,014011, Nepali,22014,14867,7147,16199,10620,5579,5815,4247,1568
C0116,01,000,00000,JAMMU & KASHMIR,014999,14 Others,124,67,57,120,66,54,4,1,3
C0116,01,000,00000,JAMMU & KASHMIR,015000,15 ODIA ,9553,8014,1539,2641,2379,262,6912,5635,1277
C0116,01,000,00000,JAMMU & KASHMIR,015007, Bhuiya/Bhuyan[Ori],1,1,0,0,0,0,1,1,0
C0116,01,000,00000,JAMMU & KASHMIR,015014, Desia,5,4,1,1,1,0,4,3,1
C0116,01,000,00000,JAMMU & KASHMIR,015043, Odia,9529,7998,1531,2634,2373,261,6895,5625,1270
C0116,01,000,00000,JAMMU & KASHMIR,015058, Sambalpuri,2,2,0,1,1,0,1,1,0
C0116,01,000,00000,JAMMU & KASHMIR,015999,15 Others,16,9,7,5,4,1,11,5,6
C0116,01,000,00000,JAMMU & KASHMIR,016000,16 PUNJABI ,219193,124834,94359,92595,52970,39625,126598,71864,54734
C0116,01,000,00000,JAMMU & KASHMIR,016002, Bagri,41,23,18,6,2,4,35,21,14
C0116,01,000,00000,JAMMU & KASHMIR,016005, Bhateali,19,9,10,16,7,9,3,2,1
C0116,01,000,00000,JAMMU & KASHMIR,016006, Bilaspuri Kahluri,21,14,7,21,14,7,0,0,0
C0116,01,000,00000,JAMMU & KASHMIR,016038, Punjabi,218958,124706,94252,92419,52884,39535,126539,71822,54717
C0116,01,000,00000,JAMMU & KASHMIR,016999,16 Others,154,82,72,133,63,70,21,19,2
C0116,01,000,00000,JAMMU & KASHMIR,017000,17 SANSKRIT ,30,23,7,4,2,2,26,21,5
C0116,01,000,00000,JAMMU & KASHMIR,017002, Sanskrit,30,23,7,4,2,2,26,21,5
C0116,01,000,00000,JAMMU & KASHMIR,018000,18 SANTALI ,225,188,37,119,94,25,106,94,12
C0116,01,000,00000,JAMMU & KASHMIR,018040, Santali,221,185,36,118,94,24,103,91,12
C0116,01,000,00000,JAMMU & KASHMIR,018999,18 Others,4,3,1,1,0,1,3,3,0
C0116,01,000,00000,JAMMU & KASHMIR,019000,19 SINDHI,19,13,6,2,0,2,17,13,4
C0116,01,000,00000,JAMMU & KASHMIR,019008, Kachchhi,4,3,1,0,0,0,4,3,1
C0116,01,000,00000,JAMMU & KASHMIR,019014, Sindhi,13,10,3,0,0,0,13,10,3
C0116,01,000,00000,JAMMU & KASHMIR,019999,19 Others,2,0,2,2,0,2,0,0,0
C0116,01,000,00000,JAMMU & KASHMIR,020000,20 TAMIL ,14728,13707,1021,4532,4362,170,10196,9345,851
C0116,01,000,00000,JAMMU & KASHMIR,020027, Tamil,14694,13690,1004,4500,4347,153,10194,9343,851
C0116,01,000,00000,JAMMU & KASHMIR,020999,20 Others,34,17,17,32,15,17,2,2,0
C0116,01,000,00000,JAMMU & KASHMIR,021000,21 TELUGU ,13970,12641,1329,4197,3999,198,9773,8642,1131
C0116,01,000,00000,JAMMU & KASHMIR,021046, Telugu,13948,12620,1328,4192,3995,197,9756,8625,1131
C0116,01,000,00000,JAMMU & KASHMIR,021999,21 Others,22,21,1,5,4,1,17,17,0
C0116,01,000,00000,JAMMU & KASHMIR,022000,22 URDU,19956,11137,8819,8609,4803,3806,11347,6334,5013
C0116,01,000,00000,JAMMU & KASHMIR,022015, Urdu,19338,10802,8536,8046,4506,3540,11292,6296,4996
C0116,01,000,00000,JAMMU & KASHMIR,022999,22 Others,618,335,283,563,297,266,55,38,17
C0116,01,000,00000,JAMMU & KASHMIR,023000,23 ADI ,16,11,5,4,2,2,12,9,3
C0116,01,000,00000,JAMMU & KASHMIR,023003, Adi,10,7,3,2,1,1,8,6,2
C0116,01,000,00000,JAMMU & KASHMIR,023006, Adi Gallong/Gallong,3,2,1,0,0,0,3,2,1
C0116,01,000,00000,JAMMU & KASHMIR,023040, Talgalo,1,1,0,0,0,0,1,1,0
C0116,01,000,00000,JAMMU & KASHMIR,023999,23 Others,2,1,1,2,1,1,0,0,0
C0116,01,000,00000,JAMMU & KASHMIR,024000,24 AFGHANI/KABULI/PASHTO ,17942,9469,8473,12684,6687,5997,5258,2782,2476
C0116,01,000,00000,JAMMU & KASHMIR,024001, Afghani/Kabuli/Pashto,17927,9455,8472,12683,6687,5996,5244,2768,2476
C0116,01,000,00000,JAMMU & KASHMIR,024999,24 Others,15,14,1,1,0,1,14,14,0
C0116,01,000,00000,JAMMU & KASHMIR,025000,25 ANAL ,17,15,2,6,5,1,11,10,1
C0116,01,000,00000,JAMMU & KASHMIR,025001, Anal,17,15,2,6,5,1,11,10,1
C0116,01,000,00000,JAMMU & KASHMIR,027000,27 AO ,23,19,4,11,11,0,12,8,4
C0116,01,000,00000,JAMMU & KASHMIR,027001, Ao,22,18,4,10,10,0,12,8,4
C0116,01,000,00000,JAMMU & KASHMIR,027003, Chungli,1,1,0,1,1,0,0,0,0
C0116,01,000,00000,JAMMU & KASHMIR,028000,28 ARABIC/ARBI ,181,90,91,174,88,86,7,2,5
C0116,01,000,00000,JAMMU & KASHMIR,028001, Arabic/Arbi,181,90,91,174,88,86,7,2,5
C0116,01,000,00000,JAMMU & KASHMIR,029000,29 BALTI ,12399,6381,6018,10944,5605,5339,1455,776,679
C0116,01,000,00000,JAMMU & KASHMIR,029002, Balti,12398,6380,6018,10944,5605,5339,1454,775,679
C0116,01,000,00000,JAMMU & KASHMIR,029999,29 Others,1,1,0,0,0,0,1,1,0
C0116,01,000,00000,JAMMU & KASHMIR,030000,30 BHILI/BHILODI ,988,535,453,923,493,430,65,42,23
C0116,01,000,00000,JAMMU & KASHMIR,030007, Bhili/Bhilodi,2,1,1,0,0,0,2,1,1
C0116,01,000,00000,JAMMU & KASHMIR,030011, Chodhari,35,14,21,35,14,21,0,0,0
C0116,01,000,00000,JAMMU & KASHMIR,030015, Dhodia,5,5,0,0,0,0,5,5,0
C0116,01,000,00000,JAMMU & KASHMIR,030035, Kokna/Kokni/Kukna,8,7,1,4,3,1,4,4,0
C0116,01,000,00000,JAMMU & KASHMIR,030066, Paradhi,4,2,2,0,0,0,4,2,2
C0116,01,000,00000,JAMMU & KASHMIR,030073, Tadavi,2,2,0,2,2,0,0,0,0
C0116,01,000,00000,JAMMU & KASHMIR,030078, Wagdi,1,1,0,0,0,0,1,1,0
C0116,01,000,00000,JAMMU & KASHMIR,030999,30 Others,931,503,428,882,474,408,49,29,20
C0116,01,000,00000,JAMMU & KASHMIR,031000,31 BHOTIA ,107451,52972,54479,83559,41091,42468,23892,11881,12011
C0116,01,000,00000,JAMMU & KASHMIR,031001, Bhotia,324,98,226,320,95,225,4,3,1
C0116,01,000,00000,JAMMU & KASHMIR,031011, Bauti,99974,49253,50721,76933,37792,39141,23041,11461,11580
C0116,01,000,00000,JAMMU & KASHMIR,031999,31 Others,7153,3621,3532,6306,3204,3102,847,417,430
C0116,01,000,00000,JAMMU & KASHMIR,032000,32 BHUMIJ ,1,1,0,1,1,0,0,0,0
C0116,01,000,00000,JAMMU & KASHMIR,032999,32 Others,1,1,0,1,1,0,0,0,0
C0116,01,000,00000,JAMMU & KASHMIR,033000,33 BISHNUPURIYA,17,17,0,13,13,0,4,4,0
C0116,01,000,00000,JAMMU & KASHMIR,033003, Bishnupriya Manipuri/Manipuri Bishnupriya,6,6,0,2,2,0,4,4,0
C0116,01,000,00000,JAMMU & KASHMIR,033999,33 Others,11,11,0,11,11,0,0,0,0
C0116,01,000,00000,JAMMU & KASHMIR,034000,34 CHAKHESANG ,1,1,0,0,0,0,1,1,0
C0116,01,000,00000,JAMMU & KASHMIR,034001, Chakhesang,1,1,0,0,0,0,1,1,0
C0116,01,000,00000,JAMMU & KASHMIR,036000,36 CHANG ,1,1,0,1,1,0,0,0,0
C0116,01,000,00000,JAMMU & KASHMIR,036001, Chang,1,1,0,1,1,0,0,0,0
C0116,01,000,00000,JAMMU & KASHMIR,037000,37 COORGI/KODAGU ,10,10,0,4,4,0,6,6,0
C0116,01,000,00000,JAMMU & KASHMIR,037001, Coorgi/Kodagu,10,10,0,4,4,0,6,6,0
C0116,01,000,00000,JAMMU & KASHMIR,038000,38 DEORI ,1,1,0,0,0,0,1,1,0
C0116,01,000,00000,JAMMU & KASHMIR,038001, Deori,1,1,0,0,0,0,1,1,0
C0116,01,000,00000,JAMMU & KASHMIR,039000,39 DIMASA ,4,3,1,2,1,1,2,2,0
C0116,01,000,00000,JAMMU & KASHMIR,039002, Dimasa,4,3,1,2,1,1,2,2,0
C0116,01,000,00000,JAMMU & KASHMIR,040000,40 ENGLISH ,967,538,429,483,297,186,484,241,243
C0116,01,000,00000,JAMMU & KASHMIR,040001, English,967,538,429,483,297,186,484,241,243
C0116,01,000,00000,JAMMU & KASHMIR,042000,42 GANGTE ,24,12,12,4,4,0,20,8,12
C0116,01,000,00000,JAMMU & KASHMIR,042001, Gangte,24,12,12,4,4,0,20,8,12
C0116,01,000,00000,JAMMU & KASHMIR,043000,43 GARO ,46,41,5,17,15,2,29,26,3
C0116,01,000,00000,JAMMU & KASHMIR,043005, Garo,44,39,5,15,13,2,29,26,3
C0116,01,000,00000,JAMMU & KASHMIR,043999,43 Others,2,2,0,2,2,0,0,0,0
C0116,01,000,00000,JAMMU & KASHMIR,044000,44 GONDI,167,78,89,153,67,86,14,11,3
C0116,01,000,00000,JAMMU & KASHMIR,044007, Gondi,2,2,0,0,0,0,2,2,0
C0116,01,000,00000,JAMMU & KASHMIR,044013, Kalari,142,60,82,142,60,82,0,0,0
C0116,01,000,00000,JAMMU & KASHMIR,044999,44 Others,23,16,7,11,7,4,12,9,3
C0116,01,000,00000,JAMMU & KASHMIR,046000,46 HALAM ,8,5,3,2,1,1,6,4,2
C0116,01,000,00000,JAMMU & KASHMIR,046003, Halam,6,4,2,1,1,0,5,3,2
C0116,01,000,00000,JAMMU & KASHMIR,046999,46 Others,2,1,1,1,0,1,1,1,0
C0116,01,000,00000,JAMMU & KASHMIR,047000,47 HMAR,24,22,2,14,14,0,10,8,2
C0116,01,000,00000,JAMMU & KASHMIR,047001, Hmar,24,22,2,14,14,0,10,8,2
C0116,01,000,00000,JAMMU & KASHMIR,048000,48 HO,28,24,4,12,10,2,16,14,2
C0116,01,000,00000,JAMMU & KASHMIR,048004, Ho,26,22,4,11,9,2,15,13,2
C0116,01,000,00000,JAMMU & KASHMIR,048007, Lohara,2,2,0,1,1,0,1,1,0
C0116,01,000,00000,JAMMU & KASHMIR,051000,51 KABUI ,12,10,2,7,6,1,5,4,1
C0116,01,000,00000,JAMMU & KASHMIR,051003, Kabui,4,3,1,0,0,0,4,3,1
C0116,01,000,00000,JAMMU & KASHMIR,051005, Rongmei,8,7,1,7,6,1,1,1,0
C0116,01,000,00000,JAMMU & KASHMIR,052000,52 KARBI/MIKIR ,6,5,1,1,1,0,5,4,1
C0116,01,000,00000,JAMMU & KASHMIR,052002, Karbi/Mikir,6,5,1,1,1,0,5,4,1
C0116,01,000,00000,JAMMU & KASHMIR,053000,53 KHANDESHI,34862,18334,16528,32948,17265,15683,1914,1069,845
C0116,01,000,00000,JAMMU & KASHMIR,053002, Ahirani,1,1,0,0,0,0,1,1,0
C0116,01,000,00000,JAMMU & KASHMIR,053004, Dangi,1,0,1,1,0,1,0,0,0
C0116,01,000,00000,JAMMU & KASHMIR,053005, Gujari,34858,18331,16527,32946,17264,15682,1912,1067,845
C0116,01,000,00000,JAMMU & KASHMIR,053999,53 Others,2,2,0,1,1,0,1,1,0
C0116,01,000,00000,JAMMU & KASHMIR,054000,54 KHARIA ,14,13,1,1,1,0,13,12,1
C0116,01,000,00000,JAMMU & KASHMIR,054005, Kharia,12,12,0,1,1,0,11,11,0
C0116,01,000,00000,JAMMU & KASHMIR,054999,54 Others,2,1,1,0,0,0,2,1,1
C0116,01,000,00000,JAMMU & KASHMIR,055000,55 KHASI ,1350,742,608,1216,662,554,134,80,54
C0116,01,000,00000,JAMMU & KASHMIR,055007, Khasi,1350,742,608,1216,662,554,134,80,54
C0116,01,000,00000,JAMMU & KASHMIR,056000,56 KHEZHA ,18,15,3,6,5,1,12,10,2
C0116,01,000,00000,JAMMU & KASHMIR,056999,56 Others ,18,15,3,6,5,1,12,10,2
C0116,01,000,00000,JAMMU & KASHMIR,057000,57 KHIEMNUNGAN,6,5,1,1,1,0,5,4,1
C0116,01,000,00000,JAMMU & KASHMIR,057001, Khiemnungan,6,5,1,1,1,0,5,4,1
C0116,01,000,00000,JAMMU & KASHMIR,059000,59 KINNAURI ,237,122,115,165,78,87,72,44,28
C0116,01,000,00000,JAMMU & KASHMIR,059003, Kinnauri,234,121,113,164,78,86,70,43,27
C0116,01,000,00000,JAMMU & KASHMIR,059999,59 Others,3,1,2,1,0,1,2,1,1
C0116,01,000,00000,JAMMU & KASHMIR,060000,60 KISAN ,1,0,1,0,0,0,1,0,1
C0116,01,000,00000,JAMMU & KASHMIR,060002, Kisan,1,0,1,0,0,0,1,0,1
C0116,01,000,00000,JAMMU & KASHMIR,062000,62 KODA/KORA ,1,1,0,0,0,0,1,1,0
C0116,01,000,00000,JAMMU & KASHMIR,062003, Koda/Kora,1,1,0,0,0,0,1,1,0
C0116,01,000,00000,JAMMU & KASHMIR,064000,64 KOM,11,8,3,4,3,1,7,5,2
C0116,01,000,00000,JAMMU & KASHMIR,064001, Kom,11,8,3,4,3,1,7,5,2
C0116,01,000,00000,JAMMU & KASHMIR,065000,65 KONDA,7,5,2,6,4,2,1,1,0
C0116,01,000,00000,JAMMU & KASHMIR,065003, Konda,7,5,2,6,4,2,1,1,0
C0116,01,000,00000,JAMMU & KASHMIR,066000,66 KONYAK ,4,4,0,3,3,0,1,1,0
C0116,01,000,00000,JAMMU & KASHMIR,066001, Konyak,4,4,0,3,3,0,1,1,0
C0116,01,000,00000,JAMMU & KASHMIR,067000,67 KORKU ,3,3,0,0,0,0,3,3,0
C0116,01,000,00000,JAMMU & KASHMIR,067001, Korku,3,3,0,0,0,0,3,3,0
C0116,01,000,00000,JAMMU & KASHMIR,071000,71 KUKI,242,233,9,164,158,6,78,75,3
C0116,01,000,00000,JAMMU & KASHMIR,071008, Kuki,235,231,4,157,156,1,78,75,3
C0116,01,000,00000,JAMMU & KASHMIR,071999,71 Others ,7,2,5,7,2,5,0,0,0
C0116,01,000,00000,JAMMU & KASHMIR,072000,72 KURUKH/ORAON ,321,252,69,163,109,54,158,143,15
C0116,01,000,00000,JAMMU & KASHMIR,072024, Kurukh/Oraon,215,192,23,57,49,8,158,143,15
C0116,01,000,00000,JAMMU & KASHMIR,072999,72 Others ,106,60,46,106,60,46,0,0,0
C0116,01,000,00000,JAMMU & KASHMIR,073000,73 LADAKHI ,7638,4631,3007,4739,2828,1911,2899,1803,1096
C0116,01,000,00000,JAMMU & KASHMIR,073003, Ladakhi,7638,4631,3007,4739,2828,1911,2899,1803,1096
C0116,01,000,00000,JAMMU & KASHMIR,074000,74 LAHAULI ,7,5,2,4,3,1,3,2,1
C0116,01,000,00000,JAMMU & KASHMIR,074002, Lahauli,7,5,2,4,3,1,3,2,1
C0116,01,000,00000,JAMMU & KASHMIR,075000,75 LAHNDA ,6102,3201,2901,2112,1094,1018,3990,2107,1883
C0116,01,000,00000,JAMMU & KASHMIR,075006, Hindi Multani,2,1,1,0,0,0,2,1,1
C0116,01,000,00000,JAMMU & KASHMIR,075999,75 Others ,6100,3200,2900,2112,1094,1018,3988,2106,1882
C0116,01,000,00000,JAMMU & KASHMIR,076000,76 LAKHER,6,6,0,0,0,0,6,6,0
C0116,01,000,00000,JAMMU & KASHMIR,076002, Mara,6,6,0,0,0,0,6,6,0
C0116,01,000,00000,JAMMU & KASHMIR,078000,78 LEPCHA ,2,1,1,0,0,0,2,1,1
C0116,01,000,00000,JAMMU & KASHMIR,078001, Lepcha,2,1,1,0,0,0,2,1,1
C0116,01,000,00000,JAMMU & KASHMIR,079000,79 LIANGMEI ,1,1,0,1,1,0,0,0,0
C0116,01,000,00000,JAMMU & KASHMIR,079002, Liangmei,1,1,0,1,1,0,0,0,0
C0116,01,000,00000,JAMMU & KASHMIR,081000,81 LOTHA ,29,24,5,13,13,0,16,11,5
C0116,01,000,00000,JAMMU & KASHMIR,081001, Lotha,29,24,5,13,13,0,16,11,5
C0116,01,000,00000,JAMMU & KASHMIR,082000,82 LUSHAI/MIZO ,521,504,17,295,293,2,226,211,15
C0116,01,000,00000,JAMMU & KASHMIR,082005, Lushai/Mizo,521,504,17,295,293,2,226,211,15
C0116,01,000,00000,JAMMU & KASHMIR,083000,83 MALTO ,49,28,21,46,25,21,3,3,0
C0116,01,000,00000,JAMMU & KASHMIR,083002, Pahariya,4,3,1,4,3,1,0,0,0
C0116,01,000,00000,JAMMU & KASHMIR,083999,83 Others,45,25,20,42,22,20,3,3,0
C0116,01,000,00000,JAMMU & KASHMIR,084000,84 MAO,20,17,3,16,13,3,4,4,0
C0116,01,000,00000,JAMMU & KASHMIR,084001, Mao,20,17,3,16,13,3,4,4,0
C0116,01,000,00000,JAMMU & KASHMIR,085000,85 MARAM,2,2,0,2,2,0,0,0,0
C0116,01,000,00000,JAMMU & KASHMIR,085001, Maram ,2,2,0,2,2,0,0,0,0
C0116,01,000,00000,JAMMU & KASHMIR,086000,86 MARING ,1,1,0,1,1,0,0,0,0
C0116,01,000,00000,JAMMU & KASHMIR,086001, Maring,1,1,0,1,1,0,0,0,0
C0116,01,000,00000,JAMMU & KASHMIR,087000,87 MIRI/MISHING,10,7,3,0,0,0,10,7,3
C0116,01,000,00000,JAMMU & KASHMIR,087003, Miri/Mishing,10,7,3,0,0,0,10,7,3
C0116,01,000,00000,JAMMU & KASHMIR,088000,88 MISHMI ,4,4,0,1,1,0,3,3,0
C0116,01,000,00000,JAMMU & KASHMIR,088999,88 Others ,4,4,0,1,1,0,3,3,0
C0116,01,000,00000,JAMMU & KASHMIR,089000,89 MOGH ,1,1,0,1,1,0,0,0,0
C0116,01,000,00000,JAMMU & KASHMIR,089004, Mogh,1,1,0,1,1,0,0,0,0
C0116,01,000,00000,JAMMU & KASHMIR,090000,90 MONPA ,21,15,6,13,7,6,8,8,0
C0116,01,000,00000,JAMMU & KASHMIR,090003, Monpa,21,15,6,13,7,6,8,8,0
C0116,01,000,00000,JAMMU & KASHMIR,091000,91 MUNDA,136,109,27,64,52,12,72,57,15
C0116,01,000,00000,JAMMU & KASHMIR,091009, Munda,48,39,9,22,17,5,26,22,4
C0116,01,000,00000,JAMMU & KASHMIR,091999,91 Others ,88,70,18,42,35,7,46,35,11
C0116,01,000,00000,JAMMU & KASHMIR,092000,92 MUNDARI ,61,52,9,25,21,4,36,31,5
C0116,01,000,00000,JAMMU & KASHMIR,092005, Mundari,61,52,9,25,21,4,36,31,5
C0116,01,000,00000,JAMMU & KASHMIR,093000,93 NICOBARESE ,1,1,0,0,0,0,1,1,0
C0116,01,000,00000,JAMMU & KASHMIR,093001, Nicobarese,1,1,0,0,0,0,1,1,0
C0116,01,000,00000,JAMMU & KASHMIR,094000,94 NISSI/DAFLA ,17,12,5,3,3,0,14,9,5
C0116,01,000,00000,JAMMU & KASHMIR,094001, Apatani,2,2,0,2,2,0,0,0,0
C0116,01,000,00000,JAMMU & KASHMIR,094007, Nissi/Dafla,6,4,2,1,1,0,5,3,2
C0116,01,000,00000,JAMMU & KASHMIR,094008, Tagin,5,4,1,0,0,0,5,4,1
C0116,01,000,00000,JAMMU & KASHMIR,094999,94 Others ,4,2,2,0,0,0,4,2,2
C0116,01,000,00000,JAMMU & KASHMIR,095000,95 NOCTE ,7,7,0,5,5,0,2,2,0
C0116,01,000,00000,JAMMU & KASHMIR,095003, Nocte,7,7,0,5,5,0,2,2,0
C0116,01,000,00000,JAMMU & KASHMIR,096000,96 PAITE,26,19,7,4,4,0,22,15,7
C0116,01,000,00000,JAMMU & KASHMIR,096002, Paite,26,19,7,4,4,0,22,15,7
C0116,01,000,00000,JAMMU & KASHMIR,100000,100 PHOM ,12,8,4,12,8,4,0,0,0
C0116,01,000,00000,JAMMU & KASHMIR,100001, Phom,12,8,4,12,8,4,0,0,0
C0116,01,000,00000,JAMMU & KASHMIR,101000,101 POCHURY,2,1,1,2,1,1,0,0,0
C0116,01,000,00000,JAMMU & KASHMIR,101006, Pochury,2,1,1,2,1,1,0,0,0
C0116,01,000,00000,JAMMU & KASHMIR,102000,102 RABHA ,6,6,0,3,3,0,3,3,0
C0116,01,000,00000,JAMMU & KASHMIR,102002, Rabha,6,6,0,3,3,0,3,3,0
C0116,01,000,00000,JAMMU & KASHMIR,103000,103 RAI ,1,0,1,0,0,0,1,0,1
C0116,01,000,00000,JAMMU & KASHMIR,103999,103 Others ,1,0,1,0,0,0,1,0,1
C0116,01,000,00000,JAMMU & KASHMIR,104000,104 RENGMA ,1,1,0,0,0,0,1,1,0
C0116,01,000,00000,JAMMU & KASHMIR,104001, Rengma,1,1,0,0,0,0,1,1,0
C0116,01,000,00000,JAMMU & KASHMIR,105000,105 SANGTAM ,1,1,0,0,0,0,1,1,0
C0116,01,000,00000,JAMMU & KASHMIR,105004, Sangtam,1,1,0,0,0,0,1,1,0
C0116,01,000,00000,JAMMU & KASHMIR,106000,106 SAVARA,2,2,0,2,2,0,0,0,0
C0116,01,000,00000,JAMMU & KASHMIR,106004, Savara,2,2,0,2,2,0,0,0,0
C0116,01,000,00000,JAMMU & KASHMIR,107000,107 SEMA,15,15,0,4,4,0,11,11,0
C0116,01,000,00000,JAMMU & KASHMIR,107002, Sema,15,15,0,4,4,0,11,11,0
C0116,01,000,00000,JAMMU & KASHMIR,108000,108 SHERPA ,21,10,11,0,0,0,21,10,11
C0116,01,000,00000,JAMMU & KASHMIR,108001, Sherpa,21,10,11,0,0,0,21,10,11
C0116,01,000,00000,JAMMU & KASHMIR,109000,109 SHINA,32027,16737,15290,30552,15917,14635,1475,820,655
C0116,01,000,00000,JAMMU & KASHMIR,109005, Shina,31971,16705,15266,30505,15891,14614,1466,814,652
C0116,01,000,00000,JAMMU & KASHMIR,109999,109 Others ,56,32,24,47,26,21,9,6,3
C0116,01,000,00000,JAMMU & KASHMIR,111000,111 TAMANG ,23,13,10,12,6,6,11,7,4
C0116,01,000,00000,JAMMU & KASHMIR,111001, Tamang,23,13,10,12,6,6,11,7,4
C0116,01,000,00000,JAMMU & KASHMIR,112000,112 TANGKHUL ,18,12,6,15,9,6,3,3,0
C0116,01,000,00000,JAMMU & KASHMIR,112008, Tangkhul,18,12,6,15,9,6,3,3,0
C0116,01,000,00000,JAMMU & KASHMIR,114000,114 THADO ,40,29,11,8,8,0,32,21,11
C0116,01,000,00000,JAMMU & KASHMIR,114015, Thado,35,24,11,4,4,0,31,20,11
C0116,01,000,00000,JAMMU & KASHMIR,114999,114 Others,5,5,0,4,4,0,1,1,0
C0116,01,000,00000,JAMMU & KASHMIR,115000,115 TIBETAN ,100499,51198,49301,84334,43099,41235,16165,8099,8066
C0116,01,000,00000,JAMMU & KASHMIR,115008, Tibetan,8148,3962,4186,3093,1599,1494,5055,2363,2692
C0116,01,000,00000,JAMMU & KASHMIR,115011, Purkhi,92345,47233,45112,81240,41499,39741,11105,5734,5371
C0116,01,000,00000,JAMMU & KASHMIR,115999,115 Others,6,3,3,1,1,0,5,2,3
C0116,01,000,00000,JAMMU & KASHMIR,116000,116 TRIPURI ,190,186,4,77,76,1,113,110,3
C0116,01,000,00000,JAMMU & KASHMIR,116007, Kokbarak,68,65,3,31,30,1,37,35,2
C0116,01,000,00000,JAMMU & KASHMIR,116011, Reang,1,1,0,0,0,0,1,1,0
C0116,01,000,00000,JAMMU & KASHMIR,116014, Tripuri,121,120,1,46,46,0,75,74,1
C0116,01,000,00000,JAMMU & KASHMIR,117000,117 TULU ,218,131,87,203,120,83,15,11,4
C0116,01,000,00000,JAMMU & KASHMIR,117009, Tulu,208,123,85,202,119,83,6,4,2
C0116,01,000,00000,JAMMU & KASHMIR,117999,117 Others ,10,8,2,1,1,0,9,7,2
C0116,01,000,00000,JAMMU & KASHMIR,118000,118 VAIPHEI ,12,10,2,7,7,0,5,3,2
C0116,01,000,00000,JAMMU & KASHMIR,118002, Vaiphei,12,10,2,7,7,0,5,3,2
C0116,01,000,00000,JAMMU & KASHMIR,119000,119 WANCHO,3,3,0,1,1,0,2,2,0
C0116,01,000,00000,JAMMU & KASHMIR,119001, Wancho,3,3,0,1,1,0,2,2,0
C0116,01,000,00000,JAMMU & KASHMIR,120000,120 YIMCHUNGRE,1,1,0,1,1,0,0,0,0
C0116,01,000,00000,JAMMU & KASHMIR,120001, Chirr,1,1,0,1,1,0,0,0,0
C0116,01,000,00000,JAMMU & KASHMIR,122000,122 ZEMI ,2,1,1,0,0,0,2,1,1
C0116,01,000,00000,JAMMU & KASHMIR,122003, Zemi,2,1,1,0,0,0,2,1,1
C0116,01,000,00000,JAMMU & KASHMIR,123000,123 ZOU ,9,9,0,6,6,0,3,3,0
C0116,01,000,00000,JAMMU & KASHMIR,123001, Zou,9,9,0,6,6,0,3,3,0
C0116,01,000,00000,JAMMU & KASHMIR,124000,124 OTHERS,16642,8877,7765,15094,7955,7139,1548,922,626
C0116,02,000,00000,HIMACHAL PRADESH,001000,1 ASSAMESE,1049,785,264,708,530,178,341,255,86
C0116,02,000,00000,HIMACHAL PRADESH,001002, Assamese,1040,776,264,705,527,178,335,249,86
C0116,02,000,00000,HIMACHAL PRADESH,001999,1 Others,9,9,0,3,3,0,6,6,0
C0116,02,000,00000,HIMACHAL PRADESH,002000,2 BENGALI ,6214,4139,2075,4083,2744,1339,2131,1395,736
C0116,02,000,00000,HIMACHAL PRADESH,002007, Bengali,6142,4097,2045,4011,2702,1309,2131,1395,736
C0116,02,000,00000,HIMACHAL PRADESH,002011, Chakma,2,2,0,2,2,0,0,0,0
C0116,02,000,00000,HIMACHAL PRADESH,002015, Haijong/Hajong,4,1,3,4,1,3,0,0,0
C0116,02,000,00000,HIMACHAL PRADESH,002044, Rajbangsi,8,5,3,8,5,3,0,0,0
C0116,02,000,00000,HIMACHAL PRADESH,002999,2 Others,58,34,24,58,34,24,0,0,0
C0116,02,000,00000,HIMACHAL PRADESH,003000,3 BODO ,150,127,23,37,34,3,113,93,20
C0116,02,000,00000,HIMACHAL PRADESH,003001, Bodo/Boro,103,85,18,37,34,3,66,51,15
C0116,02,000,00000,HIMACHAL PRADESH,003003, Kachari,47,42,5,0,0,0,47,42,5
C0116,02,000,00000,HIMACHAL PRADESH,004000,4 DOGRI ,23609,12177,11432,21853,11060,10793,1756,1117,639
C0116,02,000,00000,HIMACHAL PRADESH,004001, Dogri,23609,12177,11432,21853,11060,10793,1756,1117,639
C0116,02,000,00000,HIMACHAL PRADESH,005000,5 GUJARATI,10012,5123,4889,9208,4673,4535,804,450,354
C0116,02,000,00000,HIMACHAL PRADESH,005018, Gujarati,1176,705,471,410,276,134,766,429,337
C0116,02,000,00000,HIMACHAL PRADESH,005019, Gujrao/Gujrau,355,171,184,355,171,184,0,0,0
C0116,02,000,00000,HIMACHAL PRADESH,005052, Pattani,8439,4215,4224,8414,4205,4209,25,10,15
C0116,02,000,00000,HIMACHAL PRADESH,005999,5 Others,42,32,10,29,21,8,13,11,2
C0116,02,000,00000,HIMACHAL PRADESH,006000,6 HINDI ,5895529,2980690,2914839,5326104,2674487,2651617,569425,306203,263222
C0116,02,000,00000,HIMACHAL PRADESH,006030, Awadhi,522,334,188,290,191,99,232,143,89
C0116,02,000,00000,HIMACHAL PRADESH,006040, Baghati/Baghati Pahari,15066,7736,7330,14829,7617,7212,237,119,118
C0116,02,000,00000,HIMACHAL PRADESH,006042, Bagheli/Baghel Khandi,1731,843,888,1614,771,843,117,72,45
C0116,02,000,00000,HIMACHAL PRADESH,006045, Bagri Rajasthani,1,1,0,1,1,0,0,0,0
C0116,02,000,00000,HIMACHAL PRADESH,006066, Banjari,1,1,0,1,1,0,0,0,0
C0116,02,000,00000,HIMACHAL PRADESH,006086, Bhadrawahi,115,87,28,89,75,14,26,12,14
C0116,02,000,00000,HIMACHAL PRADESH,006096, Bharmauri/Gaddi,153171,76395,76776,149945,74776,75169,3226,1619,1607
C0116,02,000,00000,HIMACHAL PRADESH,006102, Bhojpuri,21973,16364,5609,13590,10037,3553,8383,6327,2056
C0116,02,000,00000,HIMACHAL PRADESH,006123, Brajbhasha,123,82,41,78,54,24,45,28,17
C0116,02,000,00000,HIMACHAL PRADESH,006125, Bundeli/Bundel khandi,121,71,50,67,35,32,54,36,18
C0116,02,000,00000,HIMACHAL PRADESH,006133, Chambeali/Chamrali,124385,61803,62582,107181,52961,54220,17204,8842,8362
C0116,02,000,00000,HIMACHAL PRADESH,006142, Chhattisgarhi,2233,1229,1004,1557,851,706,676,378,298
C0116,02,000,00000,HIMACHAL PRADESH,006149, Churahi,75502,38176,37326,75397,38125,37272,105,51,54
C0116,02,000,00000,HIMACHAL PRADESH,006173, Dhundhari,39,21,18,1,0,1,38,21,17
C0116,02,000,00000,HIMACHAL PRADESH,006195, Garhwali,4229,2584,1645,2073,1323,750,2156,1261,895
C0116,02,000,00000,HIMACHAL PRADESH,006207, Gojri/Gujjari/Gujar,14127,7385,6742,13969,7277,6692,158,108,50
C0116,02,000,00000,HIMACHAL PRADESH,006231, Handuri,33115,17213,15902,31532,16354,15178,1583,859,724
C0116,02,000,00000,HIMACHAL PRADESH,006232, Hara/Harauti,4,2,2,4,2,2,0,0,0
C0116,02,000,00000,HIMACHAL PRADESH,006235, Haryanvi,22606,11491,11115,21128,10648,10480,1478,843,635
C0116,02,000,00000,HIMACHAL PRADESH,006240, Hindi,1076700,572380,504320,786358,414040,372318,290342,158340,132002
C0116,02,000,00000,HIMACHAL PRADESH,006265, Jaunpuri/Jaunsari,180,95,85,161,80,81,19,15,4
C0116,02,000,00000,HIMACHAL PRADESH,006291, Kangri,1115383,546598,568785,1068626,522449,546177,46757,24149,22608
C0116,02,000,00000,HIMACHAL PRADESH,006311, Khari Boli,770,507,263,205,141,64,565,366,199
C0116,02,000,00000,HIMACHAL PRADESH,006320, Khortha/Khotta,873,749,124,830,718,112,43,31,12
C0116,02,000,00000,HIMACHAL PRADESH,006336, Kulvi,196000,99299,96701,185557,94050,91507,10443,5249,5194
C0116,02,000,00000,HIMACHAL PRADESH,006340, Kumauni,1746,1248,498,570,377,193,1176,871,305
C0116,02,000,00000,HIMACHAL PRADESH,006345, Kurmali Thar,5,5,0,1,1,0,4,4,0
C0116,02,000,00000,HIMACHAL PRADESH,006353, Lamani/Lambadi,4699,2414,2285,4667,2403,2264,32,11,21
C0116,02,000,00000,HIMACHAL PRADESH,006376, Magadhi/Magahi,182,128,54,129,99,30,53,29,24
C0116,02,000,00000,HIMACHAL PRADESH,006391, Malvi,6,5,1,5,4,1,1,1,0
C0116,02,000,00000,HIMACHAL PRADESH,006394, Mandeali,621400,306644,314756,569021,279840,289181,52379,26804,25575
C0116,02,000,00000,HIMACHAL PRADESH,006400, Marwari,1334,714,620,859,455,404,475,259,216
C0116,02,000,00000,HIMACHAL PRADESH,006408, Mewari,16,10,6,16,10,6,0,0,0
C0116,02,000,00000,HIMACHAL PRADESH,006420, Nagpuria,666,425,241,579,378,201,87,47,40
C0116,02,000,00000,HIMACHAL PRADESH,006432, Nimadi,18,13,5,12,9,3,6,4,2
C0116,02,000,00000,HIMACHAL PRADESH,006438, Padari,3,2,1,3,2,1,0,0,0
C0116,02,000,00000,HIMACHAL PRADESH,006439, Pahari,2190065,1097622,1092443,2069898,1034821,1035077,120167,62801,57366
C0116,02,000,00000,HIMACHAL PRADESH,006451, Panch Pargania,3,2,1,0,0,0,3,2,1
C0116,02,000,00000,HIMACHAL PRADESH,006454, Pangwali,18640,9328,9312,18152,9074,9078,488,254,234
C0116,02,000,00000,HIMACHAL PRADESH,006489, Rajasthani,6193,3345,2848,4018,2149,1869,2175,1196,979
C0116,02,000,00000,HIMACHAL PRADESH,006503, Sadan/Sadri,2973,1755,1218,2118,1282,836,855,473,382
C0116,02,000,00000,HIMACHAL PRADESH,006530, Sirmauri,107322,55080,52242,105694,54114,51580,1628,966,662
C0116,02,000,00000,HIMACHAL PRADESH,006541, Sugali,1,1,0,1,1,0,0,0,0
C0116,02,000,00000,HIMACHAL PRADESH,006547, Surgujia,1,1,0,1,1,0,0,0,0
C0116,02,000,00000,HIMACHAL PRADESH,006548, Surjapuri,138,128,10,41,34,7,97,94,3
C0116,02,000,00000,HIMACHAL PRADESH,006999,6 Others,81148,40374,40774,75236,36856,38380,5912,3518,2394
C0116,02,000,00000,HIMACHAL PRADESH,007000,7 KANNADA,462,331,131,277,203,74,185,128,57
C0116,02,000,00000,HIMACHAL PRADESH,007016, Kannada,457,328,129,273,201,72,184,127,57
C0116,02,000,00000,HIMACHAL PRADESH,007999,7 Others,5,3,2,4,2,2,1,1,0
C0116,02,000,00000,HIMACHAL PRADESH,008000,8 KASHMIRI ,57050,29937,27113,54378,27908,26470,2672,2029,643
C0116,02,000,00000,HIMACHAL PRADESH,008005, Kashmiri,9827,5998,3829,7884,4339,3545,1943,1659,284
C0116,02,000,00000,HIMACHAL PRADESH,008010, Kishtwari,13,12,1,11,11,0,2,1,1
C0116,02,000,00000,HIMACHAL PRADESH,008018, Siraji,47192,23909,23283,46465,23540,22925,727,369,358
C0116,02,000,00000,HIMACHAL PRADESH,008019, Dardi,3,3,0,3,3,0,0,0,0
C0116,02,000,00000,HIMACHAL PRADESH,008999,8 Others,15,15,0,15,15,0,0,0,0
C0116,02,000,00000,HIMACHAL PRADESH,009000,9 KONKANI,80,45,35,46,25,21,34,20,14
C0116,02,000,00000,HIMACHAL PRADESH,009011, Konkani,37,17,20,12,5,7,25,12,13
C0116,02,000,00000,HIMACHAL PRADESH,009013, Kudubi/Kudumbi,32,18,14,32,18,14,0,0,0
C0116,02,000,00000,HIMACHAL PRADESH,009016, Malwani,9,8,1,0,0,0,9,8,1
C0116,02,000,00000,HIMACHAL PRADESH,009999,9 Others,2,2,0,2,2,0,0,0,0
C0116,02,000,00000,HIMACHAL PRADESH,010000,10 MAITHILI ,4723,3132,1591,3113,2024,1089,1610,1108,502
C0116,02,000,00000,HIMACHAL PRADESH,010008, Maithili,4080,2646,1434,2671,1683,988,1409,963,446
C0116,02,000,00000,HIMACHAL PRADESH,010011, Purbi Maithili,115,66,49,33,18,15,82,48,34
C0116,02,000,00000,HIMACHAL PRADESH,010013, Thati,442,367,75,333,274,59,109,93,16
C0116,02,000,00000,HIMACHAL PRADESH,010014, Tharu,85,52,33,75,48,27,10,4,6
C0116,02,000,00000,HIMACHAL PRADESH,010999,10 Others,1,1,0,1,1,0,0,0,0
C0116,02,000,00000,HIMACHAL PRADESH,011000,11 MALAYALAM,1211,792,419,586,414,172,625,378,247
C0116,02,000,00000,HIMACHAL PRADESH,011016, Malayalam,1204,789,415,580,412,168,624,377,247
C0116,02,000,00000,HIMACHAL PRADESH,011999,11 Others,7,3,4,6,2,4,1,1,0
C0116,02,000,00000,HIMACHAL PRADESH,012000,12 MANIPURI ,188,137,51,96,64,32,92,73,19
C0116,02,000,00000,HIMACHAL PRADESH,012003, Manipuri,187,137,50,95,64,31,92,73,19
C0116,02,000,00000,HIMACHAL PRADESH,012999,12 Others,1,0,1,1,0,1,0,0,0
C0116,02,000,00000,HIMACHAL PRADESH,013000,13 MARATHI ,3438,2188,1250,2210,1480,730,1228,708,520
C0116,02,000,00000,HIMACHAL PRADESH,013004, Are,2,1,1,0,0,0,2,1,1
C0116,02,000,00000,HIMACHAL PRADESH,013060, Koli,20,11,9,20,11,9,0,0,0
C0116,02,000,00000,HIMACHAL PRADESH,013071, Marathi,3353,2148,1205,2130,1443,687,1223,705,518
C0116,02,000,00000,HIMACHAL PRADESH,013999,13 Others,63,28,35,60,26,34,3,2,1
C0116,02,000,00000,HIMACHAL PRADESH,014000,14 NEPALI ,89508,50647,38861,76371,42773,33598,13137,7874,5263
C0116,02,000,00000,HIMACHAL PRADESH,014011, Nepali,89502,50642,38860,76365,42768,33597,13137,7874,5263
C0116,02,000,00000,HIMACHAL PRADESH,014999,14 Others,6,5,1,6,5,1,0,0,0
C0116,02,000,00000,HIMACHAL PRADESH,015000,15 ODIA ,3219,2259,960,1693,1134,559,1526,1125,401
C0116,02,000,00000,HIMACHAL PRADESH,015007, Bhuiya/Bhuyan[Ori],2,1,1,2,1,1,0,0,0
C0116,02,000,00000,HIMACHAL PRADESH,015043, Odia,3201,2249,952,1678,1127,551,1523,1122,401
C0116,02,000,00000,HIMACHAL PRADESH,015058, Sambalpuri,1,1,0,0,0,0,1,1,0
C0116,02,000,00000,HIMACHAL PRADESH,015999,15 Others,15,8,7,13,6,7,2,2,0
C0116,02,000,00000,HIMACHAL PRADESH,016000,16 PUNJABI ,615022,310618,304404,545598,274884,270714,69424,35734,33690
C0116,02,000,00000,HIMACHAL PRADESH,016002, Bagri,88,46,42,56,27,29,32,19,13
C0116,02,000,00000,HIMACHAL PRADESH,016005, Bhateali,15347,7818,7529,15309,7810,7499,38,8,30
C0116,02,000,00000,HIMACHAL PRADESH,016006, Bilaspuri Kahluri,295762,151709,144053,278405,142500,135905,17357,9209,8148
C0116,02,000,00000,HIMACHAL PRADESH,016038, Punjabi,303375,150825,152550,251392,124334,127058,51983,26491,25492
C0116,02,000,00000,HIMACHAL PRADESH,016999,16 Others,450,220,230,436,213,223,14,7,7
C0116,02,000,00000,HIMACHAL PRADESH,017000,17 SANSKRIT ,936,504,432,857,459,398,79,45,34
C0116,02,000,00000,HIMACHAL PRADESH,017002, Sanskrit,936,504,432,857,459,398,79,45,34
C0116,02,000,00000,HIMACHAL PRADESH,018000,18 SANTALI ,847,544,303,810,515,295,37,29,8
C0116,02,000,00000,HIMACHAL PRADESH,018011, Mahili,482,237,245,477,234,243,5,3,2
C0116,02,000,00000,HIMACHAL PRADESH,018040, Santali,356,301,55,329,277,52,27,24,3
C0116,02,000,00000,HIMACHAL PRADESH,018999,18 Others,9,6,3,4,4,0,5,2,3
C0116,02,000,00000,HIMACHAL PRADESH,019000,19 SINDHI,62,34,28,42,22,20,20,12,8
C0116,02,000,00000,HIMACHAL PRADESH,019002, Bhatia,1,1,0,1,1,0,0,0,0
C0116,02,000,00000,HIMACHAL PRADESH,019008, Kachchhi,2,2,0,0,0,0,2,2,0
C0116,02,000,00000,HIMACHAL PRADESH,019014, Sindhi,37,19,18,19,9,10,18,10,8
C0116,02,000,00000,HIMACHAL PRADESH,019999,19 Others,22,12,10,22,12,10,0,0,0
C0116,02,000,00000,HIMACHAL PRADESH,020000,20 TAMIL ,1038,763,275,586,456,130,452,307,145
C0116,02,000,00000,HIMACHAL PRADESH,020015, Korava,1,0,1,1,0,1,0,0,0
C0116,02,000,00000,HIMACHAL PRADESH,020027, Tamil,1037,763,274,585,456,129,452,307,145
C0116,02,000,00000,HIMACHAL PRADESH,021000,21 TELUGU ,1383,914,469,814,563,251,569,351,218
C0116,02,000,00000,HIMACHAL PRADESH,021046, Telugu,1362,896,466,810,561,249,552,335,217
C0116,02,000,00000,HIMACHAL PRADESH,021999,21 Others,21,18,3,4,2,2,17,16,1
C0116,02,000,00000,HIMACHAL PRADESH,022000,22 URDU,5320,3200,2120,3745,2136,1609,1575,1064,511
C0116,02,000,00000,HIMACHAL PRADESH,022015, Urdu,5190,3117,2073,3645,2076,1569,1545,1041,504
C0116,02,000,00000,HIMACHAL PRADESH,022999,22 Others,130,83,47,100,60,40,30,23,7
C0116,02,000,00000,HIMACHAL PRADESH,023000,23 ADI ,107,54,53,55,28,27,52,26,26
C0116,02,000,00000,HIMACHAL PRADESH,023003, Adi,13,9,4,8,7,1,5,2,3
C0116,02,000,00000,HIMACHAL PRADESH,023006, Adi Gallong/Gallong,69,33,36,39,18,21,30,15,15
C0116,02,000,00000,HIMACHAL PRADESH,023999,23 Others,25,12,13,8,3,5,17,9,8
C0116,02,000,00000,HIMACHAL PRADESH,024000,24 AFGHANI/KABULI/PASHTO ,176,90,86,6,4,2,170,86,84
C0116,02,000,00000,HIMACHAL PRADESH,024001, Afghani/Kabuli/Pashto,176,90,86,6,4,2,170,86,84
C0116,02,000,00000,HIMACHAL PRADESH,025000,25 ANAL ,17,10,7,3,0,3,14,10,4
C0116,02,000,00000,HIMACHAL PRADESH,025001, Anal,17,10,7,3,0,3,14,10,4
C0116,02,000,00000,HIMACHAL PRADESH,026000,26 ANGAMI ,12,12,0,8,8,0,4,4,0
C0116,02,000,00000,HIMACHAL PRADESH,026002, Angami,3,3,0,0,0,0,3,3,0
C0116,02,000,00000,HIMACHAL PRADESH,026999,26 Others,9,9,0,8,8,0,1,1,0
C0116,02,000,00000,HIMACHAL PRADESH,027000,27 AO ,28,28,0,0,0,0,28,28,0
C0116,02,000,00000,HIMACHAL PRADESH,027001, Ao,28,28,0,0,0,0,28,28,0
C0116,02,000,00000,HIMACHAL PRADESH,028000,28 ARABIC/ARBI ,307,168,139,278,157,121,29,11,18
C0116,02,000,00000,HIMACHAL PRADESH,028001, Arabic/Arbi,307,168,139,278,157,121,29,11,18
C0116,02,000,00000,HIMACHAL PRADESH,029000,29 BALTI ,21,18,3,17,14,3,4,4,0
C0116,02,000,00000,HIMACHAL PRADESH,029002, Balti,21,18,3,17,14,3,4,4,0
C0116,02,000,00000,HIMACHAL PRADESH,030000,30 BHILI/BHILODI ,106,60,46,86,53,33,20,7,13
C0116,02,000,00000,HIMACHAL PRADESH,030002, Baori,26,11,15,17,10,7,9,1,8
C0116,02,000,00000,HIMACHAL PRADESH,030011, Chodhari,6,5,1,6,5,1,0,0,0
C0116,02,000,00000,HIMACHAL PRADESH,030015, Dhodia,3,2,1,1,0,1,2,2,0
C0116,02,000,00000,HIMACHAL PRADESH,030035, Kokna/Kokni/Kukna,20,12,8,11,8,3,9,4,5
C0116,02,000,00000,HIMACHAL PRADESH,030070, Rathi,6,5,1,6,5,1,0,0,0
C0116,02,000,00000,HIMACHAL PRADESH,030075, Varli,2,2,0,2,2,0,0,0,0
C0116,02,000,00000,HIMACHAL PRADESH,030999,30 Others,43,23,20,43,23,20,0,0,0
C0116,02,000,00000,HIMACHAL PRADESH,031000,31 BHOTIA ,2012,1131,881,1718,969,749,294,162,132
C0116,02,000,00000,HIMACHAL PRADESH,031001, Bhotia,1625,922,703,1469,832,637,156,90,66
C0116,02,000,00000,HIMACHAL PRADESH,031999,31 Others,387,209,178,249,137,112,138,72,66
C0116,02,000,00000,HIMACHAL PRADESH,033000,33 BISHNUPURIYA,15,12,3,0,0,0,15,12,3
C0116,02,000,00000,HIMACHAL PRADESH,033999,33 Others,15,12,3,0,0,0,15,12,3
C0116,02,000,00000,HIMACHAL PRADESH,034000,34 CHAKHESANG ,1,1,0,0,0,0,1,1,0
C0116,02,000,00000,HIMACHAL PRADESH,034001, Chakhesang,1,1,0,0,0,0,1,1,0
C0116,02,000,00000,HIMACHAL PRADESH,036000,36 CHANG ,12,7,5,12,7,5,0,0,0
C0116,02,000,00000,HIMACHAL PRADESH,036001, Chang,12,7,5,12,7,5,0,0,0
C0116,02,000,00000,HIMACHAL PRADESH,037000,37 COORGI/KODAGU ,53,35,18,52,35,17,1,0,1
C0116,02,000,00000,HIMACHAL PRADESH,037001, Coorgi/Kodagu,53,35,18,52,35,17,1,0,1
C0116,02,000,00000,HIMACHAL PRADESH,040000,40 ENGLISH ,1043,572,471,727,417,310,316,155,161
C0116,02,000,00000,HIMACHAL PRADESH,040001, English,1043,572,471,727,417,310,316,155,161
C0116,02,000,00000,HIMACHAL PRADESH,042000,42 GANGTE ,2,2,0,0,0,0,2,2,0
C0116,02,000,00000,HIMACHAL PRADESH,042001, Gangte,2,2,0,0,0,0,2,2,0
C0116,02,000,00000,HIMACHAL PRADESH,043000,43 GARO ,21,12,9,9,2,7,12,10,2
C0116,02,000,00000,HIMACHAL PRADESH,043005, Garo,18,12,6,6,2,4,12,10,2
C0116,02,000,00000,HIMACHAL PRADESH,043999,43 Others,3,0,3,3,0,3,0,0,0
C0116,02,000,00000,HIMACHAL PRADESH,044000,44 GONDI,9,9,0,8,8,0,1,1,0
C0116,02,000,00000,HIMACHAL PRADESH,044013, Kalari,3,3,0,3,3,0,0,0,0
C0116,02,000,00000,HIMACHAL PRADESH,044999,44 Others,6,6,0,5,5,0,1,1,0
C0116,02,000,00000,HIMACHAL PRADESH,045000,45 HALABI,1,1,0,1,1,0,0,0,0
C0116,02,000,00000,HIMACHAL PRADESH,045001, Halabi,1,1,0,1,1,0,0,0,0
C0116,02,000,00000,HIMACHAL PRADESH,046000,46 HALAM ,380,211,169,380,211,169,0,0,0
C0116,02,000,00000,HIMACHAL PRADESH,046003, Halam,380,211,169,380,211,169,0,0,0
C0116,02,000,00000,HIMACHAL PRADESH,048000,48 HO,167,85,82,166,85,81,1,0,1
C0116,02,000,00000,HIMACHAL PRADESH,048004, Ho,4,3,1,3,3,0,1,0,1
C0116,02,000,00000,HIMACHAL PRADESH,048007, Lohara,163,82,81,163,82,81,0,0,0
C0116,02,000,00000,HIMACHAL PRADESH,051000,51 KABUI ,5,2,3,1,1,0,4,1,3
C0116,02,000,00000,HIMACHAL PRADESH,051003, Kabui,3,1,2,1,1,0,2,0,2
C0116,02,000,00000,HIMACHAL PRADESH,051005, Rongmei,2,1,1,0,0,0,2,1,1
C0116,02,000,00000,HIMACHAL PRADESH,053000,53 KHANDESHI,3498,1796,1702,3484,1785,1699,14,11,3
C0116,02,000,00000,HIMACHAL PRADESH,053005, Gujari,3498,1796,1702,3484,1785,1699,14,11,3
C0116,02,000,00000,HIMACHAL PRADESH,054000,54 KHARIA ,43,31,12,40,30,10,3,1,2
C0116,02,000,00000,HIMACHAL PRADESH,054005, Kharia,43,31,12,40,30,10,3,1,2
C0116,02,000,00000,HIMACHAL PRADESH,055000,55 KHASI ,15,9,6,3,2,1,12,7,5
C0116,02,000,00000,HIMACHAL PRADESH,055007, Khasi,13,9,4,3,2,1,10,7,3
C0116,02,000,00000,HIMACHAL PRADESH,055012, Pnar/Synteng,2,0,2,0,0,0,2,0,2
C0116,02,000,00000,HIMACHAL PRADESH,056000,56 KHEZHA ,5,2,3,0,0,0,5,2,3
C0116,02,000,00000,HIMACHAL PRADESH,056999,56 Others ,5,2,3,0,0,0,5,2,3
C0116,02,000,00000,HIMACHAL PRADESH,057000,57 KHIEMNUNGAN,1,0,1,1,0,1,0,0,0
C0116,02,000,00000,HIMACHAL PRADESH,057001, Khiemnungan,1,0,1,1,0,1,0,0,0
C0116,02,000,00000,HIMACHAL PRADESH,058000,58 KHOND/KONDH ,1,1,0,1,1,0,0,0,0
C0116,02,000,00000,HIMACHAL PRADESH,058001, Khond/Kondh,1,1,0,1,1,0,0,0,0
C0116,02,000,00000,HIMACHAL PRADESH,059000,59 KINNAURI ,82712,40295,42417,79773,38802,40971,2939,1493,1446
C0116,02,000,00000,HIMACHAL PRADESH,059003, Kinnauri,82662,40263,42399,79750,38785,40965,2912,1478,1434
C0116,02,000,00000,HIMACHAL PRADESH,059999,59 Others,50,32,18,23,17,6,27,15,12
C0116,02,000,00000,HIMACHAL PRADESH,060000,60 KISAN ,32,20,12,32,20,12,0,0,0
C0116,02,000,00000,HIMACHAL PRADESH,060002, Kisan,32,20,12,32,20,12,0,0,0
C0116,02,000,00000,HIMACHAL PRADESH,061000,61 KOCH ,1,0,1,1,0,1,0,0,0
C0116,02,000,00000,HIMACHAL PRADESH,061002, Koch,1,0,1,1,0,1,0,0,0
C0116,02,000,00000,HIMACHAL PRADESH,062000,62 KODA/KORA ,1,1,0,1,1,0,0,0,0
C0116,02,000,00000,HIMACHAL PRADESH,062003, Koda/Kora,1,1,0,1,1,0,0,0,0
C0116,02,000,00000,HIMACHAL PRADESH,064000,64 KOM,2,2,0,1,1,0,1,1,0
C0116,02,000,00000,HIMACHAL PRADESH,064001, Kom,2,2,0,1,1,0,1,1,0
C0116,02,000,00000,HIMACHAL PRADESH,065000,65 KONDA,19,9,10,18,8,10,1,1,0
C0116,02,000,00000,HIMACHAL PRADESH,065002, Kodu,1,1,0,0,0,0,1,1,0
C0116,02,000,00000,HIMACHAL PRADESH,065999,65 Others ,18,8,10,18,8,10,0,0,0
C0116,02,000,00000,HIMACHAL PRADESH,066000,66 KONYAK ,3,2,1,0,0,0,3,2,1
C0116,02,000,00000,HIMACHAL PRADESH,066001, Konyak,3,2,1,0,0,0,3,2,1
C0116,02,000,00000,HIMACHAL PRADESH,067000,67 KORKU ,115,75,40,9,4,5,106,71,35
C0116,02,000,00000,HIMACHAL PRADESH,067004, Muwasi,115,75,40,9,4,5,106,71,35
C0116,02,000,00000,HIMACHAL PRADESH,068000,68 KORWA ,23,16,7,15,12,3,8,4,4
C0116,02,000,00000,HIMACHAL PRADESH,068999,68 Others ,23,16,7,15,12,3,8,4,4
C0116,02,000,00000,HIMACHAL PRADESH,071000,71 KUKI,73,59,14,1,1,0,72,58,14
C0116,02,000,00000,HIMACHAL PRADESH,071008, Kuki,69,58,11,1,1,0,68,57,11
C0116,02,000,00000,HIMACHAL PRADESH,071999,71 Others ,4,1,3,0,0,0,4,1,3
C0116,02,000,00000,HIMACHAL PRADESH,072000,72 KURUKH/ORAON ,2277,1275,1002,1828,1026,802,449,249,200
C0116,02,000,00000,HIMACHAL PRADESH,072024, Kurukh/Oraon,2269,1269,1000,1824,1023,801,445,246,199
C0116,02,000,00000,HIMACHAL PRADESH,072999,72 Others ,8,6,2,4,3,1,4,3,1
C0116,02,000,00000,HIMACHAL PRADESH,073000,73 LADAKHI ,1196,618,578,1087,572,515,109,46,63
C0116,02,000,00000,HIMACHAL PRADESH,073003, Ladakhi,1196,618,578,1087,572,515,109,46,63
C0116,02,000,00000,HIMACHAL PRADESH,074000,74 LAHAULI ,11073,5491,5582,7891,3931,3960,3182,1560,1622
C0116,02,000,00000,HIMACHAL PRADESH,074002, Lahauli,11072,5490,5582,7891,3931,3960,3181,1559,1622
C0116,02,000,00000,HIMACHAL PRADESH,074999,74 Others ,1,1,0,0,0,0,1,1,0
C0116,02,000,00000,HIMACHAL PRADESH,075000,75 LAHNDA ,109,48,61,42,18,24,67,30,37
C0116,02,000,00000,HIMACHAL PRADESH,075001, Bahawal Puri,3,2,1,3,2,1,0,0,0
C0116,02,000,00000,HIMACHAL PRADESH,075006, Hindi Multani,15,8,7,0,0,0,15,8,7
C0116,02,000,00000,HIMACHAL PRADESH,075999,75 Others ,91,38,53,39,16,23,52,22,30
C0116,02,000,00000,HIMACHAL PRADESH,076000,76 LAKHER,10,9,1,1,0,1,9,9,0
C0116,02,000,00000,HIMACHAL PRADESH,076002, Mara,10,9,1,1,0,1,9,9,0
C0116,02,000,00000,HIMACHAL PRADESH,078000,78 LEPCHA ,2,2,0,1,1,0,1,1,0
C0116,02,000,00000,HIMACHAL PRADESH,078001, Lepcha,2,2,0,1,1,0,1,1,0
C0116,02,000,00000,HIMACHAL PRADESH,080000,80 LIMBU ,7,4,3,7,4,3,0,0,0
C0116,02,000,00000,HIMACHAL PRADESH,080002, Limbu,7,4,3,7,4,3,0,0,0
C0116,02,000,00000,HIMACHAL PRADESH,081000,81 LOTHA ,16,13,3,4,2,2,12,11,1
C0116,02,000,00000,HIMACHAL PRADESH,081001, Lotha,16,13,3,4,2,2,12,11,1
C0116,02,000,00000,HIMACHAL PRADESH,082000,82 LUSHAI/MIZO ,197,144,53,31,10,21,166,134,32
C0116,02,000,00000,HIMACHAL PRADESH,082005, Lushai/Mizo,197,144,53,31,10,21,166,134,32
C0116,02,000,00000,HIMACHAL PRADESH,084000,84 MAO,15,15,0,4,4,0,11,11,0
C0116,02,000,00000,HIMACHAL PRADESH,084001, Mao,15,15,0,4,4,0,11,11,0
C0116,02,000,00000,HIMACHAL PRADESH,087000,87 MIRI/MISHING,3,3,0,1,1,0,2,2,0
C0116,02,000,00000,HIMACHAL PRADESH,087003, Miri/Mishing,3,3,0,1,1,0,2,2,0
C0116,02,000,00000,HIMACHAL PRADESH,089000,89 MOGH ,8,4,4,4,2,2,4,2,2
C0116,02,000,00000,HIMACHAL PRADESH,089004, Mogh,8,4,4,4,2,2,4,2,2
C0116,02,000,00000,HIMACHAL PRADESH,090000,90 MONPA ,94,87,7,91,84,7,3,3,0
C0116,02,000,00000,HIMACHAL PRADESH,090003, Monpa,94,87,7,91,84,7,3,3,0
C0116,02,000,00000,HIMACHAL PRADESH,091000,91 MUNDA,505,322,183,448,286,162,57,36,21
C0116,02,000,00000,HIMACHAL PRADESH,091009, Munda,403,258,145,362,236,126,41,22,19
C0116,02,000,00000,HIMACHAL PRADESH,091999,91 Others ,102,64,38,86,50,36,16,14,2
C0116,02,000,00000,HIMACHAL PRADESH,092000,92 MUNDARI ,684,451,233,631,420,211,53,31,22
C0116,02,000,00000,HIMACHAL PRADESH,092005, Mundari,684,451,233,631,420,211,53,31,22
C0116,02,000,00000,HIMACHAL PRADESH,094000,94 NISSI/DAFLA ,16,11,5,11,7,4,5,4,1
C0116,02,000,00000,HIMACHAL PRADESH,094001, Apatani,4,3,1,4,3,1,0,0,0
C0116,02,000,00000,HIMACHAL PRADESH,094007, Nissi/Dafla,2,2,0,2,2,0,0,0,0
C0116,02,000,00000,HIMACHAL PRADESH,094999,94 Others ,10,6,4,5,2,3,5,4,1
C0116,02,000,00000,HIMACHAL PRADESH,096000,96 PAITE,18,11,7,17,10,7,1,1,0
C0116,02,000,00000,HIMACHAL PRADESH,096002, Paite,2,2,0,1,1,0,1,1,0
C0116,02,000,00000,HIMACHAL PRADESH,096999,96 Others ,16,9,7,16,9,7,0,0,0
C0116,02,000,00000,HIMACHAL PRADESH,097000,97 PARJI ,3,3,0,3,3,0,0,0,0
C0116,02,000,00000,HIMACHAL PRADESH,097999,97 Others ,3,3,0,3,3,0,0,0,0
C0116,02,000,00000,HIMACHAL PRADESH,103000,103 RAI ,8,7,1,8,7,1,0,0,0
C0116,02,000,00000,HIMACHAL PRADESH,103003, Rai,8,7,1,8,7,1,0,0,0
C0116,02,000,00000,HIMACHAL PRADESH,104000,104 RENGMA ,2,2,0,0,0,0,2,2,0
C0116,02,000,00000,HIMACHAL PRADESH,104001, Rengma,2,2,0,0,0,0,2,2,0
C0116,02,000,00000,HIMACHAL PRADESH,106000,106 SAVARA,1,1,0,1,1,0,0,0,0
C0116,02,000,00000,HIMACHAL PRADESH,106004, Savara,1,1,0,1,1,0,0,0,0
C0116,02,000,00000,HIMACHAL PRADESH,107000,107 SEMA,4,3,1,1,0,1,3,3,0
C0116,02,000,00000,HIMACHAL PRADESH,107002, Sema,4,3,1,1,0,1,3,3,0
C0116,02,000,00000,HIMACHAL PRADESH,108000,108 SHERPA ,565,305,260,544,294,250,21,11,10
C0116,02,000,00000,HIMACHAL PRADESH,108001, Sherpa,565,305,260,544,294,250,21,11,10
C0116,02,000,00000,HIMACHAL PRADESH,109000,109 SHINA,48,48,0,17,17,0,31,31,0
C0116,02,000,00000,HIMACHAL PRADESH,109005, Shina,47,47,0,16,16,0,31,31,0
C0116,02,000,00000,HIMACHAL PRADESH,109999,109 Others ,1,1,0,1,1,0,0,0,0
C0116,02,000,00000,HIMACHAL PRADESH,111000,111 TAMANG ,584,326,258,579,324,255,5,2,3
C0116,02,000,00000,HIMACHAL PRADESH,111001, Tamang,584,326,258,579,324,255,5,2,3
C0116,02,000,00000,HIMACHAL PRADESH,112000,112 TANGKHUL ,21,8,13,17,6,11,4,2,2
C0116,02,000,00000,HIMACHAL PRADESH,112008, Tangkhul,21,8,13,17,6,11,4,2,2
C0116,02,000,00000,HIMACHAL PRADESH,114000,114 THADO ,3,2,1,2,1,1,1,1,0
C0116,02,000,00000,HIMACHAL PRADESH,114015, Thado,3,2,1,2,1,1,1,1,0
C0116,02,000,00000,HIMACHAL PRADESH,115000,115 TIBETAN ,21322,11404,9918,9772,5193,4579,11550,6211,5339
C0116,02,000,00000,HIMACHAL PRADESH,115008, Tibetan,20968,11203,9765,9448,5011,4437,11520,6192,5328
C0116,02,000,00000,HIMACHAL PRADESH,115011, Purkhi,6,6,0,0,0,0,6,6,0
C0116,02,000,00000,HIMACHAL PRADESH,115999,115 Others,348,195,153,324,182,142,24,13,11
C0116,02,000,00000,HIMACHAL PRADESH,116000,116 TRIPURI ,18,16,2,8,7,1,10,9,1
C0116,02,000,00000,HIMACHAL PRADESH,116007, Kokbarak,5,4,1,2,2,0,3,2,1
C0116,02,000,00000,HIMACHAL PRADESH,116014, Tripuri,11,10,1,6,5,1,5,5,0
C0116,02,000,00000,HIMACHAL PRADESH,116999,116 Others ,2,2,0,0,0,0,2,2,0
C0116,02,000,00000,HIMACHAL PRADESH,117000,117 TULU ,22,11,11,8,6,2,14,5,9
C0116,02,000,00000,HIMACHAL PRADESH,117009, Tulu,11,6,5,1,1,0,10,5,5
C0116,02,000,00000,HIMACHAL PRADESH,117999,117 Others ,11,5,6,7,5,2,4,0,4
C0116,02,000,00000,HIMACHAL PRADESH,121000,121 ZELIANG ,1,1,0,1,1,0,0,0,0
C0116,02,000,00000,HIMACHAL PRADESH,121001, Zeliang,1,1,0,1,1,0,0,0,0
C0116,02,000,00000,HIMACHAL PRADESH,123000,123 ZOU ,4,4,0,0,0,0,4,4,0
C0116,02,000,00000,HIMACHAL PRADESH,123001, Zou,4,4,0,0,0,0,4,4,0
C0116,02,000,00000,HIMACHAL PRADESH,124000,124 OTHERS,13677,7300,6377,12868,6852,6016,809,448,361
C0116,03,000,00000,PUNJAB,001000,1 ASSAMESE,4090,2885,1205,596,388,208,3494,2497,997
C0116,03,000,00000,PUNJAB,001002, Assamese,3945,2755,1190,589,381,208,3356,2374,982
C0116,03,000,00000,PUNJAB,001999,1 Others,145,130,15,7,7,0,138,123,15
C0116,03,000,00000,PUNJAB,002000,2 BENGALI ,27030,16543,10487,5510,3585,1925,21520,12958,8562
C0116,03,000,00000,PUNJAB,002007, Bengali,26994,16519,10475,5489,3573,1916,21505,12946,8559
C0116,03,000,00000,PUNJAB,002011, Chakma,3,1,2,0,0,0,3,1,2
C0116,03,000,00000,PUNJAB,002015, Haijong/Hajong,5,5,0,1,1,0,4,4,0
C0116,03,000,00000,PUNJAB,002044, Rajbangsi,7,6,1,0,0,0,7,6,1
C0116,03,000,00000,PUNJAB,002999,2 Others,21,12,9,20,11,9,1,1,0
C0116,03,000,00000,PUNJAB,003000,3 BODO ,243,190,53,30,27,3,213,163,50
C0116,03,000,00000,PUNJAB,003001, Bodo/Boro,227,174,53,30,27,3,197,147,50
C0116,03,000,00000,PUNJAB,003003, Kachari,16,16,0,0,0,0,16,16,0
C0116,03,000,00000,PUNJAB,004000,4 DOGRI ,18155,9113,9042,6668,1855,4813,11487,7258,4229
C0116,03,000,00000,PUNJAB,004001, Dogri,18155,9113,9042,6668,1855,4813,11487,7258,4229
C0116,03,000,00000,PUNJAB,005000,5 GUJARATI,13531,7456,6075,2954,1545,1409,10577,5911,4666
C0116,03,000,00000,PUNJAB,005018, Gujarati,10911,6108,4803,674,387,287,10237,5721,4516
C0116,03,000,00000,PUNJAB,005052, Pattani,1,1,0,1,1,0,0,0,0
C0116,03,000,00000,PUNJAB,005054, Ponchi,2,0,2,2,0,2,0,0,0
C0116,03,000,00000,PUNJAB,005057, Saurashtra/Saurashtri,3,2,1,0,0,0,3,2,1
C0116,03,000,00000,PUNJAB,005999,5 Others,2614,1345,1269,2277,1157,1120,337,188,149
C0116,03,000,00000,PUNJAB,006000,6 HINDI ,2594831,1446194,1148637,759095,409852,349243,1835736,1036342,799394
C0116,03,000,00000,PUNJAB,006030, Awadhi,1132,655,477,329,181,148,803,474,329
C0116,03,000,00000,PUNJAB,006040, Baghati/Baghati Pahari,42,22,20,0,0,0,42,22,20
C0116,03,000,00000,PUNJAB,006042, Bagheli/Baghel Khandi,53,23,30,3,1,2,50,22,28
C0116,03,000,00000,PUNJAB,006045, Bagri Rajasthani,233555,123152,110403,206244,108794,97450,27311,14358,12953
C0116,03,000,00000,PUNJAB,006066, Banjari,2,2,0,0,0,0,2,2,0
C0116,03,000,00000,PUNJAB,006086, Bhadrawahi,132,85,47,48,32,16,84,53,31
C0116,03,000,00000,PUNJAB,006096, Bharmauri/Gaddi,61,38,23,10,5,5,51,33,18
C0116,03,000,00000,PUNJAB,006102, Bhojpuri,60271,38036,22235,12278,8171,4107,47993,29865,18128
C0116,03,000,00000,PUNJAB,006123, Brajbhasha,375,238,137,137,103,34,238,135,103
C0116,03,000,00000,PUNJAB,006125, Bundeli/Bundel khandi,376,222,154,58,30,28,318,192,126
C0116,03,000,00000,PUNJAB,006133, Chambeali/Chamrali,19,10,9,8,6,2,11,4,7
C0116,03,000,00000,PUNJAB,006142, Chhattisgarhi,1975,1068,907,1413,745,668,562,323,239
C0116,03,000,00000,PUNJAB,006149, Churahi,2,1,1,1,1,0,1,0,1
C0116,03,000,00000,PUNJAB,006173, Dhundhari,1,1,0,0,0,0,1,1,0
C0116,03,000,00000,PUNJAB,006195, Garhwali,7338,4288,3050,487,289,198,6851,3999,2852
C0116,03,000,00000,PUNJAB,006198, Gawari,511,284,227,8,8,0,503,276,227
C0116,03,000,00000,PUNJAB,006207, Gojri/Gujjari/Gujar,7024,3660,3364,6305,3223,3082,719,437,282
C0116,03,000,00000,PUNJAB,006235, Haryanvi,36675,17407,19268,25730,11730,14000,10945,5677,5268
C0116,03,000,00000,PUNJAB,006240, Hindi,2179066,1220625,958441,485701,265901,219800,1693365,954724,738641
C0116,03,000,00000,PUNJAB,006265, Jaunpuri/Jaunsari,6,5,1,4,3,1,2,2,0
C0116,03,000,00000,PUNJAB,006291, Kangri,156,73,83,61,24,37,95,49,46
C0116,03,000,00000,PUNJAB,006311, Khari Boli,159,99,60,18,11,7,141,88,53
C0116,03,000,00000,PUNJAB,006320, Khortha/Khotta,36,29,7,15,14,1,21,15,6
C0116,03,000,00000,PUNJAB,006336, Kulvi,8,7,1,4,3,1,4,4,0
C0116,03,000,00000,PUNJAB,006340, Kumauni,1362,796,566,168,102,66,1194,694,500
C0116,03,000,00000,PUNJAB,006353, Lamani/Lambadi,5,4,1,0,0,0,5,4,1
C0116,03,000,00000,PUNJAB,006376, Magadhi/Magahi,1026,670,356,50,28,22,976,642,334
C0116,03,000,00000,PUNJAB,006391, Malvi,136,68,68,100,46,54,36,22,14
C0116,03,000,00000,PUNJAB,006394, Mandeali,78,43,35,15,8,7,63,35,28
C0116,03,000,00000,PUNJAB,006400, Marwari,3859,2083,1776,1011,545,466,2848,1538,1310
C0116,03,000,00000,PUNJAB,006408, Mewari,10,5,5,5,2,3,5,3,2
C0116,03,000,00000,PUNJAB,006409, Mewati,26,15,11,7,4,3,19,11,8
C0116,03,000,00000,PUNJAB,006420, Nagpuria,90,57,33,49,35,14,41,22,19
C0116,03,000,00000,PUNJAB,006438, Padari,1,0,1,0,0,0,1,0,1
C0116,03,000,00000,PUNJAB,006439, Pahari,13138,6745,6393,4834,2113,2721,8304,4632,3672
C0116,03,000,00000,PUNJAB,006489, Rajasthani,31084,16608,14476,8887,4693,4194,22197,11915,10282
C0116,03,000,00000,PUNJAB,006503, Sadan/Sadri,648,371,277,505,275,230,143,96,47
C0116,03,000,00000,PUNJAB,006530, Sirmauri,12,6,6,6,3,3,6,3,3
C0116,03,000,00000,PUNJAB,006548, Surjapuri,185,161,24,29,25,4,156,136,20
C0116,03,000,00000,PUNJAB,006999,6 Others,14196,8532,5664,4567,2698,1869,9629,5834,3795
C0116,03,000,00000,PUNJAB,007000,7 KANNADA,3899,2902,997,600,484,116,3299,2418,881
C0116,03,000,00000,PUNJAB,007016, Kannada,3850,2870,980,584,476,108,3266,2394,872
C0116,03,000,00000,PUNJAB,007041, Prakritha/Prakritha Bhasha,19,10,9,6,4,2,13,6,7
C0116,03,000,00000,PUNJAB,007999,7 Others,30,22,8,10,4,6,20,18,2
C0116,03,000,00000,PUNJAB,008000,8 KASHMIRI ,2913,1867,1046,593,383,210,2320,1484,836
C0116,03,000,00000,PUNJAB,008005, Kashmiri,2664,1744,920,548,364,184,2116,1380,736
C0116,03,000,00000,PUNJAB,008010, Kishtwari,3,2,1,0,0,0,3,2,1
C0116,03,000,00000,PUNJAB,008019, Dardi,130,61,69,45,19,26,85,42,43
C0116,03,000,00000,PUNJAB,008999,8 Others,116,60,56,0,0,0,116,60,56
C0116,03,000,00000,PUNJAB,009000,9 KONKANI,165,75,90,32,20,12,133,55,78
C0116,03,000,00000,PUNJAB,009011, Konkani,70,33,37,10,7,3,60,26,34
C0116,03,000,00000,PUNJAB,009013, Kudubi/Kudumbi,1,1,0,0,0,0,1,1,0
C0116,03,000,00000,PUNJAB,009016, Malwani,86,35,51,17,9,8,69,26,43
C0116,03,000,00000,PUNJAB,009028, Gorboli/Goru/Gorwani,1,1,0,1,1,0,0,0,0
C0116,03,000,00000,PUNJAB,009999,9 Others,7,5,2,4,3,1,3,2,1
C0116,03,000,00000,PUNJAB,010000,10 MAITHILI ,9054,5569,3485,2546,1641,905,6508,3928,2580
C0116,03,000,00000,PUNJAB,010008, Maithili,7459,4523,2936,1758,1093,665,5701,3430,2271
C0116,03,000,00000,PUNJAB,010011, Purbi Maithili,416,229,187,265,144,121,151,85,66
C0116,03,000,00000,PUNJAB,010013, Thati,1160,807,353,509,397,112,651,410,241
C0116,03,000,00000,PUNJAB,010014, Tharu,19,10,9,14,7,7,5,3,2
C0116,03,000,00000,PUNJAB,011000,11 MALAYALAM,9734,6099,3635,944,597,347,8790,5502,3288
C0116,03,000,00000,PUNJAB,011016, Malayalam,9731,6098,3633,944,597,347,8787,5501,3286
C0116,03,000,00000,PUNJAB,011999,11 Others,3,1,2,0,0,0,3,1,2
C0116,03,000,00000,PUNJAB,012000,12 MANIPURI ,901,624,277,70,49,21,831,575,256
C0116,03,000,00000,PUNJAB,012003, Manipuri,898,622,276,70,49,21,828,573,255
C0116,03,000,00000,PUNJAB,012999,12 Others,3,2,1,0,0,0,3,2,1
C0116,03,000,00000,PUNJAB,013000,13 MARATHI ,20392,13003,7389,1674,995,679,18718,12008,6710
C0116,03,000,00000,PUNJAB,013060, Koli,1,1,0,1,1,0,0,0,0
C0116,03,000,00000,PUNJAB,013071, Marathi,20260,12934,7326,1563,937,626,18697,11997,6700
C0116,03,000,00000,PUNJAB,013999,13 Others,131,68,63,110,57,53,21,11,10
C0116,03,000,00000,PUNJAB,014000,14 NEPALI ,22061,13296,8765,4688,3065,1623,17373,10231,7142
C0116,03,000,00000,PUNJAB,014011, Nepali,22028,13280,8748,4663,3053,1610,17365,10227,7138
C0116,03,000,00000,PUNJAB,014999,14 Others,33,16,17,25,12,13,8,4,4
C0116,03,000,00000,PUNJAB,015000,15 ODIA ,9969,6224,3745,1661,1055,606,8308,5169,3139
C0116,03,000,00000,PUNJAB,015007, Bhuiya/Bhuyan[Ori],8,7,1,0,0,0,8,7,1
C0116,03,000,00000,PUNJAB,015014, Desia,1,0,1,0,0,0,1,0,1
C0116,03,000,00000,PUNJAB,015043, Odia,9949,6210,3739,1660,1055,605,8289,5155,3134
C0116,03,000,00000,PUNJAB,015999,15 Others,11,7,4,1,0,1,10,7,3
C0116,03,000,00000,PUNJAB,016000,16 PUNJABI ,24917885,13056758,11861127,16534663,8656040,7878623,8383222,4400718,3982504
C0116,03,000,00000,PUNJAB,016005, Bhateali,2,1,1,1,1,0,1,0,1
C0116,03,000,00000,PUNJAB,016038, Punjabi,24917725,13056663,11861062,16534632,8656019,7878613,8383093,4400644,3982449
C0116,03,000,00000,PUNJAB,016999,16 Others,158,94,64,30,20,10,128,74,54
C0116,03,000,00000,PUNJAB,017000,17 SANSKRIT ,210,115,95,107,55,52,103,60,43
C0116,03,000,00000,PUNJAB,017002, Sanskrit,210,115,95,107,55,52,103,60,43
C0116,03,000,00000,PUNJAB,018000,18 SANTALI ,233,138,95,66,50,16,167,88,79
C0116,03,000,00000,PUNJAB,018040, Santali,230,136,94,65,49,16,165,87,78
C0116,03,000,00000,PUNJAB,018999,18 Others,3,2,1,1,1,0,2,1,1
C0116,03,000,00000,PUNJAB,019000,19 SINDHI,754,377,377,90,41,49,664,336,328
C0116,03,000,00000,PUNJAB,019002, Bhatia,2,1,1,2,1,1,0,0,0
C0116,03,000,00000,PUNJAB,019008, Kachchhi,4,2,2,0,0,0,4,2,2
C0116,03,000,00000,PUNJAB,019014, Sindhi,745,372,373,88,40,48,657,332,325
C0116,03,000,00000,PUNJAB,019999,19 Others,3,2,1,0,0,0,3,2,1
C0116,03,000,00000,PUNJAB,020000,20 TAMIL ,10389,7219,3170,1333,910,423,9056,6309,2747
C0116,03,000,00000,PUNJAB,020027, Tamil,10388,7218,3170,1333,910,423,9055,6308,2747
C0116,03,000,00000,PUNJAB,020999,20 Others,1,1,0,0,0,0,1,1,0
C0116,03,000,00000,PUNJAB,021000,21 TELUGU ,9523,6326,3197,961,600,361,8562,5726,2836
C0116,03,000,00000,PUNJAB,021046, Telugu,9436,6276,3160,915,578,337,8521,5698,2823
C0116,03,000,00000,PUNJAB,021999,21 Others,87,50,37,46,22,24,41,28,13
C0116,03,000,00000,PUNJAB,022000,22 URDU,27387,15348,12039,10715,5706,5009,16672,9642,7030
C0116,03,000,00000,PUNJAB,022015, Urdu,27235,15248,11987,10702,5699,5003,16533,9549,6984
C0116,03,000,00000,PUNJAB,022999,22 Others,152,100,52,13,7,6,139,93,46
C0116,03,000,00000,PUNJAB,023000,23 ADI ,30,20,10,2,1,1,28,19,9
C0116,03,000,00000,PUNJAB,023003, Adi,21,14,7,0,0,0,21,14,7
C0116,03,000,00000,PUNJAB,023006, Adi Gallong/Gallong,2,2,0,0,0,0,2,2,0
C0116,03,000,00000,PUNJAB,023040, Talgalo,4,2,2,0,0,0,4,2,2
C0116,03,000,00000,PUNJAB,023999,23 Others,3,2,1,2,1,1,1,1,0
C0116,03,000,00000,PUNJAB,024000,24 AFGHANI/KABULI/PASHTO ,160,101,59,117,76,41,43,25,18
C0116,03,000,00000,PUNJAB,024001, Afghani/Kabuli/Pashto,160,101,59,117,76,41,43,25,18
C0116,03,000,00000,PUNJAB,025000,25 ANAL ,18,11,7,0,0,0,18,11,7
C0116,03,000,00000,PUNJAB,025001, Anal,18,11,7,0,0,0,18,11,7
C0116,03,000,00000,PUNJAB,026000,26 ANGAMI ,5,4,1,0,0,0,5,4,1
C0116,03,000,00000,PUNJAB,026002, Angami,5,4,1,0,0,0,5,4,1
C0116,03,000,00000,PUNJAB,027000,27 AO ,11,10,1,0,0,0,11,10,1
C0116,03,000,00000,PUNJAB,027001, Ao,10,9,1,0,0,0,10,9,1
C0116,03,000,00000,PUNJAB,027005, Mongsen,1,1,0,0,0,0,1,1,0
C0116,03,000,00000,PUNJAB,028000,28 ARABIC/ARBI ,1115,543,572,802,390,412,313,153,160
C0116,03,000,00000,PUNJAB,028001, Arabic/Arbi,1115,543,572,802,390,412,313,153,160
C0116,03,000,00000,PUNJAB,029000,29 BALTI ,4,3,1,0,0,0,4,3,1
C0116,03,000,00000,PUNJAB,029002, Balti,4,3,1,0,0,0,4,3,1
C0116,03,000,00000,PUNJAB,030000,30 BHILI/BHILODI ,1920,1010,910,1654,877,777,266,133,133
C0116,03,000,00000,PUNJAB,030002, Baori,1860,977,883,1637,869,768,223,108,115
C0116,03,000,00000,PUNJAB,030003, Barel,1,0,1,1,0,1,0,0,0
C0116,03,000,00000,PUNJAB,030007, Bhili/Bhilodi,1,1,0,0,0,0,1,1,0
C0116,03,000,00000,PUNJAB,030021, Garasia,1,1,0,0,0,0,1,1,0
C0116,03,000,00000,PUNJAB,030035, Kokna/Kokni/Kukna,34,18,16,9,4,5,25,14,11
C0116,03,000,00000,PUNJAB,030066, Paradhi,1,1,0,0,0,0,1,1,0
C0116,03,000,00000,PUNJAB,030070, Rathi,6,4,2,6,4,2,0,0,0
C0116,03,000,00000,PUNJAB,030073, Tadavi,1,1,0,0,0,0,1,1,0
C0116,03,000,00000,PUNJAB,030999,30 Others,15,7,8,1,0,1,14,7,7
C0116,03,000,00000,PUNJAB,031000,31 BHOTIA ,18,9,9,2,1,1,16,8,8
C0116,03,000,00000,PUNJAB,031001, Bhotia,2,1,1,1,0,1,1,1,0
C0116,03,000,00000,PUNJAB,031999,31 Others,16,8,8,1,1,0,15,7,8
C0116,03,000,00000,PUNJAB,032000,32 BHUMIJ ,6,3,3,6,3,3,0,0,0
C0116,03,000,00000,PUNJAB,032999,32 Others,6,3,3,6,3,3,0,0,0
C0116,03,000,00000,PUNJAB,033000,33 BISHNUPURIYA,30,23,7,2,1,1,28,22,6
C0116,03,000,00000,PUNJAB,033003, Bishnupriya Manipuri/Manipuri Bishnupriya,9,4,5,0,0,0,9,4,5
C0116,03,000,00000,PUNJAB,033999,33 Others,21,19,2,2,1,1,19,18,1
C0116,03,000,00000,PUNJAB,034000,34 CHAKHESANG ,2,2,0,0,0,0,2,2,0
C0116,03,000,00000,PUNJAB,034001, Chakhesang,2,2,0,0,0,0,2,2,0
C0116,03,000,00000,PUNJAB,037000,37 COORGI/KODAGU ,9,7,2,1,0,1,8,7,1
C0116,03,000,00000,PUNJAB,037001, Coorgi/Kodagu,9,7,2,1,0,1,8,7,1
C0116,03,000,00000,PUNJAB,039000,39 DIMASA ,21,14,7,7,7,0,14,7,7
C0116,03,000,00000,PUNJAB,039002, Dimasa,6,2,4,0,0,0,6,2,4
C0116,03,000,00000,PUNJAB,039999,39 Others,15,12,3,7,7,0,8,5,3
C0116,03,000,00000,PUNJAB,040000,40 ENGLISH ,1888,953,935,673,358,315,1215,595,620
C0116,03,000,00000,PUNJAB,040001, English,1888,953,935,673,358,315,1215,595,620
C0116,03,000,00000,PUNJAB,041000,41 GADABA ,1,1,0,0,0,0,1,1,0
C0116,03,000,00000,PUNJAB,041001, Gadaba,1,1,0,0,0,0,1,1,0
C0116,03,000,00000,PUNJAB,042000,42 GANGTE ,4,3,1,1,1,0,3,2,1
C0116,03,000,00000,PUNJAB,042001, Gangte,4,3,1,1,1,0,3,2,1
C0116,03,000,00000,PUNJAB,043000,43 GARO ,35,28,7,1,1,0,34,27,7
C0116,03,000,00000,PUNJAB,043005, Garo,35,28,7,1,1,0,34,27,7
C0116,03,000,00000,PUNJAB,044000,44 GONDI,13,9,4,2,1,1,11,8,3
C0116,03,000,00000,PUNJAB,044007, Gondi,2,0,2,0,0,0,2,0,2
C0116,03,000,00000,PUNJAB,044999,44 Others,11,9,2,2,1,1,9,8,1
C0116,03,000,00000,PUNJAB,045000,45 HALABI,1,1,0,1,1,0,0,0,0
C0116,03,000,00000,PUNJAB,045001, Halabi,1,1,0,1,1,0,0,0,0
C0116,03,000,00000,PUNJAB,046000,46 HALAM ,6,3,3,1,0,1,5,3,2
C0116,03,000,00000,PUNJAB,046999,46 Others,6,3,3,1,0,1,5,3,2
C0116,03,000,00000,PUNJAB,047000,47 HMAR,37,27,10,0,0,0,37,27,10
C0116,03,000,00000,PUNJAB,047001, Hmar,37,27,10,0,0,0,37,27,10
C0116,03,000,00000,PUNJAB,048000,48 HO,26,13,13,3,2,1,23,11,12
C0116,03,000,00000,PUNJAB,048004, Ho,26,13,13,3,2,1,23,11,12
C0116,03,000,00000,PUNJAB,051000,51 KABUI ,1,0,1,0,0,0,1,0,1
C0116,03,000,00000,PUNJAB,051003, Kabui,1,0,1,0,0,0,1,0,1
C0116,03,000,00000,PUNJAB,053000,53 KHANDESHI,1137,604,533,1065,550,515,72,54,18
C0116,03,000,00000,PUNJAB,053002, Ahirani,2,0,2,0,0,0,2,0,2
C0116,03,000,00000,PUNJAB,053004, Dangi,4,1,3,0,0,0,4,1,3
C0116,03,000,00000,PUNJAB,053005, Gujari,1130,603,527,1065,550,515,65,53,12
C0116,03,000,00000,PUNJAB,053006, Khandeshi,1,0,1,0,0,0,1,0,1
C0116,03,000,00000,PUNJAB,054000,54 KHARIA ,95,62,33,30,21,9,65,41,24
C0116,03,000,00000,PUNJAB,054005, Kharia,95,62,33,30,21,9,65,41,24
C0116,03,000,00000,PUNJAB,055000,55 KHASI ,84,55,29,1,0,1,83,55,28
C0116,03,000,00000,PUNJAB,055007, Khasi,84,55,29,1,0,1,83,55,28
C0116,03,000,00000,PUNJAB,056000,56 KHEZHA ,4,2,2,3,2,1,1,0,1
C0116,03,000,00000,PUNJAB,056999,56 Others ,4,2,2,3,2,1,1,0,1
C0116,03,000,00000,PUNJAB,059000,59 KINNAURI ,46,31,15,6,3,3,40,28,12
C0116,03,000,00000,PUNJAB,059003, Kinnauri,46,31,15,6,3,3,40,28,12
C0116,03,000,00000,PUNJAB,060000,60 KISAN ,6,3,3,0,0,0,6,3,3
C0116,03,000,00000,PUNJAB,060002, Kisan,6,3,3,0,0,0,6,3,3
C0116,03,000,00000,PUNJAB,061000,61 KOCH ,1,1,0,0,0,0,1,1,0
C0116,03,000,00000,PUNJAB,061002, Koch,1,1,0,0,0,0,1,1,0
C0116,03,000,00000,PUNJAB,062000,62 KODA/KORA ,2,2,0,0,0,0,2,2,0
C0116,03,000,00000,PUNJAB,062003, Koda/Kora,2,2,0,0,0,0,2,2,0
C0116,03,000,00000,PUNJAB,064000,64 KOM,9,7,2,0,0,0,9,7,2
C0116,03,000,00000,PUNJAB,064001, Kom,9,7,2,0,0,0,9,7,2
C0116,03,000,00000,PUNJAB,066000,66 KONYAK ,8,6,2,0,0,0,8,6,2
C0116,03,000,00000,PUNJAB,066001, Konyak,8,6,2,0,0,0,8,6,2
C0116,03,000,00000,PUNJAB,068000,68 KORWA ,27,16,11,9,4,5,18,12,6
C0116,03,000,00000,PUNJAB,068999,68 Others ,27,16,11,9,4,5,18,12,6
C0116,03,000,00000,PUNJAB,071000,71 KUKI,231,192,39,6,5,1,225,187,38
C0116,03,000,00000,PUNJAB,071008, Kuki,231,192,39,6,5,1,225,187,38
C0116,03,000,00000,PUNJAB,072000,72 KURUKH/ORAON ,195,114,81,52,33,19,143,81,62
C0116,03,000,00000,PUNJAB,072024, Kurukh/Oraon,187,110,77,44,29,15,143,81,62
C0116,03,000,00000,PUNJAB,072999,72 Others ,8,4,4,8,4,4,0,0,0
C0116,03,000,00000,PUNJAB,073000,73 LADAKHI ,99,58,41,25,19,6,74,39,35
C0116,03,000,00000,PUNJAB,073003, Ladakhi,99,58,41,25,19,6,74,39,35
C0116,03,000,00000,PUNJAB,074000,74 LAHAULI ,1,1,0,1,1,0,0,0,0
C0116,03,000,00000,PUNJAB,074002, Lahauli,1,1,0,1,1,0,0,0,0
C0116,03,000,00000,PUNJAB,075000,75 LAHNDA ,24642,12671,11971,243,129,114,24399,12542,11857
C0116,03,000,00000,PUNJAB,075001, Bahawal Puri,24542,12619,11923,233,124,109,24309,12495,11814
C0116,03,000,00000,PUNJAB,075006, Hindi Multani,92,48,44,9,4,5,83,44,39
C0116,03,000,00000,PUNJAB,075999,75 Others ,8,4,4,1,1,0,7,3,4
C0116,03,000,00000,PUNJAB,076000,76 LAKHER,1,1,0,0,0,0,1,1,0
C0116,03,000,00000,PUNJAB,076002, Mara,1,1,0,0,0,0,1,1,0
C0116,03,000,00000,PUNJAB,078000,78 LEPCHA ,2,0,2,0,0,0,2,0,2
C0116,03,000,00000,PUNJAB,078001, Lepcha,2,0,2,0,0,0,2,0,2
C0116,03,000,00000,PUNJAB,080000,80 LIMBU ,5,4,1,1,1,0,4,3,1
C0116,03,000,00000,PUNJAB,080999,80 Others ,5,4,1,1,1,0,4,3,1
C0116,03,000,00000,PUNJAB,081000,81 LOTHA ,14,10,4,0,0,0,14,10,4
C0116,03,000,00000,PUNJAB,081001, Lotha,14,10,4,0,0,0,14,10,4
C0116,03,000,00000,PUNJAB,082000,82 LUSHAI/MIZO ,472,375,97,6,6,0,466,369,97
C0116,03,000,00000,PUNJAB,082005, Lushai/Mizo,472,375,97,6,6,0,466,369,97
C0116,03,000,00000,PUNJAB,084000,84 MAO,1,1,0,0,0,0,1,1,0
C0116,03,000,00000,PUNJAB,084001, Mao,1,1,0,0,0,0,1,1,0
C0116,03,000,00000,PUNJAB,085000,85 MARAM,1,1,0,0,0,0,1,1,0
C0116,03,000,00000,PUNJAB,085001, Maram ,1,1,0,0,0,0,1,1,0
C0116,03,000,00000,PUNJAB,087000,87 MIRI/MISHING,1,1,0,0,0,0,1,1,0
C0116,03,000,00000,PUNJAB,087003, Miri/Mishing,1,1,0,0,0,0,1,1,0
C0116,03,000,00000,PUNJAB,088000,88 MISHMI ,1,1,0,0,0,0,1,1,0
C0116,03,000,00000,PUNJAB,088007, Mishmi,1,1,0,0,0,0,1,1,0
C0116,03,000,00000,PUNJAB,089000,89 MOGH ,5,2,3,0,0,0,5,2,3
C0116,03,000,00000,PUNJAB,089004, Mogh,5,2,3,0,0,0,5,2,3
C0116,03,000,00000,PUNJAB,090000,90 MONPA ,4,4,0,0,0,0,4,4,0
C0116,03,000,00000,PUNJAB,090003, Monpa,4,4,0,0,0,0,4,4,0
C0116,03,000,00000,PUNJAB,091000,91 MUNDA,260,137,123,128,69,59,132,68,64
C0116,03,000,00000,PUNJAB,091009, Munda,215,113,102,118,63,55,97,50,47
C0116,03,000,00000,PUNJAB,091999,91 Others ,45,24,21,10,6,4,35,18,17
C0116,03,000,00000,PUNJAB,092000,92 MUNDARI ,548,317,231,441,257,184,107,60,47
C0116,03,000,00000,PUNJAB,092005, Mundari,548,317,231,441,257,184,107,60,47
C0116,03,000,00000,PUNJAB,094000,94 NISSI/DAFLA ,533,276,257,293,147,146,240,129,111
C0116,03,000,00000,PUNJAB,094001, Apatani,5,4,1,0,0,0,5,4,1
C0116,03,000,00000,PUNJAB,094007, Nissi/Dafla,528,272,256,293,147,146,235,125,110
C0116,03,000,00000,PUNJAB,095000,95 NOCTE ,14,12,2,0,0,0,14,12,2
C0116,03,000,00000,PUNJAB,095003, Nocte,14,12,2,0,0,0,14,12,2
C0116,03,000,00000,PUNJAB,096000,96 PAITE,27,23,4,1,1,0,26,22,4
C0116,03,000,00000,PUNJAB,096002, Paite,27,23,4,1,1,0,26,22,4
C0116,03,000,00000,PUNJAB,101000,101 POCHURY,4,2,2,0,0,0,4,2,2
C0116,03,000,00000,PUNJAB,101006, Pochury,4,2,2,0,0,0,4,2,2
C0116,03,000,00000,PUNJAB,102000,102 RABHA ,5,5,0,1,1,0,4,4,0
C0116,03,000,00000,PUNJAB,102002, Rabha,5,5,0,1,1,0,4,4,0
C0116,03,000,00000,PUNJAB,104000,104 RENGMA ,1,1,0,0,0,0,1,1,0
C0116,03,000,00000,PUNJAB,104001, Rengma,1,1,0,0,0,0,1,1,0
C0116,03,000,00000,PUNJAB,106000,106 SAVARA,7,3,4,2,1,1,5,2,3
C0116,03,000,00000,PUNJAB,106004, Savara,7,3,4,2,1,1,5,2,3
C0116,03,000,00000,PUNJAB,107000,107 SEMA,4,2,2,0,0,0,4,2,2
C0116,03,000,00000,PUNJAB,107002, Sema,4,2,2,0,0,0,4,2,2
C0116,03,000,00000,PUNJAB,109000,109 SHINA,4,4,0,2,2,0,2,2,0
C0116,03,000,00000,PUNJAB,109005, Shina,2,2,0,2,2,0,0,0,0
C0116,03,000,00000,PUNJAB,109999,109 Others ,2,2,0,0,0,0,2,2,0
C0116,03,000,00000,PUNJAB,112000,112 TANGKHUL ,18,13,5,1,1,0,17,12,5
C0116,03,000,00000,PUNJAB,112008, Tangkhul,17,12,5,0,0,0,17,12,5
C0116,03,000,00000,PUNJAB,112999,112 Others ,1,1,0,1,1,0,0,0,0
C0116,03,000,00000,PUNJAB,114000,114 THADO ,17,10,7,0,0,0,17,10,7
C0116,03,000,00000,PUNJAB,114015, Thado,17,10,7,0,0,0,17,10,7
C0116,03,000,00000,PUNJAB,115000,115 TIBETAN ,436,239,197,260,139,121,176,100,76
C0116,03,000,00000,PUNJAB,115008, Tibetan,2,1,1,0,0,0,2,1,1
C0116,03,000,00000,PUNJAB,115011, Purkhi,433,237,196,260,139,121,173,98,75
C0116,03,000,00000,PUNJAB,115999,115 Others,1,1,0,0,0,0,1,1,0
C0116,03,000,00000,PUNJAB,116000,116 TRIPURI ,95,73,22,12,9,3,83,64,19
C0116,03,000,00000,PUNJAB,116007, Kokbarak,40,25,15,11,8,3,29,17,12
C0116,03,000,00000,PUNJAB,116011, Reang,1,1,0,0,0,0,1,1,0
C0116,03,000,00000,PUNJAB,116014, Tripuri,47,41,6,1,1,0,46,40,6
C0116,03,000,00000,PUNJAB,116999,116 Others ,7,6,1,0,0,0,7,6,1
C0116,03,000,00000,PUNJAB,117000,117 TULU ,4,1,3,0,0,0,4,1,3
C0116,03,000,00000,PUNJAB,117009, Tulu,2,1,1,0,0,0,2,1,1
C0116,03,000,00000,PUNJAB,117999,117 Others ,2,0,2,0,0,0,2,0,2
C0116,03,000,00000,PUNJAB,118000,118 VAIPHEI ,4,3,1,0,0,0,4,3,1
C0116,03,000,00000,PUNJAB,118002, Vaiphei,4,3,1,0,0,0,4,3,1
C0116,03,000,00000,PUNJAB,119000,119 WANCHO,5,2,3,0,0,0,5,2,3
C0116,03,000,00000,PUNJAB,119001, Wancho,5,2,3,0,0,0,5,2,3
C0116,03,000,00000,PUNJAB,120000,120 YIMCHUNGRE,6,4,2,0,0,0,6,4,2
C0116,03,000,00000,PUNJAB,120001, Chirr,5,3,2,0,0,0,5,3,2
C0116,03,000,00000,PUNJAB,120005, Yimchungre,1,1,0,0,0,0,1,1,0
C0116,03,000,00000,PUNJAB,122000,122 ZEMI ,1,1,0,1,1,0,0,0,0
C0116,03,000,00000,PUNJAB,122003, Zemi,1,1,0,1,1,0,0,0,0
C0116,03,000,00000,PUNJAB,123000,123 ZOU ,17,13,4,1,1,0,16,12,4
C0116,03,000,00000,PUNJAB,123001, Zou,17,13,4,1,1,0,16,12,4
C0116,03,000,00000,PUNJAB,124000,124 OTHERS,5524,2980,2544,2730,1410,1320,2794,1570,1224
C0116,04,000,00000,CHANDIGARH,001000,1 ASSAMESE,435,292,143,29,20,9,406,272,134
C0116,04,000,00000,CHANDIGARH,001002, Assamese,435,292,143,29,20,9,406,272,134
C0116,04,000,00000,CHANDIGARH,002000,2 BENGALI ,6236,3483,2753,177,98,79,6059,3385,2674
C0116,04,000,00000,CHANDIGARH,002007, Bengali,6231,3479,2752,177,98,79,6054,3381,2673
C0116,04,000,00000,CHANDIGARH,002011, Chakma,5,4,1,0,0,0,5,4,1
C0116,04,000,00000,CHANDIGARH,003000,3 BODO ,6,5,1,0,0,0,6,5,1
C0116,04,000,00000,CHANDIGARH,003001, Bodo/Boro,6,5,1,0,0,0,6,5,1
C0116,04,000,00000,CHANDIGARH,004000,4 DOGRI ,1047,613,434,21,15,6,1026,598,428
C0116,04,000,00000,CHANDIGARH,004001, Dogri,1047,613,434,21,15,6,1026,598,428
C0116,04,000,00000,CHANDIGARH,005000,5 GUJARATI,1573,828,745,9,6,3,1564,822,742
C0116,04,000,00000,CHANDIGARH,005018, Gujarati,1561,820,741,9,6,3,1552,814,738
C0116,04,000,00000,CHANDIGARH,005057, Saurashtra/Saurashtri,4,3,1,0,0,0,4,3,1
C0116,04,000,00000,CHANDIGARH,005999,5 Others,8,5,3,0,0,0,8,5,3
C0116,04,000,00000,CHANDIGARH,006000,6 HINDI ,776775,433729,343046,20380,12450,7930,756395,421279,335116
C0116,04,000,00000,CHANDIGARH,006030, Awadhi,1381,839,542,15,8,7,1366,831,535
C0116,04,000,00000,CHANDIGARH,006042, Bagheli/Baghel Khandi,2,1,1,0,0,0,2,1,1
C0116,04,000,00000,CHANDIGARH,006096, Bharmauri/Gaddi,20,10,10,0,0,0,20,10,10
C0116,04,000,00000,CHANDIGARH,006102, Bhojpuri,23994,14972,9022,1429,892,537,22565,14080,8485
C0116,04,000,00000,CHANDIGARH,006123, Brajbhasha,36,24,12,0,0,0,36,24,12
C0116,04,000,00000,CHANDIGARH,006125, Bundeli/Bundel khandi,24,15,9,0,0,0,24,15,9
C0116,04,000,00000,CHANDIGARH,006133, Chambeali/Chamrali,2,1,1,0,0,0,2,1,1
C0116,04,000,00000,CHANDIGARH,006142, Chhattisgarhi,245,138,107,0,0,0,245,138,107
C0116,04,000,00000,CHANDIGARH,006173, Dhundhari,9,6,3,0,0,0,9,6,3
C0116,04,000,00000,CHANDIGARH,006195, Garhwali,8265,4685,3580,393,240,153,7872,4445,3427
C0116,04,000,00000,CHANDIGARH,006207, Gojri/Gujjari/Gujar,3,2,1,0,0,0,3,2,1
C0116,04,000,00000,CHANDIGARH,006231, Handuri,2,1,1,0,0,0,2,1,1
C0116,04,000,00000,CHANDIGARH,006235, Haryanvi,11138,6058,5080,377,218,159,10761,5840,4921
C0116,04,000,00000,CHANDIGARH,006240, Hindi,715131,397138,317993,16947,10276,6671,698184,386862,311322
C0116,04,000,00000,CHANDIGARH,006265, Jaunpuri/Jaunsari,1,1,0,0,0,0,1,1,0
C0116,04,000,00000,CHANDIGARH,006291, Kangri,249,145,104,7,5,2,242,140,102
C0116,04,000,00000,CHANDIGARH,006311, Khari Boli,103,79,24,11,7,4,92,72,20
C0116,04,000,00000,CHANDIGARH,006320, Khortha/Khotta,29,18,11,12,7,5,17,11,6
C0116,04,000,00000,CHANDIGARH,006336, Kulvi,7,4,3,0,0,0,7,4,3
C0116,04,000,00000,CHANDIGARH,006340, Kumauni,1076,601,475,87,56,31,989,545,444
C0116,04,000,00000,CHANDIGARH,006345, Kurmali Thar,1,1,0,0,0,0,1,1,0
C0116,04,000,00000,CHANDIGARH,006376, Magadhi/Magahi,120,73,47,1,0,1,119,73,46
C0116,04,000,00000,CHANDIGARH,006391, Malvi,6,4,2,0,0,0,6,4,2
C0116,04,000,00000,CHANDIGARH,006394, Mandeali,82,53,29,15,11,4,67,42,25
C0116,04,000,00000,CHANDIGARH,006400, Marwari,332,191,141,19,11,8,313,180,133
C0116,04,000,00000,CHANDIGARH,006420, Nagpuria,22,11,11,0,0,0,22,11,11
C0116,04,000,00000,CHANDIGARH,006439, Pahari,9800,5833,3967,868,576,292,8932,5257,3675
C0116,04,000,00000,CHANDIGARH,006451, Panch Pargania,11,5,6,0,0,0,11,5,6
C0116,04,000,00000,CHANDIGARH,006489, Rajasthani,2042,1141,901,33,20,13,2009,1121,888
C0116,04,000,00000,CHANDIGARH,006503, Sadan/Sadri,61,30,31,0,0,0,61,30,31
C0116,04,000,00000,CHANDIGARH,006548, Surjapuri,46,39,7,3,3,0,43,36,7
C0116,04,000,00000,CHANDIGARH,006999,6 Others,2535,1610,925,163,120,43,2372,1490,882
C0116,04,000,00000,CHANDIGARH,007000,7 KANNADA,425,279,146,0,0,0,425,279,146
C0116,04,000,00000,CHANDIGARH,007016, Kannada,418,275,143,0,0,0,418,275,143
C0116,04,000,00000,CHANDIGARH,007041, Prakritha/Prakritha Bhasha,4,2,2,0,0,0,4,2,2
C0116,04,000,00000,CHANDIGARH,007999,7 Others,3,2,1,0,0,0,3,2,1
C0116,04,000,00000,CHANDIGARH,008000,8 KASHMIRI ,1330,760,570,26,12,14,1304,748,556
C0116,04,000,00000,CHANDIGARH,008005, Kashmiri,1330,760,570,26,12,14,1304,748,556
C0116,04,000,00000,CHANDIGARH,009000,9 KONKANI,86,41,45,0,0,0,86,41,45
C0116,04,000,00000,CHANDIGARH,009011, Konkani,83,40,43,0,0,0,83,40,43
C0116,04,000,00000,CHANDIGARH,009999,9 Others,3,1,2,0,0,0,3,1,2
C0116,04,000,00000,CHANDIGARH,010000,10 MAITHILI ,3164,2119,1045,358,258,100,2806,1861,945
C0116,04,000,00000,CHANDIGARH,010008, Maithili,2614,1788,826,273,208,65,2341,1580,761
C0116,04,000,00000,CHANDIGARH,010011, Purbi Maithili,230,126,104,0,0,0,230,126,104
C0116,04,000,00000,CHANDIGARH,010013, Thati,320,205,115,85,50,35,235,155,80
C0116,04,000,00000,CHANDIGARH,011000,11 MALAYALAM,1979,1149,830,19,10,9,1960,1139,821
C0116,04,000,00000,CHANDIGARH,011016, Malayalam,1974,1147,827,19,10,9,1955,1137,818
C0116,04,000,00000,CHANDIGARH,011999,11 Others,5,2,3,0,0,0,5,2,3
C0116,04,000,00000,CHANDIGARH,012000,12 MANIPURI ,460,271,189,0,0,0,460,271,189
C0116,04,000,00000,CHANDIGARH,012003, Manipuri,460,271,189,0,0,0,460,271,189
C0116,04,000,00000,CHANDIGARH,013000,13 MARATHI ,1252,707,545,15,9,6,1237,698,539
C0116,04,000,00000,CHANDIGARH,013071, Marathi,1248,703,545,15,9,6,1233,694,539
C0116,04,000,00000,CHANDIGARH,013999,13 Others,4,4,0,0,0,0,4,4,0
C0116,04,000,00000,CHANDIGARH,014000,14 NEPALI ,6546,4025,2521,295,177,118,6251,3848,2403
C0116,04,000,00000,CHANDIGARH,014011, Nepali,6546,4025,2521,295,177,118,6251,3848,2403
C0116,04,000,00000,CHANDIGARH,015000,15 ODIA ,1942,1121,821,32,20,12,1910,1101,809
C0116,04,000,00000,CHANDIGARH,015043, Odia,1941,1120,821,32,20,12,1909,1100,809
C0116,04,000,00000,CHANDIGARH,015999,15 Others,1,1,0,0,0,0,1,1,0
C0116,04,000,00000,CHANDIGARH,016000,16 PUNJABI ,232516,120109,112407,7333,3897,3436,225183,116212,108971
C0116,04,000,00000,CHANDIGARH,016002, Bagri,57,29,28,0,0,0,57,29,28
C0116,04,000,00000,CHANDIGARH,016006, Bilaspuri Kahluri,10,7,3,0,0,0,10,7,3
C0116,04,000,00000,CHANDIGARH,016038, Punjabi,232427,120062,112365,7333,3897,3436,225094,116165,108929
C0116,04,000,00000,CHANDIGARH,016999,16 Others,22,11,11,0,0,0,22,11,11
C0116,04,000,00000,CHANDIGARH,017000,17 SANSKRIT ,13,7,6,0,0,0,13,7,6
C0116,04,000,00000,CHANDIGARH,017002, Sanskrit,13,7,6,0,0,0,13,7,6
C0116,04,000,00000,CHANDIGARH,018000,18 SANTALI ,42,24,18,4,2,2,38,22,16
C0116,04,000,00000,CHANDIGARH,018010, Karmali,10,4,6,0,0,0,10,4,6
C0116,04,000,00000,CHANDIGARH,018011, Mahili,3,3,0,0,0,0,3,3,0
C0116,04,000,00000,CHANDIGARH,018040, Santali,29,17,12,4,2,2,25,15,10
C0116,04,000,00000,CHANDIGARH,019000,19 SINDHI,134,62,72,0,0,0,134,62,72
C0116,04,000,00000,CHANDIGARH,019014, Sindhi,134,62,72,0,0,0,134,62,72
C0116,04,000,00000,CHANDIGARH,020000,20 TAMIL ,5579,3011,2568,6,2,4,5573,3009,2564
C0116,04,000,00000,CHANDIGARH,020027, Tamil,5579,3011,2568,6,2,4,5573,3009,2564
C0116,04,000,00000,CHANDIGARH,021000,21 TELUGU ,1339,795,544,22,10,12,1317,785,532
C0116,04,000,00000,CHANDIGARH,021046, Telugu,1332,789,543,22,10,12,1310,779,531
C0116,04,000,00000,CHANDIGARH,021999,21 Others,7,6,1,0,0,0,7,6,1
C0116,04,000,00000,CHANDIGARH,022000,22 URDU,10595,6205,4390,244,156,88,10351,6049,4302
C0116,04,000,00000,CHANDIGARH,022015, Urdu,10556,6183,4373,244,156,88,10312,6027,4285
C0116,04,000,00000,CHANDIGARH,022999,22 Others,39,22,17,0,0,0,39,22,17
C0116,04,000,00000,CHANDIGARH,023000,23 ADI ,2,2,0,0,0,0,2,2,0
C0116,04,000,00000,CHANDIGARH,023006, Adi Gallong/Gallong,2,2,0,0,0,0,2,2,0
C0116,04,000,00000,CHANDIGARH,024000,24 AFGHANI/KABULI/PASHTO ,20,16,4,0,0,0,20,16,4
C0116,04,000,00000,CHANDIGARH,024001, Afghani/Kabuli/Pashto,20,16,4,0,0,0,20,16,4
C0116,04,000,00000,CHANDIGARH,026000,26 ANGAMI ,2,1,1,0,0,0,2,1,1
C0116,04,000,00000,CHANDIGARH,026002, Angami,2,1,1,0,0,0,2,1,1
C0116,04,000,00000,CHANDIGARH,027000,27 AO ,4,3,1,0,0,0,4,3,1
C0116,04,000,00000,CHANDIGARH,027001, Ao,4,3,1,0,0,0,4,3,1
C0116,04,000,00000,CHANDIGARH,028000,28 ARABIC/ARBI ,47,28,19,0,0,0,47,28,19
C0116,04,000,00000,CHANDIGARH,028001, Arabic/Arbi,47,28,19,0,0,0,47,28,19
C0116,04,000,00000,CHANDIGARH,029000,29 BALTI ,2,2,0,0,0,0,2,2,0
C0116,04,000,00000,CHANDIGARH,029002, Balti,2,2,0,0,0,0,2,2,0
C0116,04,000,00000,CHANDIGARH,030000,30 BHILI/BHILODI ,2,2,0,0,0,0,2,2,0
C0116,04,000,00000,CHANDIGARH,030007, Bhili/Bhilodi,2,2,0,0,0,0,2,2,0
C0116,04,000,00000,CHANDIGARH,031000,31 BHOTIA ,54,12,42,2,0,2,52,12,40
C0116,04,000,00000,CHANDIGARH,031001, Bhotia,8,3,5,0,0,0,8,3,5
C0116,04,000,00000,CHANDIGARH,031011, Bauti,9,0,9,2,0,2,7,0,7
C0116,04,000,00000,CHANDIGARH,031999,31 Others,37,9,28,0,0,0,37,9,28
C0116,04,000,00000,CHANDIGARH,033000,33 BISHNUPURIYA,4,1,3,0,0,0,4,1,3
C0116,04,000,00000,CHANDIGARH,033003, Bishnupriya Manipuri/Manipuri Bishnupriya,4,1,3,0,0,0,4,1,3
C0116,04,000,00000,CHANDIGARH,037000,37 COORGI/KODAGU ,6,5,1,0,0,0,6,5,1
C0116,04,000,00000,CHANDIGARH,037001, Coorgi/Kodagu,6,5,1,0,0,0,6,5,1
C0116,04,000,00000,CHANDIGARH,040000,40 ENGLISH ,436,230,206,1,1,0,435,229,206
C0116,04,000,00000,CHANDIGARH,040001, English,436,230,206,1,1,0,435,229,206
C0116,04,000,00000,CHANDIGARH,044000,44 GONDI,3,3,0,0,0,0,3,3,0
C0116,04,000,00000,CHANDIGARH,044999,44 Others,3,3,0,0,0,0,3,3,0
C0116,04,000,00000,CHANDIGARH,047000,47 HMAR,3,1,2,0,0,0,3,1,2
C0116,04,000,00000,CHANDIGARH,047001, Hmar,3,1,2,0,0,0,3,1,2
C0116,04,000,00000,CHANDIGARH,051000,51 KABUI ,10,6,4,0,0,0,10,6,4
C0116,04,000,00000,CHANDIGARH,051003, Kabui,7,5,2,0,0,0,7,5,2
C0116,04,000,00000,CHANDIGARH,051005, Rongmei,3,1,2,0,0,0,3,1,2
C0116,04,000,00000,CHANDIGARH,053000,53 KHANDESHI,1,1,0,0,0,0,1,1,0
C0116,04,000,00000,CHANDIGARH,053005, Gujari,1,1,0,0,0,0,1,1,0
C0116,04,000,00000,CHANDIGARH,054000,54 KHARIA ,4,3,1,0,0,0,4,3,1
C0116,04,000,00000,CHANDIGARH,054005, Kharia,4,3,1,0,0,0,4,3,1
C0116,04,000,00000,CHANDIGARH,055000,55 KHASI ,12,4,8,0,0,0,12,4,8
C0116,04,000,00000,CHANDIGARH,055007, Khasi,12,4,8,0,0,0,12,4,8
C0116,04,000,00000,CHANDIGARH,059000,59 KINNAURI ,56,27,29,0,0,0,56,27,29
C0116,04,000,00000,CHANDIGARH,059003, Kinnauri,56,27,29,0,0,0,56,27,29
C0116,04,000,00000,CHANDIGARH,065000,65 KONDA,4,1,3,0,0,0,4,1,3
C0116,04,000,00000,CHANDIGARH,065999,65 Others ,4,1,3,0,0,0,4,1,3
C0116,04,000,00000,CHANDIGARH,068000,68 KORWA ,1,0,1,0,0,0,1,0,1
C0116,04,000,00000,CHANDIGARH,068999,68 Others ,1,0,1,0,0,0,1,0,1
C0116,04,000,00000,CHANDIGARH,072000,72 KURUKH/ORAON ,39,22,17,0,0,0,39,22,17
C0116,04,000,00000,CHANDIGARH,072024, Kurukh/Oraon,39,22,17,0,0,0,39,22,17
C0116,04,000,00000,CHANDIGARH,073000,73 LADAKHI ,269,114,155,0,0,0,269,114,155
C0116,04,000,00000,CHANDIGARH,073003, Ladakhi,269,114,155,0,0,0,269,114,155
C0116,04,000,00000,CHANDIGARH,074000,74 LAHAULI ,23,13,10,0,0,0,23,13,10
C0116,04,000,00000,CHANDIGARH,074002, Lahauli,23,13,10,0,0,0,23,13,10
C0116,04,000,00000,CHANDIGARH,075000,75 LAHNDA ,97,49,48,1,0,1,96,49,47
C0116,04,000,00000,CHANDIGARH,075001, Bahawal Puri,43,25,18,0,0,0,43,25,18
C0116,04,000,00000,CHANDIGARH,075006, Hindi Multani,50,23,27,1,0,1,49,23,26
C0116,04,000,00000,CHANDIGARH,075999,75 Others ,4,1,3,0,0,0,4,1,3
C0116,04,000,00000,CHANDIGARH,078000,78 LEPCHA ,8,4,4,0,0,0,8,4,4
C0116,04,000,00000,CHANDIGARH,078001, Lepcha,8,4,4,0,0,0,8,4,4
C0116,04,000,00000,CHANDIGARH,081000,81 LOTHA ,1,1,0,0,0,0,1,1,0
C0116,04,000,00000,CHANDIGARH,081001, Lotha,1,1,0,0,0,0,1,1,0
C0116,04,000,00000,CHANDIGARH,082000,82 LUSHAI/MIZO ,22,15,7,0,0,0,22,15,7
C0116,04,000,00000,CHANDIGARH,082005, Lushai/Mizo,22,15,7,0,0,0,22,15,7
C0116,04,000,00000,CHANDIGARH,083000,83 MALTO ,2,1,1,0,0,0,2,1,1
C0116,04,000,00000,CHANDIGARH,083002, Pahariya,2,1,1,0,0,0,2,1,1
C0116,04,000,00000,CHANDIGARH,084000,84 MAO,2,2,0,0,0,0,2,2,0
C0116,04,000,00000,CHANDIGARH,084001, Mao,2,2,0,0,0,0,2,2,0
C0116,04,000,00000,CHANDIGARH,091000,91 MUNDA,63,32,31,0,0,0,63,32,31
C0116,04,000,00000,CHANDIGARH,091009, Munda,44,23,21,0,0,0,44,23,21
C0116,04,000,00000,CHANDIGARH,091999,91 Others ,19,9,10,0,0,0,19,9,10
C0116,04,000,00000,CHANDIGARH,092000,92 MUNDARI ,45,21,24,0,0,0,45,21,24
C0116,04,000,00000,CHANDIGARH,092005, Mundari,45,21,24,0,0,0,45,21,24
C0116,04,000,00000,CHANDIGARH,093000,93 NICOBARESE ,12,12,0,0,0,0,12,12,0
C0116,04,000,00000,CHANDIGARH,093001, Nicobarese,12,12,0,0,0,0,12,12,0
C0116,04,000,00000,CHANDIGARH,106000,106 SAVARA,3,1,2,0,0,0,3,1,2
C0116,04,000,00000,CHANDIGARH,106004, Savara,3,1,2,0,0,0,3,1,2
C0116,04,000,00000,CHANDIGARH,111000,111 TAMANG ,4,3,1,0,0,0,4,3,1
C0116,04,000,00000,CHANDIGARH,111001, Tamang,4,3,1,0,0,0,4,3,1
C0116,04,000,00000,CHANDIGARH,112000,112 TANGKHUL ,7,3,4,0,0,0,7,3,4
C0116,04,000,00000,CHANDIGARH,112008, Tangkhul,7,3,4,0,0,0,7,3,4
C0116,04,000,00000,CHANDIGARH,115000,115 TIBETAN ,40,22,18,0,0,0,40,22,18
C0116,04,000,00000,CHANDIGARH,115008, Tibetan,36,18,18,0,0,0,36,18,18
C0116,04,000,00000,CHANDIGARH,115011, Purkhi,4,4,0,0,0,0,4,4,0
C0116,04,000,00000,CHANDIGARH,116000,116 TRIPURI ,11,7,4,0,0,0,11,7,4
C0116,04,000,00000,CHANDIGARH,116007, Kokbarak,9,5,4,0,0,0,9,5,4
C0116,04,000,00000,CHANDIGARH,116014, Tripuri,2,2,0,0,0,0,2,2,0
C0116,04,000,00000,CHANDIGARH,117000,117 TULU ,8,6,2,0,0,0,8,6,2
C0116,04,000,00000,CHANDIGARH,117009, Tulu,7,5,2,0,0,0,7,5,2
C0116,04,000,00000,CHANDIGARH,117999,117 Others ,1,1,0,0,0,0,1,1,0
C0116,04,000,00000,CHANDIGARH,123000,123 ZOU ,4,3,1,0,0,0,4,3,1
C0116,04,000,00000,CHANDIGARH,123001, Zou,4,3,1,0,0,0,4,3,1
C0116,04,000,00000,CHANDIGARH,124000,124 OTHERS,643,349,294,17,7,10,626,342,284
C0116,05,000,00000,UTTARAKHAND,001000,1 ASSAMESE,1656,1122,534,673,464,209,983,658,325
C0116,05,000,00000,UTTARAKHAND,001002, Assamese,1557,1052,505,649,447,202,908,605,303
C0116,05,000,00000,UTTARAKHAND,001999,1 Others,99,70,29,24,17,7,75,53,22
C0116,05,000,00000,UTTARAKHAND,002000,2 BENGALI ,150933,79044,71889,101879,53277,48602,49054,25767,23287
C0116,05,000,00000,UTTARAKHAND,002007, Bengali,150893,79022,71871,101849,53257,48592,49044,25765,23279
C0116,05,000,00000,UTTARAKHAND,002011, Chakma,9,6,3,7,6,1,2,0,2
C0116,05,000,00000,UTTARAKHAND,002999,2 Others,31,16,15,23,14,9,8,2,6
C0116,05,000,00000,UTTARAKHAND,003000,3 BODO ,51,43,8,21,19,2,30,24,6
C0116,05,000,00000,UTTARAKHAND,003001, Bodo/Boro,50,42,8,21,19,2,29,23,6
C0116,05,000,00000,UTTARAKHAND,003003, Kachari,1,1,0,0,0,0,1,1,0
C0116,05,000,00000,UTTARAKHAND,004000,4 DOGRI ,4925,3125,1800,3312,1923,1389,1613,1202,411
C0116,05,000,00000,UTTARAKHAND,004001, Dogri,4925,3125,1800,3312,1923,1389,1613,1202,411
C0116,05,000,00000,UTTARAKHAND,005000,5 GUJARATI,3921,2195,1726,1982,1052,930,1939,1143,796
C0116,05,000,00000,UTTARAKHAND,005018, Gujarati,3032,1736,1296,1144,624,520,1888,1112,776
C0116,05,000,00000,UTTARAKHAND,005019, Gujrao/Gujrau,826,422,404,826,422,404,0,0,0
C0116,05,000,00000,UTTARAKHAND,005057, Saurashtra/Saurashtri,8,5,3,3,2,1,5,3,2
C0116,05,000,00000,UTTARAKHAND,005999,5 Others,55,32,23,9,4,5,46,28,18
C0116,05,000,00000,UTTARAKHAND,006000,6 HINDI ,8992114,4555269,4436845,6386687,3175344,3211343,2605427,1379925,1225502
C0116,05,000,00000,UTTARAKHAND,006030, Awadhi,2754,1524,1230,1692,938,754,1062,586,476
C0116,05,000,00000,UTTARAKHAND,006040, Baghati/Baghati Pahari,6,4,2,4,3,1,2,1,1
C0116,05,000,00000,UTTARAKHAND,006042, Bagheli/Baghel Khandi,10,5,5,8,4,4,2,1,1
C0116,05,000,00000,UTTARAKHAND,006066, Banjari,7,4,3,5,2,3,2,2,0
C0116,05,000,00000,UTTARAKHAND,006086, Bhadrawahi,7,6,1,4,4,0,3,2,1
C0116,05,000,00000,UTTARAKHAND,006096, Bharmauri/Gaddi,2,2,0,2,2,0,0,0,0
C0116,05,000,00000,UTTARAKHAND,006102, Bhojpuri,95330,55057,40273,66815,37361,29454,28515,17696,10819
C0116,05,000,00000,UTTARAKHAND,006123, Brajbhasha,1407,806,601,835,477,358,572,329,243
C0116,05,000,00000,UTTARAKHAND,006125, Bundeli/Bundel khandi,341,209,132,193,126,67,148,83,65
C0116,05,000,00000,UTTARAKHAND,006133, Chambeali/Chamrali,4,4,0,1,1,0,3,3,0
C0116,05,000,00000,UTTARAKHAND,006142, Chhattisgarhi,971,502,469,701,361,340,270,141,129
C0116,05,000,00000,UTTARAKHAND,006173, Dhundhari,12,6,6,7,3,4,5,3,2
C0116,05,000,00000,UTTARAKHAND,006195, Garhwali,2322406,1109474,1212932,1983545,934728,1048817,338861,174746,164115
C0116,05,000,00000,UTTARAKHAND,006198, Gawari,1,0,1,0,0,0,1,0,1
C0116,05,000,00000,UTTARAKHAND,006207, Gojri/Gujjari/Gujar,3822,1957,1865,3794,1940,1854,28,17,11
C0116,05,000,00000,UTTARAKHAND,006231, Handuri,7,6,1,5,5,0,2,1,1
C0116,05,000,00000,UTTARAKHAND,006235, Haryanvi,2645,1652,993,1170,714,456,1475,938,537
C0116,05,000,00000,UTTARAKHAND,006240, Hindi,4373951,2319157,2054794,2403902,1269664,1134238,1970049,1049493,920556
C0116,05,000,00000,UTTARAKHAND,006265, Jaunpuri/Jaunsari,135698,70669,65029,129831,67457,62374,5867,3212,2655
C0116,05,000,00000,UTTARAKHAND,006291, Kangri,441,244,197,251,146,105,190,98,92
C0116,05,000,00000,UTTARAKHAND,006311, Khari Boli,624,331,293,275,150,125,349,181,168
C0116,05,000,00000,UTTARAKHAND,006320, Khortha/Khotta,1091,759,332,1027,702,325,64,57,7
C0116,05,000,00000,UTTARAKHAND,006336, Kulvi,8,8,0,6,6,0,2,2,0
C0116,05,000,00000,UTTARAKHAND,006340, Kumauni,2011286,971199,1040087,1765568,846188,919380,245718,125011,120707
C0116,05,000,00000,UTTARAKHAND,006345, Kurmali Thar,1,1,0,1,1,0,0,0,0
C0116,05,000,00000,UTTARAKHAND,006353, Lamani/Lambadi,3,2,1,1,1,0,2,1,1
C0116,05,000,00000,UTTARAKHAND,006355, Laria,2,2,0,2,2,0,0,0,0
C0116,05,000,00000,UTTARAKHAND,006358, Lodhi,56,32,24,56,32,24,0,0,0
C0116,05,000,00000,UTTARAKHAND,006376, Magadhi/Magahi,310,201,109,109,79,30,201,122,79
C0116,05,000,00000,UTTARAKHAND,006391, Malvi,18,7,11,7,3,4,11,4,7
C0116,05,000,00000,UTTARAKHAND,006394, Mandeali,55,32,23,35,16,19,20,16,4
C0116,05,000,00000,UTTARAKHAND,006400, Marwari,1016,581,435,319,194,125,697,387,310
C0116,05,000,00000,UTTARAKHAND,006408, Mewari,12,6,6,1,1,0,11,5,6
C0116,05,000,00000,UTTARAKHAND,006409, Mewati,1,1,0,0,0,0,1,1,0
C0116,05,000,00000,UTTARAKHAND,006420, Nagpuria,20,12,8,16,10,6,4,2,2
C0116,05,000,00000,UTTARAKHAND,006432, Nimadi,10,7,3,1,1,0,9,6,3
C0116,05,000,00000,UTTARAKHAND,006439, Pahari,16984,8460,8524,14884,7285,7599,2100,1175,925
C0116,05,000,00000,UTTARAKHAND,006466, Pawari/Powari,3,1,2,3,1,2,0,0,0
C0116,05,000,00000,UTTARAKHAND,006489, Rajasthani,2863,1695,1168,1470,860,610,1393,835,558
C0116,05,000,00000,UTTARAKHAND,006503, Sadan/Sadri,547,302,245,223,133,90,324,169,155
C0116,05,000,00000,UTTARAKHAND,006530, Sirmauri,32,10,22,28,7,21,4,3,1
C0116,05,000,00000,UTTARAKHAND,006535, Sondwari,2,2,0,2,2,0,0,0,0
C0116,05,000,00000,UTTARAKHAND,006548, Surjapuri,596,568,28,376,362,14,220,206,14
C0116,05,000,00000,UTTARAKHAND,006999,6 Others,16752,9762,6990,9512,5372,4140,7240,4390,2850
C0116,05,000,00000,UTTARAKHAND,007000,7 KANNADA,1233,893,340,325,233,92,908,660,248
C0116,05,000,00000,UTTARAKHAND,007002, Badaga,1,1,0,0,0,0,1,1,0
C0116,05,000,00000,UTTARAKHAND,007016, Kannada,1153,849,304,306,222,84,847,627,220
C0116,05,000,00000,UTTARAKHAND,007041, Prakritha/Prakritha Bhasha,46,25,21,0,0,0,46,25,21
C0116,05,000,00000,UTTARAKHAND,007999,7 Others,33,18,15,19,11,8,14,7,7
C0116,05,000,00000,UTTARAKHAND,008000,8 KASHMIRI ,1770,1137,633,1021,708,313,749,429,320
C0116,05,000,00000,UTTARAKHAND,008005, Kashmiri,1755,1122,633,1006,693,313,749,429,320
C0116,05,000,00000,UTTARAKHAND,008010, Kishtwari,15,15,0,15,15,0,0,0,0
C0116,05,000,00000,UTTARAKHAND,009000,9 KONKANI,84,47,37,18,8,10,66,39,27
C0116,05,000,00000,UTTARAKHAND,009011, Konkani,72,39,33,14,6,8,58,33,25
C0116,05,000,00000,UTTARAKHAND,009028, Gorboli/Goru/Gorwani,3,2,1,1,0,1,2,2,0
C0116,05,000,00000,UTTARAKHAND,009999,9 Others,9,6,3,3,2,1,6,4,2
C0116,05,000,00000,UTTARAKHAND,010000,10 MAITHILI ,54553,27969,26584,49624,25040,24584,4929,2929,2000
C0116,05,000,00000,UTTARAKHAND,010008, Maithili,3520,2229,1291,1400,897,503,2120,1332,788
C0116,05,000,00000,UTTARAKHAND,010011, Purbi Maithili,2570,1352,1218,1574,812,762,996,540,456
C0116,05,000,00000,UTTARAKHAND,010013, Thati,177,126,51,68,52,16,109,74,35
C0116,05,000,00000,UTTARAKHAND,010014, Tharu,48286,24262,24024,46582,23279,23303,1704,983,721
C0116,05,000,00000,UTTARAKHAND,011000,11 MALAYALAM,3168,1921,1247,1001,606,395,2167,1315,852
C0116,05,000,00000,UTTARAKHAND,011016, Malayalam,3166,1920,1246,1001,606,395,2165,1314,851
C0116,05,000,00000,UTTARAKHAND,011999,11 Others,2,1,1,0,0,0,2,1,1
C0116,05,000,00000,UTTARAKHAND,012000,12 MANIPURI ,490,324,166,159,105,54,331,219,112
C0116,05,000,00000,UTTARAKHAND,012003, Manipuri,489,323,166,159,105,54,330,218,112
C0116,05,000,00000,UTTARAKHAND,012999,12 Others,1,1,0,0,0,0,1,1,0
C0116,05,000,00000,UTTARAKHAND,013000,13 MARATHI ,6028,4085,1943,1979,1476,503,4049,2609,1440
C0116,05,000,00000,UTTARAKHAND,013060, Koli,4,1,3,4,1,3,0,0,0
C0116,05,000,00000,UTTARAKHAND,013071, Marathi,5989,4059,1930,1943,1452,491,4046,2607,1439
C0116,05,000,00000,UTTARAKHAND,013999,13 Others,35,25,10,32,23,9,3,2,1
C0116,05,000,00000,UTTARAKHAND,014000,14 NEPALI ,106399,59897,46502,71335,40237,31098,35064,19660,15404
C0116,05,000,00000,UTTARAKHAND,014011, Nepali,106394,59895,46499,71330,40235,31095,35064,19660,15404
C0116,05,000,00000,UTTARAKHAND,014999,14 Others,5,2,3,5,2,3,0,0,0
C0116,05,000,00000,UTTARAKHAND,015000,15 ODIA ,3630,2366,1264,1251,851,400,2379,1515,864
C0116,05,000,00000,UTTARAKHAND,015007, Bhuiya/Bhuyan[Ori],15,7,8,1,1,0,14,6,8
C0116,05,000,00000,UTTARAKHAND,015014, Desia,11,6,5,11,6,5,0,0,0
C0116,05,000,00000,UTTARAKHAND,015043, Odia,3488,2298,1190,1129,791,338,2359,1507,852
C0116,05,000,00000,UTTARAKHAND,015999,15 Others,116,55,61,110,53,57,6,2,4
C0116,05,000,00000,UTTARAKHAND,016000,16 PUNJABI ,263310,137505,125805,181389,94541,86848,81921,42964,38957
C0116,05,000,00000,UTTARAKHAND,016002, Bagri,14,11,3,9,8,1,5,3,2
C0116,05,000,00000,UTTARAKHAND,016038, Punjabi,263258,137464,125794,181354,94508,86846,81904,42956,38948
C0116,05,000,00000,UTTARAKHAND,016999,16 Others,38,30,8,26,25,1,12,5,7
C0116,05,000,00000,UTTARAKHAND,017000,17 SANSKRIT ,386,282,104,140,79,61,246,203,43
C0116,05,000,00000,UTTARAKHAND,017002, Sanskrit,386,282,104,140,79,61,246,203,43
C0116,05,000,00000,UTTARAKHAND,018000,18 SANTALI ,426,369,57,321,293,28,105,76,29
C0116,05,000,00000,UTTARAKHAND,018040, Santali,422,367,55,319,291,28,103,76,27
C0116,05,000,00000,UTTARAKHAND,018999,18 Others,4,2,2,2,2,0,2,0,2
C0116,05,000,00000,UTTARAKHAND,019000,19 SINDHI,2863,1482,1381,1903,989,914,960,493,467
C0116,05,000,00000,UTTARAKHAND,019002, Bhatia,6,3,3,1,1,0,5,2,3
C0116,05,000,00000,UTTARAKHAND,019008, Kachchhi,6,4,2,0,0,0,6,4,2
C0116,05,000,00000,UTTARAKHAND,019014, Sindhi,2849,1474,1375,1901,988,913,948,486,462
C0116,05,000,00000,UTTARAKHAND,019999,19 Others,2,1,1,1,0,1,1,1,0
C0116,05,000,00000,UTTARAKHAND,020000,20 TAMIL ,2584,1861,723,624,469,155,1960,1392,568
C0116,05,000,00000,UTTARAKHAND,020009, Kaikadi,4,1,3,4,1,3,0,0,0
C0116,05,000,00000,UTTARAKHAND,020015, Korava,1,1,0,0,0,0,1,1,0
C0116,05,000,00000,UTTARAKHAND,020027, Tamil,2575,1855,720,618,466,152,1957,1389,568
C0116,05,000,00000,UTTARAKHAND,020999,20 Others,4,4,0,2,2,0,2,2,0
C0116,05,000,00000,UTTARAKHAND,021000,21 TELUGU ,3185,2232,953,952,664,288,2233,1568,665
C0116,05,000,00000,UTTARAKHAND,021046, Telugu,3147,2204,943,940,653,287,2207,1551,656
C0116,05,000,00000,UTTARAKHAND,021999,21 Others,38,28,10,12,11,1,26,17,9
C0116,05,000,00000,UTTARAKHAND,022000,22 URDU,425752,224247,201505,186893,98095,88798,238859,126152,112707
C0116,05,000,00000,UTTARAKHAND,022015, Urdu,425461,224080,201381,186700,97982,88718,238761,126098,112663
C0116,05,000,00000,UTTARAKHAND,022016, Bhansari,125,74,51,90,53,37,35,21,14
C0116,05,000,00000,UTTARAKHAND,022999,22 Others,166,93,73,103,60,43,63,33,30
C0116,05,000,00000,UTTARAKHAND,023000,23 ADI ,80,41,39,6,4,2,74,37,37
C0116,05,000,00000,UTTARAKHAND,023003, Adi,6,3,3,3,2,1,3,1,2
C0116,05,000,00000,UTTARAKHAND,023006, Adi Gallong/Gallong,1,1,0,1,1,0,0,0,0
C0116,05,000,00000,UTTARAKHAND,023999,23 Others,73,37,36,2,1,1,71,36,35
C0116,05,000,00000,UTTARAKHAND,024000,24 AFGHANI/KABULI/PASHTO ,90,48,42,21,9,12,69,39,30
C0116,05,000,00000,UTTARAKHAND,024001, Afghani/Kabuli/Pashto,90,48,42,21,9,12,69,39,30
C0116,05,000,00000,UTTARAKHAND,025000,25 ANAL ,74,51,23,3,1,2,71,50,21
C0116,05,000,00000,UTTARAKHAND,025001, Anal,74,51,23,3,1,2,71,50,21
C0116,05,000,00000,UTTARAKHAND,026000,26 ANGAMI ,29,18,11,4,1,3,25,17,8
C0116,05,000,00000,UTTARAKHAND,026002, Angami,25,17,8,4,1,3,21,16,5
C0116,05,000,00000,UTTARAKHAND,026999,26 Others,4,1,3,0,0,0,4,1,3
C0116,05,000,00000,UTTARAKHAND,027000,27 AO ,53,43,10,8,6,2,45,37,8
C0116,05,000,00000,UTTARAKHAND,027001, Ao,53,43,10,8,6,2,45,37,8
C0116,05,000,00000,UTTARAKHAND,028000,28 ARABIC/ARBI ,339,175,164,201,105,96,138,70,68
C0116,05,000,00000,UTTARAKHAND,028001, Arabic/Arbi,339,175,164,201,105,96,138,70,68
C0116,05,000,00000,UTTARAKHAND,029000,29 BALTI ,1173,645,528,1152,633,519,21,12,9
C0116,05,000,00000,UTTARAKHAND,029002, Balti,1173,645,528,1152,633,519,21,12,9
C0116,05,000,00000,UTTARAKHAND,030000,30 BHILI/BHILODI ,2001,1028,973,1945,1001,944,56,27,29
C0116,05,000,00000,UTTARAKHAND,030002, Baori,1838,929,909,1821,927,894,17,2,15
C0116,05,000,00000,UTTARAKHAND,030003, Barel,1,1,0,0,0,0,1,1,0
C0116,05,000,00000,UTTARAKHAND,030007, Bhili/Bhilodi,6,6,0,0,0,0,6,6,0
C0116,05,000,00000,UTTARAKHAND,030011, Chodhari,4,4,0,4,4,0,0,0,0
C0116,05,000,00000,UTTARAKHAND,030015, Dhodia,12,6,6,12,6,6,0,0,0
C0116,05,000,00000,UTTARAKHAND,030035, Kokna/Kokni/Kukna,26,17,9,10,9,1,16,8,8
C0116,05,000,00000,UTTARAKHAND,030066, Paradhi,1,1,0,0,0,0,1,1,0
C0116,05,000,00000,UTTARAKHAND,030073, Tadavi,99,57,42,89,51,38,10,6,4
C0116,05,000,00000,UTTARAKHAND,030999,30 Others,14,7,7,9,4,5,5,3,2
C0116,05,000,00000,UTTARAKHAND,031000,31 BHOTIA ,9287,4518,4769,6329,3102,3227,2958,1416,1542
C0116,05,000,00000,UTTARAKHAND,031001, Bhotia,9207,4476,4731,6315,3096,3219,2892,1380,1512
C0116,05,000,00000,UTTARAKHAND,031011, Bauti,5,3,2,5,3,2,0,0,0
C0116,05,000,00000,UTTARAKHAND,031999,31 Others,75,39,36,9,3,6,66,36,30
C0116,05,000,00000,UTTARAKHAND,032000,32 BHUMIJ ,1,1,0,1,1,0,0,0,0
C0116,05,000,00000,UTTARAKHAND,032999,32 Others,1,1,0,1,1,0,0,0,0
C0116,05,000,00000,UTTARAKHAND,033000,33 BISHNUPURIYA,3,3,0,0,0,0,3,3,0
C0116,05,000,00000,UTTARAKHAND,033003, Bishnupriya Manipuri/Manipuri Bishnupriya,1,1,0,0,0,0,1,1,0
C0116,05,000,00000,UTTARAKHAND,033999,33 Others,2,2,0,0,0,0,2,2,0
C0116,05,000,00000,UTTARAKHAND,034000,34 CHAKHESANG ,2,2,0,0,0,0,2,2,0
C0116,05,000,00000,UTTARAKHAND,034001, Chakhesang,2,2,0,0,0,0,2,2,0
C0116,05,000,00000,UTTARAKHAND,035000,35 CHAKRU/CHOKRI ,2,2,0,0,0,0,2,2,0
C0116,05,000,00000,UTTARAKHAND,035001, Chakru/Chokri,2,2,0,0,0,0,2,2,0
C0116,05,000,00000,UTTARAKHAND,036000,36 CHANG ,6,4,2,0,0,0,6,4,2
C0116,05,000,00000,UTTARAKHAND,036001, Chang,6,4,2,0,0,0,6,4,2
C0116,05,000,00000,UTTARAKHAND,037000,37 COORGI/KODAGU ,9,6,3,1,1,0,8,5,3
C0116,05,000,00000,UTTARAKHAND,037001, Coorgi/Kodagu,9,6,3,1,1,0,8,5,3
C0116,05,000,00000,UTTARAKHAND,039000,39 DIMASA ,9,9,0,9,9,0,0,0,0
C0116,05,000,00000,UTTARAKHAND,039002, Dimasa,9,9,0,9,9,0,0,0,0
C0116,05,000,00000,UTTARAKHAND,040000,40 ENGLISH ,1385,700,685,451,276,175,934,424,510
C0116,05,000,00000,UTTARAKHAND,040001, English,1385,700,685,451,276,175,934,424,510
C0116,05,000,00000,UTTARAKHAND,042000,42 GANGTE ,7,4,3,1,0,1,6,4,2
C0116,05,000,00000,UTTARAKHAND,042001, Gangte,7,4,3,1,0,1,6,4,2
C0116,05,000,00000,UTTARAKHAND,043000,43 GARO ,30,14,16,11,9,2,19,5,14
C0116,05,000,00000,UTTARAKHAND,043005, Garo,30,14,16,11,9,2,19,5,14
C0116,05,000,00000,UTTARAKHAND,044000,44 GONDI,22,16,6,21,15,6,1,1,0
C0116,05,000,00000,UTTARAKHAND,044007, Gondi,5,4,1,5,4,1,0,0,0
C0116,05,000,00000,UTTARAKHAND,044017, Maria/ Muria,11,7,4,11,7,4,0,0,0
C0116,05,000,00000,UTTARAKHAND,044999,44 Others,6,5,1,5,4,1,1,1,0
C0116,05,000,00000,UTTARAKHAND,045000,45 HALABI,3,2,1,3,2,1,0,0,0
C0116,05,000,00000,UTTARAKHAND,045001, Halabi,3,2,1,3,2,1,0,0,0
C0116,05,000,00000,UTTARAKHAND,046000,46 HALAM ,6001,2969,3032,4928,2467,2461,1073,502,571
C0116,05,000,00000,UTTARAKHAND,046003, Halam,5995,2963,3032,4923,2462,2461,1072,501,571
C0116,05,000,00000,UTTARAKHAND,046999,46 Others,6,6,0,5,5,0,1,1,0
C0116,05,000,00000,UTTARAKHAND,047000,47 HMAR,7,7,0,1,1,0,6,6,0
C0116,05,000,00000,UTTARAKHAND,047001, Hmar,7,7,0,1,1,0,6,6,0
C0116,05,000,00000,UTTARAKHAND,048000,48 HO,34,28,6,30,25,5,4,3,1
C0116,05,000,00000,UTTARAKHAND,048004, Ho,33,27,6,30,25,5,3,2,1
C0116,05,000,00000,UTTARAKHAND,048007, Lohara,1,1,0,0,0,0,1,1,0
C0116,05,000,00000,UTTARAKHAND,051000,51 KABUI ,39,28,11,19,12,7,20,16,4
C0116,05,000,00000,UTTARAKHAND,051003, Kabui,6,5,1,3,2,1,3,3,0
C0116,05,000,00000,UTTARAKHAND,051005, Rongmei,33,23,10,16,10,6,17,13,4
C0116,05,000,00000,UTTARAKHAND,052000,52 KARBI/MIKIR ,3,1,2,3,1,2,0,0,0
C0116,05,000,00000,UTTARAKHAND,052002, Karbi/Mikir,3,1,2,3,1,2,0,0,0
C0116,05,000,00000,UTTARAKHAND,053000,53 KHANDESHI,9470,4803,4667,9469,4803,4666,1,0,1
C0116,05,000,00000,UTTARAKHAND,053005, Gujari,9470,4803,4667,9469,4803,4666,1,0,1
C0116,05,000,00000,UTTARAKHAND,054000,54 KHARIA ,51,30,21,37,24,13,14,6,8
C0116,05,000,00000,UTTARAKHAND,054005, Kharia,51,30,21,37,24,13,14,6,8
C0116,05,000,00000,UTTARAKHAND,055000,55 KHASI ,18,12,6,8,8,0,10,4,6
C0116,05,000,00000,UTTARAKHAND,055007, Khasi,17,11,6,8,8,0,9,3,6
C0116,05,000,00000,UTTARAKHAND,055012, Pnar/Synteng,1,1,0,0,0,0,1,1,0
C0116,05,000,00000,UTTARAKHAND,056000,56 KHEZHA ,2,0,2,2,0,2,0,0,0
C0116,05,000,00000,UTTARAKHAND,056999,56 Others ,2,0,2,2,0,2,0,0,0
C0116,05,000,00000,UTTARAKHAND,058000,58 KHOND/KONDH ,1,1,0,0,0,0,1,1,0
C0116,05,000,00000,UTTARAKHAND,058001, Khond/Kondh,1,1,0,0,0,0,1,1,0
C0116,05,000,00000,UTTARAKHAND,059000,59 KINNAURI ,251,147,104,218,128,90,33,19,14
C0116,05,000,00000,UTTARAKHAND,059003, Kinnauri,251,147,104,218,128,90,33,19,14
C0116,05,000,00000,UTTARAKHAND,062000,62 KODA/KORA ,4,2,2,0,0,0,4,2,2
C0116,05,000,00000,UTTARAKHAND,062003, Koda/Kora,1,1,0,0,0,0,1,1,0
C0116,05,000,00000,UTTARAKHAND,062999,62 Others ,3,1,2,0,0,0,3,1,2
C0116,05,000,00000,UTTARAKHAND,064000,64 KOM,15,11,4,0,0,0,15,11,4
C0116,05,000,00000,UTTARAKHAND,064001, Kom,15,11,4,0,0,0,15,11,4
C0116,05,000,00000,UTTARAKHAND,065000,65 KONDA,1,1,0,0,0,0,1,1,0
C0116,05,000,00000,UTTARAKHAND,065003, Konda,1,1,0,0,0,0,1,1,0
C0116,05,000,00000,UTTARAKHAND,066000,66 KONYAK ,10,8,2,0,0,0,10,8,2
C0116,05,000,00000,UTTARAKHAND,066001, Konyak,10,8,2,0,0,0,10,8,2
C0116,05,000,00000,UTTARAKHAND,071000,71 KUKI,2,2,0,1,1,0,1,1,0
C0116,05,000,00000,UTTARAKHAND,071008, Kuki,2,2,0,1,1,0,1,1,0
C0116,05,000,00000,UTTARAKHAND,072000,72 KURUKH/ORAON ,696,404,292,192,138,54,504,266,238
C0116,05,000,00000,UTTARAKHAND,072024, Kurukh/Oraon,695,404,291,191,138,53,504,266,238
C0116,05,000,00000,UTTARAKHAND,072999,72 Others ,1,0,1,1,0,1,0,0,0
C0116,05,000,00000,UTTARAKHAND,073000,73 LADAKHI ,264,170,94,195,124,71,69,46,23
C0116,05,000,00000,UTTARAKHAND,073003, Ladakhi,264,170,94,195,124,71,69,46,23
C0116,05,000,00000,UTTARAKHAND,075000,75 LAHNDA ,742,383,359,673,345,328,69,38,31
C0116,05,000,00000,UTTARAKHAND,075001, Bahawal Puri,4,3,1,1,1,0,3,2,1
C0116,05,000,00000,UTTARAKHAND,075006, Hindi Multani,691,355,336,657,335,322,34,20,14
C0116,05,000,00000,UTTARAKHAND,075999,75 Others ,47,25,22,15,9,6,32,16,16
C0116,05,000,00000,UTTARAKHAND,076000,76 LAKHER,10,6,4,9,5,4,1,1,0
C0116,05,000,00000,UTTARAKHAND,076002, Mara,10,6,4,9,5,4,1,1,0
C0116,05,000,00000,UTTARAKHAND,078000,78 LEPCHA ,147,84,63,29,18,11,118,66,52
C0116,05,000,00000,UTTARAKHAND,078001, Lepcha,147,84,63,29,18,11,118,66,52
C0116,05,000,00000,UTTARAKHAND,080000,80 LIMBU ,5,2,3,1,1,0,4,1,3
C0116,05,000,00000,UTTARAKHAND,080002, Limbu,4,1,3,0,0,0,4,1,3
C0116,05,000,00000,UTTARAKHAND,080999,80 Others ,1,1,0,1,1,0,0,0,0
C0116,05,000,00000,UTTARAKHAND,081000,81 LOTHA ,21,20,1,3,3,0,18,17,1
C0116,05,000,00000,UTTARAKHAND,081001, Lotha,21,20,1,3,3,0,18,17,1
C0116,05,000,00000,UTTARAKHAND,082000,82 LUSHAI/MIZO ,118,67,51,65,39,26,53,28,25
C0116,05,000,00000,UTTARAKHAND,082005, Lushai/Mizo,118,67,51,65,39,26,53,28,25
C0116,05,000,00000,UTTARAKHAND,084000,84 MAO,39,35,4,0,0,0,39,35,4
C0116,05,000,00000,UTTARAKHAND,084001, Mao,39,35,4,0,0,0,39,35,4
C0116,05,000,00000,UTTARAKHAND,085000,85 MARAM,2,2,0,0,0,0,2,2,0
C0116,05,000,00000,UTTARAKHAND,085001, Maram ,2,2,0,0,0,0,2,2,0
C0116,05,000,00000,UTTARAKHAND,086000,86 MARING ,9,7,2,0,0,0,9,7,2
C0116,05,000,00000,UTTARAKHAND,086001, Maring,9,7,2,0,0,0,9,7,2
C0116,05,000,00000,UTTARAKHAND,087000,87 MIRI/MISHING,2,1,1,2,1,1,0,0,0
C0116,05,000,00000,UTTARAKHAND,087003, Miri/Mishing,2,1,1,2,1,1,0,0,0
C0116,05,000,00000,UTTARAKHAND,088000,88 MISHMI ,22,14,8,16,12,4,6,2,4
C0116,05,000,00000,UTTARAKHAND,088007, Mishmi,16,13,3,15,12,3,1,1,0
C0116,05,000,00000,UTTARAKHAND,088999,88 Others ,6,1,5,1,0,1,5,1,4
C0116,05,000,00000,UTTARAKHAND,089000,89 MOGH ,3,2,1,3,2,1,0,0,0
C0116,05,000,00000,UTTARAKHAND,089004, Mogh,3,2,1,3,2,1,0,0,0
C0116,05,000,00000,UTTARAKHAND,090000,90 MONPA ,37,19,18,25,13,12,12,6,6
C0116,05,000,00000,UTTARAKHAND,090003, Monpa,37,19,18,25,13,12,12,6,6
C0116,05,000,00000,UTTARAKHAND,091000,91 MUNDA,849,442,407,810,415,395,39,27,12
C0116,05,000,00000,UTTARAKHAND,091006, Kol,2,2,0,2,2,0,0,0,0
C0116,05,000,00000,UTTARAKHAND,091009, Munda,167,100,67,134,76,58,33,24,9
C0116,05,000,00000,UTTARAKHAND,091999,91 Others ,680,340,340,674,337,337,6,3,3
C0116,05,000,00000,UTTARAKHAND,092000,92 MUNDARI ,92,62,30,45,34,11,47,28,19
C0116,05,000,00000,UTTARAKHAND,092005, Mundari,92,62,30,45,34,11,47,28,19
C0116,05,000,00000,UTTARAKHAND,094000,94 NISSI/DAFLA ,7553,3953,3600,7516,3935,3581,37,18,19
C0116,05,000,00000,UTTARAKHAND,094001, Apatani,8,7,1,7,6,1,1,1,0
C0116,05,000,00000,UTTARAKHAND,094007, Nissi/Dafla,18,14,4,17,13,4,1,1,0
C0116,05,000,00000,UTTARAKHAND,094008, Tagin,1,1,0,1,1,0,0,0,0
C0116,05,000,00000,UTTARAKHAND,094999,94 Others ,7526,3931,3595,7491,3915,3576,35,16,19
C0116,05,000,00000,UTTARAKHAND,096000,96 PAITE,13,8,5,5,3,2,8,5,3
C0116,05,000,00000,UTTARAKHAND,096002, Paite,13,8,5,5,3,2,8,5,3
C0116,05,000,00000,UTTARAKHAND,097000,97 PARJI ,3,3,0,3,3,0,0,0,0
C0116,05,000,00000,UTTARAKHAND,097001, Dhurwa,3,3,0,3,3,0,0,0,0
C0116,05,000,00000,UTTARAKHAND,100000,100 PHOM ,1,1,0,0,0,0,1,1,0
C0116,05,000,00000,UTTARAKHAND,100001, Phom,1,1,0,0,0,0,1,1,0
C0116,05,000,00000,UTTARAKHAND,101000,101 POCHURY,9,8,1,0,0,0,9,8,1
C0116,05,000,00000,UTTARAKHAND,101006, Pochury,9,8,1,0,0,0,9,8,1
C0116,05,000,00000,UTTARAKHAND,102000,102 RABHA ,2,2,0,2,2,0,0,0,0
C0116,05,000,00000,UTTARAKHAND,102002, Rabha,2,2,0,2,2,0,0,0,0
C0116,05,000,00000,UTTARAKHAND,103000,103 RAI ,268,124,144,244,111,133,24,13,11
C0116,05,000,00000,UTTARAKHAND,103003, Rai,268,124,144,244,111,133,24,13,11
C0116,05,000,00000,UTTARAKHAND,104000,104 RENGMA ,503,247,256,498,245,253,5,2,3
C0116,05,000,00000,UTTARAKHAND,104001, Rengma,503,247,256,498,245,253,5,2,3
C0116,05,000,00000,UTTARAKHAND,105000,105 SANGTAM ,11,9,2,8,6,2,3,3,0
C0116,05,000,00000,UTTARAKHAND,105004, Sangtam,11,9,2,8,6,2,3,3,0
C0116,05,000,00000,UTTARAKHAND,106000,106 SAVARA,3,2,1,2,1,1,1,1,0
C0116,05,000,00000,UTTARAKHAND,106004, Savara,3,2,1,2,1,1,1,1,0
C0116,05,000,00000,UTTARAKHAND,107000,107 SEMA,7,7,0,2,2,0,5,5,0
C0116,05,000,00000,UTTARAKHAND,107002, Sema,7,7,0,2,2,0,5,5,0
C0116,05,000,00000,UTTARAKHAND,109000,109 SHINA,7,3,4,6,2,4,1,1,0
C0116,05,000,00000,UTTARAKHAND,109005, Shina,2,2,0,2,2,0,0,0,0
C0116,05,000,00000,UTTARAKHAND,109999,109 Others ,5,1,4,4,0,4,1,1,0
C0116,05,000,00000,UTTARAKHAND,111000,111 TAMANG ,19,8,11,18,7,11,1,1,0
C0116,05,000,00000,UTTARAKHAND,111001, Tamang,19,8,11,18,7,11,1,1,0
C0116,05,000,00000,UTTARAKHAND,112000,112 TANGKHUL ,55,32,23,8,5,3,47,27,20
C0116,05,000,00000,UTTARAKHAND,112008, Tangkhul,55,32,23,8,5,3,47,27,20
C0116,05,000,00000,UTTARAKHAND,113000,113 TANGSA,7,3,4,0,0,0,7,3,4
C0116,05,000,00000,UTTARAKHAND,113024, Tutcha Tangsa,7,3,4,0,0,0,7,3,4
C0116,05,000,00000,UTTARAKHAND,114000,114 THADO ,19,10,9,14,7,7,5,3,2
C0116,05,000,00000,UTTARAKHAND,114015, Thado,10,6,4,8,5,3,2,1,1
C0116,05,000,00000,UTTARAKHAND,114999,114 Others,9,4,5,6,2,4,3,2,1
C0116,05,000,00000,UTTARAKHAND,115000,115 TIBETAN ,10162,6239,3923,5119,2859,2260,5043,3380,1663
C0116,05,000,00000,UTTARAKHAND,115008, Tibetan,10125,6217,3908,5102,2847,2255,5023,3370,1653
C0116,05,000,00000,UTTARAKHAND,115999,115 Others,37,22,15,17,12,5,20,10,10
C0116,05,000,00000,UTTARAKHAND,116000,116 TRIPURI ,33,15,18,11,5,6,22,10,12
C0116,05,000,00000,UTTARAKHAND,116007, Kokbarak,11,4,7,3,1,2,8,3,5
C0116,05,000,00000,UTTARAKHAND,116014, Tripuri,21,10,11,8,4,4,13,6,7
C0116,05,000,00000,UTTARAKHAND,116999,116 Others ,1,1,0,0,0,0,1,1,0
C0116,05,000,00000,UTTARAKHAND,117000,117 TULU ,12,6,6,2,2,0,10,4,6
C0116,05,000,00000,UTTARAKHAND,117009, Tulu,2,2,0,0,0,0,2,2,0
C0116,05,000,00000,UTTARAKHAND,117999,117 Others ,10,4,6,2,2,0,8,2,6
C0116,05,000,00000,UTTARAKHAND,119000,119 WANCHO,1,1,0,0,0,0,1,1,0
C0116,05,000,00000,UTTARAKHAND,119001, Wancho,1,1,0,0,0,0,1,1,0
C0116,05,000,00000,UTTARAKHAND,120000,120 YIMCHUNGRE,2,2,0,0,0,0,2,2,0
C0116,05,000,00000,UTTARAKHAND,120001, Chirr,2,2,0,0,0,0,2,2,0
C0116,05,000,00000,UTTARAKHAND,122000,122 ZEMI ,5,5,0,5,5,0,0,0,0
C0116,05,000,00000,UTTARAKHAND,122003, Zemi,5,5,0,5,5,0,0,0,0
C0116,05,000,00000,UTTARAKHAND,123000,123 ZOU ,3,3,0,1,1,0,2,2,0
C0116,05,000,00000,UTTARAKHAND,123001, Zou,3,3,0,1,1,0,2,2,0
C0116,05,000,00000,UTTARAKHAND,124000,124 OTHERS,4561,2567,1994,3050,1573,1477,1511,994,517
C0116,06,000,00000,HARYANA,001000,1 ASSAMESE,4204,2236,1968,1666,800,866,2538,1436,1102
C0116,06,000,00000,HARYANA,001002, Assamese,4176,2221,1955,1659,797,862,2517,1424,1093
C0116,06,000,00000,HARYANA,001999,1 Others,28,15,13,7,3,4,21,12,9
C0116,06,000,00000,HARYANA,002000,2 BENGALI ,70948,38550,32398,14239,7846,6393,56709,30704,26005
C0116,06,000,00000,HARYANA,002007, Bengali,70908,38530,32378,14220,7840,6380,56688,30690,25998
C0116,06,000,00000,HARYANA,002011, Chakma,7,4,3,0,0,0,7,4,3
C0116,06,000,00000,HARYANA,002044, Rajbangsi,9,3,6,7,2,5,2,1,1
C0116,06,000,00000,HARYANA,002999,2 Others,24,13,11,12,4,8,12,9,3
C0116,06,000,00000,HARYANA,003000,3 BODO ,92,60,32,36,24,12,56,36,20
C0116,06,000,00000,HARYANA,003001, Bodo/Boro,90,59,31,36,24,12,54,35,19
C0116,06,000,00000,HARYANA,003004, Mech/Mechhia,2,1,1,0,0,0,2,1,1
C0116,06,000,00000,HARYANA,004000,4 DOGRI ,3129,1860,1269,1380,757,623,1749,1103,646
C0116,06,000,00000,HARYANA,004001, Dogri,3129,1860,1269,1380,757,623,1749,1103,646
C0116,06,000,00000,HARYANA,005000,5 GUJARATI,7519,4032,3487,1179,610,569,6340,3422,2918
C0116,06,000,00000,HARYANA,005018, Gujarati,6839,3681,3158,622,328,294,6217,3353,2864
C0116,06,000,00000,HARYANA,005052, Pattani,19,11,8,0,0,0,19,11,8
C0116,06,000,00000,HARYANA,005054, Ponchi,1,1,0,1,1,0,0,0,0
C0116,06,000,00000,HARYANA,005057, Saurashtra/Saurashtri,9,4,5,0,0,0,9,4,5
C0116,06,000,00000,HARYANA,005999,5 Others,651,335,316,556,281,275,95,54,41
C0116,06,000,00000,HARYANA,006000,6 HINDI ,22322157,11904478,10417679,14446655,7694941,6751714,7875502,4209537,3665965
C0116,06,000,00000,HARYANA,006030, Awadhi,8682,4615,4067,4804,2527,2277,3878,2088,1790
C0116,06,000,00000,HARYANA,006040, Baghati/Baghati Pahari,32,14,18,21,8,13,11,6,5
C0116,06,000,00000,HARYANA,006042, Bagheli/Baghel Khandi,124,66,58,43,21,22,81,45,36
C0116,06,000,00000,HARYANA,006045, Bagri Rajasthani,3,2,1,0,0,0,3,2,1
C0116,06,000,00000,HARYANA,006066, Banjari,93,56,37,89,54,35,4,2,2
C0116,06,000,00000,HARYANA,006086, Bhadrawahi,86,53,33,22,15,7,64,38,26
C0116,06,000,00000,HARYANA,006096, Bharmauri/Gaddi,287,148,139,30,15,15,257,133,124
C0116,06,000,00000,HARYANA,006102, Bhojpuri,109695,65732,43963,22486,14304,8182,87209,51428,35781
C0116,06,000,00000,HARYANA,006119, Bishnoi,844,440,404,844,440,404,0,0,0
C0116,06,000,00000,HARYANA,006123, Brajbhasha,7831,4143,3688,4740,2467,2273,3091,1676,1415
C0116,06,000,00000,HARYANA,006125, Bundeli/Bundel khandi,3049,1687,1362,1755,973,782,1294,714,580
C0116,06,000,00000,HARYANA,006133, Chambeali/Chamrali,14,7,7,4,2,2,10,5,5
C0116,06,000,00000,HARYANA,006142, Chhattisgarhi,2846,1509,1337,1851,971,880,995,538,457
C0116,06,000,00000,HARYANA,006173, Dhundhari,2,1,1,0,0,0,2,1,1
C0116,06,000,00000,HARYANA,006195, Garhwali,12207,6579,5628,1086,635,451,11121,5944,5177
C0116,06,000,00000,HARYANA,006198, Gawari,90,47,43,90,47,43,0,0,0
C0116,06,000,00000,HARYANA,006207, Gojri/Gujjari/Gujar,129,66,63,25,15,10,104,51,53
C0116,06,000,00000,HARYANA,006231, Handuri,1,1,0,1,1,0,0,0,0
C0116,06,000,00000,HARYANA,006232, Hara/Harauti,4,2,2,0,0,0,4,2,2
C0116,06,000,00000,HARYANA,006235, Haryanvi,9423007,5032505,4390502,7931555,4241171,3690384,1491452,791334,700118
C0116,06,000,00000,HARYANA,006240, Hindi,12158233,6488697,5669536,5976366,3183372,2792994,6181867,3305325,2876542
C0116,06,000,00000,HARYANA,006265, Jaunpuri/Jaunsari,30,18,12,8,5,3,22,13,9
C0116,06,000,00000,HARYANA,006291, Kangri,169,84,85,16,9,7,153,75,78
C0116,06,000,00000,HARYANA,006311, Khari Boli,2517,1301,1216,1920,975,945,597,326,271
C0116,06,000,00000,HARYANA,006320, Khortha/Khotta,189,142,47,83,74,9,106,68,38
C0116,06,000,00000,HARYANA,006336, Kulvi,5,3,2,0,0,0,5,3,2
C0116,06,000,00000,HARYANA,006340, Kumauni,4427,2418,2009,398,239,159,4029,2179,1850
C0116,06,000,00000,HARYANA,006345, Kurmali Thar,13,6,7,4,3,1,9,3,6
C0116,06,000,00000,HARYANA,006353, Lamani/Lambadi,11,5,6,2,1,1,9,4,5
C0116,06,000,00000,HARYANA,006376, Magadhi/Magahi,2321,1413,908,1039,667,372,1282,746,536
C0116,06,000,00000,HARYANA,006391, Malvi,68,37,31,5,2,3,63,35,28
C0116,06,000,00000,HARYANA,006394, Mandeali,25,15,10,2,2,0,23,13,10
C0116,06,000,00000,HARYANA,006400, Marwari,13488,6999,6489,8161,4223,3938,5327,2776,2551
C0116,06,000,00000,HARYANA,006408, Mewari,108,51,57,100,46,54,8,5,3
C0116,06,000,00000,HARYANA,006409, Mewati,421905,220817,201088,391958,205176,186782,29947,15641,14306
C0116,06,000,00000,HARYANA,006420, Nagpuria,66,32,34,38,16,22,28,16,12
C0116,06,000,00000,HARYANA,006432, Nimadi,31,12,19,10,4,6,21,8,13
C0116,06,000,00000,HARYANA,006439, Pahari,10407,5521,4886,6501,3396,3105,3906,2125,1781
C0116,06,000,00000,HARYANA,006452, Pando/Pandwani,1,0,1,1,0,1,0,0,0
C0116,06,000,00000,HARYANA,006466, Pawari/Powari,6,0,6,6,0,6,0,0,0
C0116,06,000,00000,HARYANA,006489, Rajasthani,80516,26746,53770,53556,12977,40579,26960,13769,13191
C0116,06,000,00000,HARYANA,006503, Sadan/Sadri,478,246,232,207,125,82,271,121,150
C0116,06,000,00000,HARYANA,006530, Sirmauri,7,4,3,1,1,0,6,3,3
C0116,06,000,00000,HARYANA,006548, Surjapuri,185,156,29,38,38,0,147,118,29
C0116,06,000,00000,HARYANA,006999,6 Others,57925,32082,25843,36789,19924,16865,21136,12158,8978
C0116,06,000,00000,HARYANA,007000,7 KANNADA,3172,1954,1218,299,203,96,2873,1751,1122
C0116,06,000,00000,HARYANA,007002, Badaga,4,2,2,0,0,0,4,2,2
C0116,06,000,00000,HARYANA,007016, Kannada,3008,1856,1152,287,194,93,2721,1662,1059
C0116,06,000,00000,HARYANA,007041, Prakritha/Prakritha Bhasha,125,75,50,5,4,1,120,71,49
C0116,06,000,00000,HARYANA,007999,7 Others,35,21,14,7,5,2,28,16,12
C0116,06,000,00000,HARYANA,008000,8 KASHMIRI ,6225,3201,3024,279,173,106,5946,3028,2918
C0116,06,000,00000,HARYANA,008005, Kashmiri,6016,3081,2935,220,135,85,5796,2946,2850
C0116,06,000,00000,HARYANA,008018, Siraji,1,0,1,1,0,1,0,0,0
C0116,06,000,00000,HARYANA,008019, Dardi,81,46,35,37,18,19,44,28,16
C0116,06,000,00000,HARYANA,008999,8 Others,127,74,53,21,20,1,106,54,52
C0116,06,000,00000,HARYANA,009000,9 KONKANI,432,212,220,39,19,20,393,193,200
C0116,06,000,00000,HARYANA,009011, Konkani,407,199,208,32,15,17,375,184,191
C0116,06,000,00000,HARYANA,009016, Malwani,16,10,6,7,4,3,9,6,3
C0116,06,000,00000,HARYANA,009999,9 Others,9,3,6,0,0,0,9,3,6
C0116,06,000,00000,HARYANA,010000,10 MAITHILI ,25685,15099,10586,7567,4456,3111,18118,10643,7475
C0116,06,000,00000,HARYANA,010008, Maithili,20169,12016,8153,3733,2398,1335,16436,9618,6818
C0116,06,000,00000,HARYANA,010011, Purbi Maithili,3868,2008,1860,3456,1789,1667,412,219,193
C0116,06,000,00000,HARYANA,010013, Thati,1644,1073,571,374,267,107,1270,806,464
C0116,06,000,00000,HARYANA,010014, Tharu,4,2,2,4,2,2,0,0,0
C0116,06,000,00000,HARYANA,011000,11 MALAYALAM,14518,7864,6654,1261,714,547,13257,7150,6107
C0116,06,000,00000,HARYANA,011016, Malayalam,14357,7790,6567,1111,648,463,13246,7142,6104
C0116,06,000,00000,HARYANA,011023, Pania,12,6,6,12,6,6,0,0,0
C0116,06,000,00000,HARYANA,011999,11 Others,149,68,81,138,60,78,11,8,3
C0116,06,000,00000,HARYANA,012000,12 MANIPURI ,563,348,215,102,75,27,461,273,188
C0116,06,000,00000,HARYANA,012003, Manipuri,556,343,213,101,74,27,455,269,186
C0116,06,000,00000,HARYANA,012999,12 Others,7,5,2,1,1,0,6,4,2
C0116,06,000,00000,HARYANA,013000,13 MARATHI ,12806,7181,5625,2129,1087,1042,10677,6094,4583
C0116,06,000,00000,HARYANA,013060, Koli,3,1,2,3,1,2,0,0,0
C0116,06,000,00000,HARYANA,013071, Marathi,12756,7155,5601,2111,1080,1031,10645,6075,4570
C0116,06,000,00000,HARYANA,013999,13 Others,47,25,22,15,6,9,32,19,13
C0116,06,000,00000,HARYANA,014000,14 NEPALI ,19914,11718,8196,6217,3818,2399,13697,7900,5797
C0116,06,000,00000,HARYANA,014011, Nepali,19914,11718,8196,6217,3818,2399,13697,7900,5797
C0116,06,000,00000,HARYANA,015000,15 ODIA ,14835,8599,6236,3108,1789,1319,11727,6810,4917
C0116,06,000,00000,HARYANA,015007, Bhuiya/Bhuyan[Ori],1,1,0,0,0,0,1,1,0
C0116,06,000,00000,HARYANA,015043, Odia,14302,8311,5991,2589,1510,1079,11713,6801,4912
C0116,06,000,00000,HARYANA,015999,15 Others,532,287,245,519,279,240,13,8,5
C0116,06,000,00000,HARYANA,016000,16 PUNJABI ,2400883,1251882,1149001,1665810,869065,796745,735073,382817,352256
C0116,06,000,00000,HARYANA,016002, Bagri,534263,280542,253721,491489,258148,233341,42774,22394,20380
C0116,06,000,00000,HARYANA,016005, Bhateali,34,27,7,7,7,0,27,20,7
C0116,06,000,00000,HARYANA,016038, Punjabi,1865482,970730,894752,1174075,610780,563295,691407,359950,331457
C0116,06,000,00000,HARYANA,016999,16 Others,1104,583,521,239,130,109,865,453,412
C0116,06,000,00000,HARYANA,017000,17 SANSKRIT ,490,326,164,85,54,31,405,272,133
C0116,06,000,00000,HARYANA,017002, Sanskrit,490,326,164,85,54,31,405,272,133
C0116,06,000,00000,HARYANA,018000,18 SANTALI ,222,142,80,147,103,44,75,39,36
C0116,06,000,00000,HARYANA,018011, Mahili,1,1,0,1,1,0,0,0,0
C0116,06,000,00000,HARYANA,018040, Santali,207,133,74,134,95,39,73,38,35
C0116,06,000,00000,HARYANA,018999,18 Others,14,8,6,12,7,5,2,1,1
C0116,06,000,00000,HARYANA,019000,19 SINDHI,1658,813,845,34,22,12,1624,791,833
C0116,06,000,00000,HARYANA,019008, Kachchhi,12,4,8,0,0,0,12,4,8
C0116,06,000,00000,HARYANA,019014, Sindhi,1645,809,836,34,22,12,1611,787,824
C0116,06,000,00000,HARYANA,019999,19 Others,1,0,1,0,0,0,1,0,1
C0116,06,000,00000,HARYANA,020000,20 TAMIL ,12658,7400,5258,1315,800,515,11343,6600,4743
C0116,06,000,00000,HARYANA,020027, Tamil,12657,7399,5258,1315,800,515,11342,6599,4743
C0116,06,000,00000,HARYANA,020029, Yerukala/Yerukula,1,1,0,0,0,0,1,1,0
C0116,06,000,00000,HARYANA,021000,21 TELUGU ,9831,5846,3985,1309,816,493,8522,5030,3492
C0116,06,000,00000,HARYANA,021046, Telugu,9665,5753,3912,1200,754,446,8465,4999,3466
C0116,06,000,00000,HARYANA,021999,21 Others,166,93,73,109,62,47,57,31,26
C0116,06,000,00000,HARYANA,022000,22 URDU,374353,197206,177147,328070,171827,156243,46283,25379,20904
C0116,06,000,00000,HARYANA,022015, Urdu,374188,197109,177079,328002,171786,156216,46186,25323,20863
C0116,06,000,00000,HARYANA,022016, Bhansari,5,4,1,0,0,0,5,4,1
C0116,06,000,00000,HARYANA,022999,22 Others,160,93,67,68,41,27,92,52,40
C0116,06,000,00000,HARYANA,023000,23 ADI ,1023,517,506,898,450,448,125,67,58
C0116,06,000,00000,HARYANA,023003, Adi,44,21,23,14,6,8,30,15,15
C0116,06,000,00000,HARYANA,023040, Talgalo,2,2,0,0,0,0,2,2,0
C0116,06,000,00000,HARYANA,023999,23 Others,977,494,483,884,444,440,93,50,43
C0116,06,000,00000,HARYANA,024000,24 AFGHANI/KABULI/PASHTO ,218,121,97,4,1,3,214,120,94
C0116,06,000,00000,HARYANA,024001, Afghani/Kabuli/Pashto,218,121,97,4,1,3,214,120,94
C0116,06,000,00000,HARYANA,026000,26 ANGAMI ,7,5,2,0,0,0,7,5,2
C0116,06,000,00000,HARYANA,026002, Angami,7,5,2,0,0,0,7,5,2
C0116,06,000,00000,HARYANA,028000,28 ARABIC/ARBI ,491,261,230,101,54,47,390,207,183
C0116,06,000,00000,HARYANA,028001, Arabic/Arbi,491,261,230,101,54,47,390,207,183
C0116,06,000,00000,HARYANA,029000,29 BALTI ,24,17,7,4,4,0,20,13,7
C0116,06,000,00000,HARYANA,029002, Balti,24,17,7,4,4,0,20,13,7
C0116,06,000,00000,HARYANA,030000,30 BHILI/BHILODI ,1121,537,584,830,395,435,291,142,149
C0116,06,000,00000,HARYANA,030002, Baori,941,468,473,767,385,382,174,83,91
C0116,06,000,00000,HARYANA,030007, Bhili/Bhilodi,12,7,5,9,4,5,3,3,0
C0116,06,000,00000,HARYANA,030035, Kokna/Kokni/Kukna,114,45,69,23,0,23,91,45,46
C0116,06,000,00000,HARYANA,030068, Pawri,22,0,22,22,0,22,0,0,0
C0116,06,000,00000,HARYANA,030999,30 Others,32,17,15,9,6,3,23,11,12
C0116,06,000,00000,HARYANA,031000,31 BHOTIA ,61,32,29,19,14,5,42,18,24
C0116,06,000,00000,HARYANA,031001, Bhotia,18,14,4,12,10,2,6,4,2
C0116,06,000,00000,HARYANA,031011, Bauti,7,5,2,3,2,1,4,3,1
C0116,06,000,00000,HARYANA,031999,31 Others,36,13,23,4,2,2,32,11,21
C0116,06,000,00000,HARYANA,032000,32 BHUMIJ ,1,0,1,0,0,0,1,0,1
C0116,06,000,00000,HARYANA,032999,32 Others,1,0,1,0,0,0,1,0,1
C0116,06,000,00000,HARYANA,033000,33 BISHNUPURIYA,6,4,2,0,0,0,6,4,2
C0116,06,000,00000,HARYANA,033003, Bishnupriya Manipuri/Manipuri Bishnupriya,5,3,2,0,0,0,5,3,2
C0116,06,000,00000,HARYANA,033999,33 Others,1,1,0,0,0,0,1,1,0
C0116,06,000,00000,HARYANA,036000,36 CHANG ,1,1,0,1,1,0,0,0,0
C0116,06,000,00000,HARYANA,036001, Chang,1,1,0,1,1,0,0,0,0
C0116,06,000,00000,HARYANA,037000,37 COORGI/KODAGU ,31,21,10,15,8,7,16,13,3
C0116,06,000,00000,HARYANA,037001, Coorgi/Kodagu,31,21,10,15,8,7,16,13,3
C0116,06,000,00000,HARYANA,039000,39 DIMASA ,4,3,1,0,0,0,4,3,1
C0116,06,000,00000,HARYANA,039002, Dimasa,4,3,1,0,0,0,4,3,1
C0116,06,000,00000,HARYANA,040000,40 ENGLISH ,3852,2015,1837,821,477,344,3031,1538,1493
C0116,06,000,00000,HARYANA,040001, English,3852,2015,1837,821,477,344,3031,1538,1493
C0116,06,000,00000,HARYANA,041000,41 GADABA ,4,2,2,0,0,0,4,2,2
C0116,06,000,00000,HARYANA,041001, Gadaba,4,2,2,0,0,0,4,2,2
C0116,06,000,00000,HARYANA,042000,42 GANGTE ,1,1,0,0,0,0,1,1,0
C0116,06,000,00000,HARYANA,042001, Gangte,1,1,0,0,0,0,1,1,0
C0116,06,000,00000,HARYANA,043000,43 GARO ,19,9,10,11,6,5,8,3,5
C0116,06,000,00000,HARYANA,043005, Garo,13,7,6,11,6,5,2,1,1
C0116,06,000,00000,HARYANA,043999,43 Others,6,2,4,0,0,0,6,2,4
C0116,06,000,00000,HARYANA,044000,44 GONDI,50,24,26,13,7,6,37,17,20
C0116,06,000,00000,HARYANA,044007, Gondi,5,5,0,1,1,0,4,4,0
C0116,06,000,00000,HARYANA,044999,44 Others,45,19,26,12,6,6,33,13,20
C0116,06,000,00000,HARYANA,046000,46 HALAM ,5,2,3,2,0,2,3,2,1
C0116,06,000,00000,HARYANA,046003, Halam,4,1,3,2,0,2,2,1,1
C0116,06,000,00000,HARYANA,046999,46 Others,1,1,0,0,0,0,1,1,0
C0116,06,000,00000,HARYANA,047000,47 HMAR,5,2,3,0,0,0,5,2,3
C0116,06,000,00000,HARYANA,047001, Hmar,5,2,3,0,0,0,5,2,3
C0116,06,000,00000,HARYANA,048000,48 HO,52,30,22,30,19,11,22,11,11
C0116,06,000,00000,HARYANA,048004, Ho,39,22,17,26,16,10,13,6,7
C0116,06,000,00000,HARYANA,048007, Lohara,13,8,5,4,3,1,9,5,4
C0116,06,000,00000,HARYANA,051000,51 KABUI ,6,2,4,0,0,0,6,2,4
C0116,06,000,00000,HARYANA,051005, Rongmei,6,2,4,0,0,0,6,2,4
C0116,06,000,00000,HARYANA,052000,52 KARBI/MIKIR ,2,2,0,1,1,0,1,1,0
C0116,06,000,00000,HARYANA,052002, Karbi/Mikir,2,2,0,1,1,0,1,1,0
C0116,06,000,00000,HARYANA,053000,53 KHANDESHI,62,33,29,12,5,7,50,28,22
C0116,06,000,00000,HARYANA,053005, Gujari,52,30,22,2,2,0,50,28,22
C0116,06,000,00000,HARYANA,053999,53 Others,10,3,7,10,3,7,0,0,0
C0116,06,000,00000,HARYANA,054000,54 KHARIA ,216,110,106,111,60,51,105,50,55
C0116,06,000,00000,HARYANA,054005, Kharia,215,109,106,110,59,51,105,50,55
C0116,06,000,00000,HARYANA,054999,54 Others,1,1,0,1,1,0,0,0,0
C0116,06,000,00000,HARYANA,055000,55 KHASI ,21,8,13,3,1,2,18,7,11
C0116,06,000,00000,HARYANA,055007, Khasi,21,8,13,3,1,2,18,7,11
C0116,06,000,00000,HARYANA,056000,56 KHEZHA ,25,12,13,20,9,11,5,3,2
C0116,06,000,00000,HARYANA,056003, Khezha,3,3,0,2,2,0,1,1,0
C0116,06,000,00000,HARYANA,056999,56 Others ,22,9,13,18,7,11,4,2,2
C0116,06,000,00000,HARYANA,059000,59 KINNAURI ,23,12,11,4,2,2,19,10,9
C0116,06,000,00000,HARYANA,059003, Kinnauri,20,11,9,4,2,2,16,9,7
C0116,06,000,00000,HARYANA,059999,59 Others,3,1,2,0,0,0,3,1,2
C0116,06,000,00000,HARYANA,060000,60 KISAN ,1,0,1,0,0,0,1,0,1
C0116,06,000,00000,HARYANA,060002, Kisan,1,0,1,0,0,0,1,0,1
C0116,06,000,00000,HARYANA,062000,62 KODA/KORA ,4,1,3,0,0,0,4,1,3
C0116,06,000,00000,HARYANA,062003, Koda/Kora,4,1,3,0,0,0,4,1,3
C0116,06,000,00000,HARYANA,066000,66 KONYAK ,2,1,1,0,0,0,2,1,1
C0116,06,000,00000,HARYANA,066001, Konyak,2,1,1,0,0,0,2,1,1
C0116,06,000,00000,HARYANA,068000,68 KORWA ,8,1,7,0,0,0,8,1,7
C0116,06,000,00000,HARYANA,068999,68 Others ,8,1,7,0,0,0,8,1,7
C0116,06,000,00000,HARYANA,071000,71 KUKI,21,13,8,7,4,3,14,9,5
C0116,06,000,00000,HARYANA,071008, Kuki,19,12,7,7,4,3,12,8,4
C0116,06,000,00000,HARYANA,071999,71 Others ,2,1,1,0,0,0,2,1,1
C0116,06,000,00000,HARYANA,072000,72 KURUKH/ORAON ,539,277,262,64,36,28,475,241,234
C0116,06,000,00000,HARYANA,072024, Kurukh/Oraon,532,275,257,61,36,25,471,239,232
C0116,06,000,00000,HARYANA,072999,72 Others ,7,2,5,3,0,3,4,2,2
C0116,06,000,00000,HARYANA,073000,73 LADAKHI ,908,570,338,16,11,5,892,559,333
C0116,06,000,00000,HARYANA,073003, Ladakhi,908,570,338,16,11,5,892,559,333
C0116,06,000,00000,HARYANA,074000,74 LAHAULI ,24,13,11,17,9,8,7,4,3
C0116,06,000,00000,HARYANA,074002, Lahauli,21,10,11,17,9,8,4,1,3
C0116,06,000,00000,HARYANA,074999,74 Others ,3,3,0,0,0,0,3,3,0
C0116,06,000,00000,HARYANA,075000,75 LAHNDA ,29892,15615,14277,20478,10779,9699,9414,4836,4578
C0116,06,000,00000,HARYANA,075001, Bahawal Puri,53,23,30,0,0,0,53,23,30
C0116,06,000,00000,HARYANA,075006, Hindi Multani,29683,15504,14179,20478,10779,9699,9205,4725,4480
C0116,06,000,00000,HARYANA,075999,75 Others ,156,88,68,0,0,0,156,88,68
C0116,06,000,00000,HARYANA,076000,76 LAKHER,2,1,1,1,0,1,1,1,0
C0116,06,000,00000,HARYANA,076002, Mara,2,1,1,1,0,1,1,1,0
C0116,06,000,00000,HARYANA,078000,78 LEPCHA ,4,2,2,0,0,0,4,2,2
C0116,06,000,00000,HARYANA,078001, Lepcha,4,2,2,0,0,0,4,2,2
C0116,06,000,00000,HARYANA,081000,81 LOTHA ,3,3,0,0,0,0,3,3,0
C0116,06,000,00000,HARYANA,081001, Lotha,3,3,0,0,0,0,3,3,0
C0116,06,000,00000,HARYANA,082000,82 LUSHAI/MIZO ,95,40,55,12,8,4,83,32,51
C0116,06,000,00000,HARYANA,082005, Lushai/Mizo,94,39,55,11,7,4,83,32,51
C0116,06,000,00000,HARYANA,082999,82 Others ,1,1,0,1,1,0,0,0,0
C0116,06,000,00000,HARYANA,084000,84 MAO,1,1,0,1,1,0,0,0,0
C0116,06,000,00000,HARYANA,084001, Mao,1,1,0,1,1,0,0,0,0
C0116,06,000,00000,HARYANA,087000,87 MIRI/MISHING,3,0,3,2,0,2,1,0,1
C0116,06,000,00000,HARYANA,087003, Miri/Mishing,3,0,3,2,0,2,1,0,1
C0116,06,000,00000,HARYANA,089000,89 MOGH ,13,6,7,0,0,0,13,6,7
C0116,06,000,00000,HARYANA,089004, Mogh,13,6,7,0,0,0,13,6,7
C0116,06,000,00000,HARYANA,090000,90 MONPA ,11,6,5,10,5,5,1,1,0
C0116,06,000,00000,HARYANA,090003, Monpa,11,6,5,10,5,5,1,1,0
C0116,06,000,00000,HARYANA,091000,91 MUNDA,1626,863,763,768,394,374,858,469,389
C0116,06,000,00000,HARYANA,091006, Kol,2,2,0,2,2,0,0,0,0
C0116,06,000,00000,HARYANA,091009, Munda,219,113,106,47,26,21,172,87,85
C0116,06,000,00000,HARYANA,091999,91 Others ,1405,748,657,719,366,353,686,382,304
C0116,06,000,00000,HARYANA,092000,92 MUNDARI ,280,142,138,191,108,83,89,34,55
C0116,06,000,00000,HARYANA,092005, Mundari,280,142,138,191,108,83,89,34,55
C0116,06,000,00000,HARYANA,094000,94 NISSI/DAFLA ,252,125,127,203,99,104,49,26,23
C0116,06,000,00000,HARYANA,094001, Apatani,5,2,3,0,0,0,5,2,3
C0116,06,000,00000,HARYANA,094007, Nissi/Dafla,236,117,119,192,93,99,44,24,20
C0116,06,000,00000,HARYANA,094999,94 Others ,11,6,5,11,6,5,0,0,0
C0116,06,000,00000,HARYANA,095000,95 NOCTE ,2,2,0,1,1,0,1,1,0
C0116,06,000,00000,HARYANA,095003, Nocte,2,2,0,1,1,0,1,1,0
C0116,06,000,00000,HARYANA,096000,96 PAITE,12,7,5,8,3,5,4,4,0
C0116,06,000,00000,HARYANA,096002, Paite,12,7,5,8,3,5,4,4,0
C0116,06,000,00000,HARYANA,102000,102 RABHA ,1,1,0,0,0,0,1,1,0
C0116,06,000,00000,HARYANA,102002, Rabha,1,1,0,0,0,0,1,1,0
C0116,06,000,00000,HARYANA,104000,104 RENGMA ,3,2,1,0,0,0,3,2,1
C0116,06,000,00000,HARYANA,104001, Rengma,3,2,1,0,0,0,3,2,1
C0116,06,000,00000,HARYANA,106000,106 SAVARA,25,13,12,0,0,0,25,13,12
C0116,06,000,00000,HARYANA,106004, Savara,25,13,12,0,0,0,25,13,12
C0116,06,000,00000,HARYANA,107000,107 SEMA,3,2,1,2,1,1,1,1,0
C0116,06,000,00000,HARYANA,107002, Sema,3,2,1,2,1,1,1,1,0
C0116,06,000,00000,HARYANA,108000,108 SHERPA ,2,0,2,0,0,0,2,0,2
C0116,06,000,00000,HARYANA,108001, Sherpa,2,0,2,0,0,0,2,0,2
C0116,06,000,00000,HARYANA,109000,109 SHINA,10,7,3,3,2,1,7,5,2
C0116,06,000,00000,HARYANA,109005, Shina,10,7,3,3,2,1,7,5,2
C0116,06,000,00000,HARYANA,111000,111 TAMANG ,6,2,4,0,0,0,6,2,4
C0116,06,000,00000,HARYANA,111001, Tamang,6,2,4,0,0,0,6,2,4
C0116,06,000,00000,HARYANA,112000,112 TANGKHUL ,18,7,11,4,2,2,14,5,9
C0116,06,000,00000,HARYANA,112008, Tangkhul,18,7,11,4,2,2,14,5,9
C0116,06,000,00000,HARYANA,113000,113 TANGSA,3,2,1,0,0,0,3,2,1
C0116,06,000,00000,HARYANA,113999,113 Others,3,2,1,0,0,0,3,2,1
C0116,06,000,00000,HARYANA,114000,114 THADO ,25,15,10,13,7,6,12,8,4
C0116,06,000,00000,HARYANA,114015, Thado,20,10,10,13,7,6,7,3,4
C0116,06,000,00000,HARYANA,114999,114 Others,5,5,0,0,0,0,5,5,0
C0116,06,000,00000,HARYANA,115000,115 TIBETAN ,329,176,153,99,55,44,230,121,109
C0116,06,000,00000,HARYANA,115008, Tibetan,149,75,74,2,2,0,147,73,74
C0116,06,000,00000,HARYANA,115011, Purkhi,177,100,77,97,53,44,80,47,33
C0116,06,000,00000,HARYANA,115999,115 Others,3,1,2,0,0,0,3,1,2
C0116,06,000,00000,HARYANA,116000,116 TRIPURI ,59,36,23,40,25,15,19,11,8
C0116,06,000,00000,HARYANA,116007, Kokbarak,34,29,5,27,25,2,7,4,3
C0116,06,000,00000,HARYANA,116014, Tripuri,25,7,18,13,0,13,12,7,5
C0116,06,000,00000,HARYANA,117000,117 TULU ,64,32,32,7,2,5,57,30,27
C0116,06,000,00000,HARYANA,117009, Tulu,56,28,28,6,2,4,50,26,24
C0116,06,000,00000,HARYANA,117999,117 Others ,8,4,4,1,0,1,7,4,3
C0116,06,000,00000,HARYANA,118000,118 VAIPHEI ,1,0,1,0,0,0,1,0,1
C0116,06,000,00000,HARYANA,118002, Vaiphei,1,0,1,0,0,0,1,0,1
C0116,06,000,00000,HARYANA,119000,119 WANCHO,2,2,0,0,0,0,2,2,0
C0116,06,000,00000,HARYANA,119001, Wancho,2,2,0,0,0,0,2,2,0
C0116,06,000,00000,HARYANA,120000,120 YIMCHUNGRE,1,1,0,0,0,0,1,1,0
C0116,06,000,00000,HARYANA,120004, Tikhir,1,1,0,0,0,0,1,1,0
C0116,06,000,00000,HARYANA,123000,123 ZOU ,3,0,3,0,0,0,3,0,3
C0116,06,000,00000,HARYANA,123001, Zou,3,0,3,0,0,0,3,0,3
C0116,06,000,00000,HARYANA,124000,124 OTHERS,3579,1957,1622,1586,941,645,1993,1016,977
C0116,07,000,00000,NCT OF DELHI,001000,1 ASSAMESE,8573,4762,3811,58,34,24,8515,4728,3787
C0116,07,000,00000,NCT OF DELHI,001002, Assamese,8436,4673,3763,58,34,24,8378,4639,3739
C0116,07,000,00000,NCT OF DELHI,001999,1 Others,137,89,48,0,0,0,137,89,48
C0116,07,000,00000,NCT OF DELHI,002000,2 BENGALI ,215960,113544,102416,3859,2055,1804,212101,111489,100612
C0116,07,000,00000,NCT OF DELHI,002007, Bengali,215818,113457,102361,3855,2052,1803,211963,111405,100558
C0116,07,000,00000,NCT OF DELHI,002011, Chakma,103,64,39,0,0,0,103,64,39
C0116,07,000,00000,NCT OF DELHI,002015, Haijong/Hajong,6,4,2,0,0,0,6,4,2
C0116,07,000,00000,NCT OF DELHI,002044, Rajbangsi,3,3,0,0,0,0,3,3,0
C0116,07,000,00000,NCT OF DELHI,002999,2 Others,30,16,14,4,3,1,26,13,13
C0116,07,000,00000,NCT OF DELHI,003000,3 BODO ,293,163,130,0,0,0,293,163,130
C0116,07,000,00000,NCT OF DELHI,003001, Bodo/Boro,281,154,127,0,0,0,281,154,127
C0116,07,000,00000,NCT OF DELHI,003003, Kachari,3,2,1,0,0,0,3,2,1
C0116,07,000,00000,NCT OF DELHI,003004, Mech/Mechhia,2,1,1,0,0,0,2,1,1
C0116,07,000,00000,NCT OF DELHI,003999,3 Others,7,6,1,0,0,0,7,6,1
C0116,07,000,00000,NCT OF DELHI,004000,4 DOGRI ,6350,3942,2408,46,24,22,6304,3918,2386
C0116,07,000,00000,NCT OF DELHI,004001, Dogri,6350,3942,2408,46,24,22,6304,3918,2386
C0116,07,000,00000,NCT OF DELHI,005000,5 GUJARATI,40613,20896,19717,84,42,42,40529,20854,19675
C0116,07,000,00000,NCT OF DELHI,005018, Gujarati,40349,20757,19592,84,42,42,40265,20715,19550
C0116,07,000,00000,NCT OF DELHI,005052, Pattani,1,0,1,0,0,0,1,0,1
C0116,07,000,00000,NCT OF DELHI,005057, Saurashtra/Saurashtri,168,87,81,0,0,0,168,87,81
C0116,07,000,00000,NCT OF DELHI,005999,5 Others,95,52,43,0,0,0,95,52,43
C0116,07,000,00000,NCT OF DELHI,006000,6 HINDI ,14255526,7656766,6598760,401801,216950,184851,13853725,7439816,6413909
C0116,07,000,00000,NCT OF DELHI,006030, Awadhi,12809,7372,5437,171,99,72,12638,7273,5365
C0116,07,000,00000,NCT OF DELHI,006040, Baghati/Baghati Pahari,19,8,11,0,0,0,19,8,11
C0116,07,000,00000,NCT OF DELHI,006042, Bagheli/Baghel Khandi,119,73,46,0,0,0,119,73,46
C0116,07,000,00000,NCT OF DELHI,006066, Banjari,24,12,12,4,2,2,20,10,10
C0116,07,000,00000,NCT OF DELHI,006086, Bhadrawahi,24,16,8,0,0,0,24,16,8
C0116,07,000,00000,NCT OF DELHI,006089, Bhagoria,1,1,0,0,0,0,1,1,0
C0116,07,000,00000,NCT OF DELHI,006096, Bharmauri/Gaddi,16,10,6,0,0,0,16,10,6
C0116,07,000,00000,NCT OF DELHI,006102, Bhojpuri,226103,132120,93983,5772,3326,2446,220331,128794,91537
C0116,07,000,00000,NCT OF DELHI,006119, Bishnoi,1,0,1,0,0,0,1,0,1
C0116,07,000,00000,NCT OF DELHI,006123, Brajbhasha,4713,2624,2089,85,46,39,4628,2578,2050
C0116,07,000,00000,NCT OF DELHI,006125, Bundeli/Bundel khandi,4881,2656,2225,523,262,261,4358,2394,1964
C0116,07,000,00000,NCT OF DELHI,006142, Chhattisgarhi,1280,719,561,19,12,7,1261,707,554
C0116,07,000,00000,NCT OF DELHI,006149, Churahi,1,1,0,0,0,0,1,1,0
C0116,07,000,00000,NCT OF DELHI,006173, Dhundhari,40,19,21,0,0,0,40,19,21
C0116,07,000,00000,NCT OF DELHI,006195, Garhwali,71476,38378,33098,1532,802,730,69944,37576,32368
C0116,07,000,00000,NCT OF DELHI,006198, Gawari,12,4,8,0,0,0,12,4,8
C0116,07,000,00000,NCT OF DELHI,006207, Gojri/Gujjari/Gujar,69,39,30,0,0,0,69,39,30
C0116,07,000,00000,NCT OF DELHI,006231, Handuri,7,1,6,0,0,0,7,1,6
C0116,07,000,00000,NCT OF DELHI,006232, Hara/Harauti,9,5,4,0,0,0,9,5,4
C0116,07,000,00000,NCT OF DELHI,006235, Haryanvi,112862,59032,53830,21757,11368,10389,91105,47664,43441
C0116,07,000,00000,NCT OF DELHI,006240, Hindi,13642944,7317034,6325910,368989,199416,169573,13273955,7117618,6156337
C0116,07,000,00000,NCT OF DELHI,006265, Jaunpuri/Jaunsari,235,132,103,3,2,1,232,130,102
C0116,07,000,00000,NCT OF DELHI,006291, Kangri,633,349,284,9,4,5,624,345,279
C0116,07,000,00000,NCT OF DELHI,006311, Khari Boli,1680,913,767,6,3,3,1674,910,764
C0116,07,000,00000,NCT OF DELHI,006320, Khortha/Khotta,406,269,137,11,9,2,395,260,135
C0116,07,000,00000,NCT OF DELHI,006336, Kulvi,10,5,5,0,0,0,10,5,5
C0116,07,000,00000,NCT OF DELHI,006340, Kumauni,32674,17654,15020,1019,544,475,31655,17110,14545
C0116,07,000,00000,NCT OF DELHI,006345, Kurmali Thar,5,3,2,0,0,0,5,3,2
C0116,07,000,00000,NCT OF DELHI,006353, Lamani/Lambadi,524,278,246,0,0,0,524,278,246
C0116,07,000,00000,NCT OF DELHI,006355, Laria,6,3,3,0,0,0,6,3,3
C0116,07,000,00000,NCT OF DELHI,006376, Magadhi/Magahi,5297,3056,2241,170,94,76,5127,2962,2165
C0116,07,000,00000,NCT OF DELHI,006391, Malvi,46,32,14,0,0,0,46,32,14
C0116,07,000,00000,NCT OF DELHI,006394, Mandeali,90,55,35,0,0,0,90,55,35
C0116,07,000,00000,NCT OF DELHI,006400, Marwari,11484,6000,5484,55,28,27,11429,5972,5457
C0116,07,000,00000,NCT OF DELHI,006408, Mewari,39,22,17,0,0,0,39,22,17
C0116,07,000,00000,NCT OF DELHI,006409, Mewati,235,113,122,0,0,0,235,113,122
C0116,07,000,00000,NCT OF DELHI,006420, Nagpuria,86,44,42,0,0,0,86,44,42
C0116,07,000,00000,NCT OF DELHI,006432, Nimadi,21,11,10,0,0,0,21,11,10
C0116,07,000,00000,NCT OF DELHI,006438, Padari,1,1,0,0,0,0,1,1,0
C0116,07,000,00000,NCT OF DELHI,006439, Pahari,15281,8437,6844,269,144,125,15012,8293,6719
C0116,07,000,00000,NCT OF DELHI,006451, Panch Pargania,5,3,2,0,0,0,5,3,2
C0116,07,000,00000,NCT OF DELHI,006476, Puran/Puran Bhasha,9,3,6,0,0,0,9,3,6
C0116,07,000,00000,NCT OF DELHI,006489, Rajasthani,77220,40780,36440,617,337,280,76603,40443,36160
C0116,07,000,00000,NCT OF DELHI,006503, Sadan/Sadri,1459,668,791,13,7,6,1446,661,785
C0116,07,000,00000,NCT OF DELHI,006535, Sondwari,11,6,5,0,0,0,11,6,5
C0116,07,000,00000,NCT OF DELHI,006541, Sugali,2,1,1,0,0,0,2,1,1
C0116,07,000,00000,NCT OF DELHI,006547, Surgujia,4,2,2,0,0,0,4,2,2
C0116,07,000,00000,NCT OF DELHI,006548, Surjapuri,160,138,22,0,0,0,160,138,22
C0116,07,000,00000,NCT OF DELHI,006999,6 Others,30493,17664,12829,777,445,332,29716,17219,12497
C0116,07,000,00000,NCT OF DELHI,007000,7 KANNADA,10012,5340,4672,17,9,8,9995,5331,4664
C0116,07,000,00000,NCT OF DELHI,007002, Badaga,6,3,3,0,0,0,6,3,3
C0116,07,000,00000,NCT OF DELHI,007016, Kannada,9261,4960,4301,17,9,8,9244,4951,4293
C0116,07,000,00000,NCT OF DELHI,007027, Kuruba/Kurumba,10,7,3,0,0,0,10,7,3
C0116,07,000,00000,NCT OF DELHI,007041, Prakritha/Prakritha Bhasha,691,342,349,0,0,0,691,342,349
C0116,07,000,00000,NCT OF DELHI,007999,7 Others,44,28,16,0,0,0,44,28,16
C0116,07,000,00000,NCT OF DELHI,008000,8 KASHMIRI ,18122,9287,8835,83,40,43,18039,9247,8792
C0116,07,000,00000,NCT OF DELHI,008005, Kashmiri,18106,9276,8830,83,40,43,18023,9236,8787
C0116,07,000,00000,NCT OF DELHI,008010, Kishtwari,7,5,2,0,0,0,7,5,2
C0116,07,000,00000,NCT OF DELHI,008999,8 Others,9,6,3,0,0,0,9,6,3
C0116,07,000,00000,NCT OF DELHI,009000,9 KONKANI,1553,731,822,0,0,0,1553,731,822
C0116,07,000,00000,NCT OF DELHI,009011, Konkani,1521,714,807,0,0,0,1521,714,807
C0116,07,000,00000,NCT OF DELHI,009016, Malwani,13,7,6,0,0,0,13,7,6
C0116,07,000,00000,NCT OF DELHI,009020, Nawait,1,1,0,0,0,0,1,1,0
C0116,07,000,00000,NCT OF DELHI,009028, Gorboli/Goru/Gorwani,1,0,1,0,0,0,1,0,1
C0116,07,000,00000,NCT OF DELHI,009999,9 Others,17,9,8,0,0,0,17,9,8
C0116,07,000,00000,NCT OF DELHI,010000,10 MAITHILI ,122956,70696,52260,3442,1959,1483,119514,68737,50777
C0116,07,000,00000,NCT OF DELHI,010008, Maithili,120783,69326,51457,3335,1905,1430,117448,67421,50027
C0116,07,000,00000,NCT OF DELHI,010011, Purbi Maithili,515,291,224,14,9,5,501,282,219
C0116,07,000,00000,NCT OF DELHI,010013, Thati,1628,1062,566,93,45,48,1535,1017,518
C0116,07,000,00000,NCT OF DELHI,010014, Tharu,27,15,12,0,0,0,27,15,12
C0116,07,000,00000,NCT OF DELHI,010999,10 Others,3,2,1,0,0,0,3,2,1
C0116,07,000,00000,NCT OF DELHI,011000,11 MALAYALAM,88662,44739,43923,147,68,79,88515,44671,43844
C0116,07,000,00000,NCT OF DELHI,011016, Malayalam,87718,44258,43460,147,68,79,87571,44190,43381
C0116,07,000,00000,NCT OF DELHI,011023, Pania,1,0,1,0,0,0,1,0,1
C0116,07,000,00000,NCT OF DELHI,011999,11 Others,943,481,462,0,0,0,943,481,462
C0116,07,000,00000,NCT OF DELHI,012000,12 MANIPURI ,3892,2014,1878,12,9,3,3880,2005,1875
C0116,07,000,00000,NCT OF DELHI,012003, Manipuri,3885,2010,1875,12,9,3,3873,2001,1872
C0116,07,000,00000,NCT OF DELHI,012999,12 Others,7,4,3,0,0,0,7,4,3
C0116,07,000,00000,NCT OF DELHI,013000,13 MARATHI ,27239,14714,12525,385,201,184,26854,14513,12341
C0116,07,000,00000,NCT OF DELHI,013060, Koli,8,5,3,2,1,1,6,4,2
C0116,07,000,00000,NCT OF DELHI,013071, Marathi,26748,14474,12274,383,200,183,26365,14274,12091
C0116,07,000,00000,NCT OF DELHI,013999,13 Others,483,235,248,0,0,0,483,235,248
C0116,07,000,00000,NCT OF DELHI,014000,14 NEPALI ,37468,21612,15856,580,322,258,36888,21290,15598
C0116,07,000,00000,NCT OF DELHI,014011, Nepali,37455,21603,15852,580,322,258,36875,21281,15594
C0116,07,000,00000,NCT OF DELHI,014999,14 Others,13,9,4,0,0,0,13,9,4
C0116,07,000,00000,NCT OF DELHI,015000,15 ODIA ,37645,20988,16657,331,201,130,37314,20787,16527
C0116,07,000,00000,NCT OF DELHI,015006, Bhatri,6,1,5,0,0,0,6,1,5
C0116,07,000,00000,NCT OF DELHI,015043, Odia,37602,20967,16635,331,201,130,37271,20766,16505
C0116,07,000,00000,NCT OF DELHI,015058, Sambalpuri,11,5,6,0,0,0,11,5,6
C0116,07,000,00000,NCT OF DELHI,015999,15 Others,26,15,11,0,0,0,26,15,11
C0116,07,000,00000,NCT OF DELHI,016000,16 PUNJABI ,873477,446986,426491,4826,2510,2316,868651,444476,424175
C0116,07,000,00000,NCT OF DELHI,016002, Bagri,70,40,30,0,0,0,70,40,30
C0116,07,000,00000,NCT OF DELHI,016038, Punjabi,873305,446903,426402,4826,2510,2316,868479,444393,424086
C0116,07,000,00000,NCT OF DELHI,016999,16 Others,102,43,59,0,0,0,102,43,59
C0116,07,000,00000,NCT OF DELHI,017000,17 SANSKRIT ,648,403,245,54,46,8,594,357,237
C0116,07,000,00000,NCT OF DELHI,017002, Sanskrit,648,403,245,54,46,8,594,357,237
C0116,07,000,00000,NCT OF DELHI,018000,18 SANTALI ,521,260,261,7,6,1,514,254,260
C0116,07,000,00000,NCT OF DELHI,018011, Mahili,2,2,0,0,0,0,2,2,0
C0116,07,000,00000,NCT OF DELHI,018040, Santali,510,254,256,7,6,1,503,248,255
C0116,07,000,00000,NCT OF DELHI,018999,18 Others,9,4,5,0,0,0,9,4,5
C0116,07,000,00000,NCT OF DELHI,019000,19 SINDHI,31177,15672,15505,26,13,13,31151,15659,15492
C0116,07,000,00000,NCT OF DELHI,019008, Kachchhi,26,12,14,0,0,0,26,12,14
C0116,07,000,00000,NCT OF DELHI,019014, Sindhi,31126,15649,15477,26,13,13,31100,15636,15464
C0116,07,000,00000,NCT OF DELHI,019999,19 Others,25,11,14,0,0,0,25,11,14
C0116,07,000,00000,NCT OF DELHI,020000,20 TAMIL ,82719,42692,40027,106,62,44,82613,42630,39983
C0116,07,000,00000,NCT OF DELHI,020009, Kaikadi,1,0,1,0,0,0,1,0,1
C0116,07,000,00000,NCT OF DELHI,020015, Korava,40,24,16,0,0,0,40,24,16
C0116,07,000,00000,NCT OF DELHI,020027, Tamil,82665,42661,40004,106,62,44,82559,42599,39960
C0116,07,000,00000,NCT OF DELHI,020999,20 Others,13,7,6,0,0,0,13,7,6
C0116,07,000,00000,NCT OF DELHI,021000,21 TELUGU ,25934,13711,12223,109,53,56,25825,13658,12167
C0116,07,000,00000,NCT OF DELHI,021046, Telugu,25882,13682,12200,105,51,54,25777,13631,12146
C0116,07,000,00000,NCT OF DELHI,021999,21 Others,52,29,23,4,2,2,48,27,21
C0116,07,000,00000,NCT OF DELHI,022000,22 URDU,867673,462112,405561,2921,1631,1290,864752,460481,404271
C0116,07,000,00000,NCT OF DELHI,022015, Urdu,866879,461645,405234,2892,1618,1274,863987,460027,403960
C0116,07,000,00000,NCT OF DELHI,022016, Bhansari,277,171,106,19,9,10,258,162,96
C0116,07,000,00000,NCT OF DELHI,022999,22 Others,517,296,221,10,4,6,507,292,215
C0116,07,000,00000,NCT OF DELHI,023000,23 ADI ,32,10,22,0,0,0,32,10,22
C0116,07,000,00000,NCT OF DELHI,023003, Adi,20,6,14,0,0,0,20,6,14
C0116,07,000,00000,NCT OF DELHI,023006, Adi Gallong/Gallong,1,0,1,0,0,0,1,0,1
C0116,07,000,00000,NCT OF DELHI,023999,23 Others,11,4,7,0,0,0,11,4,7
C0116,07,000,00000,NCT OF DELHI,024000,24 AFGHANI/KABULI/PASHTO ,1768,891,877,1,1,0,1767,890,877
C0116,07,000,00000,NCT OF DELHI,024001, Afghani/Kabuli/Pashto,1768,891,877,1,1,0,1767,890,877
C0116,07,000,00000,NCT OF DELHI,025000,25 ANAL ,42,19,23,0,0,0,42,19,23
C0116,07,000,00000,NCT OF DELHI,025001, Anal,35,16,19,0,0,0,35,16,19
C0116,07,000,00000,NCT OF DELHI,025999,25 Others,7,3,4,0,0,0,7,3,4
C0116,07,000,00000,NCT OF DELHI,026000,26 ANGAMI ,79,35,44,0,0,0,79,35,44
C0116,07,000,00000,NCT OF DELHI,026002, Angami,55,25,30,0,0,0,55,25,30
C0116,07,000,00000,NCT OF DELHI,026999,26 Others,24,10,14,0,0,0,24,10,14
C0116,07,000,00000,NCT OF DELHI,027000,27 AO ,100,42,58,0,0,0,100,42,58
C0116,07,000,00000,NCT OF DELHI,027001, Ao,60,24,36,0,0,0,60,24,36
C0116,07,000,00000,NCT OF DELHI,027005, Mongsen,8,4,4,0,0,0,8,4,4
C0116,07,000,00000,NCT OF DELHI,027999,27 Others,32,14,18,0,0,0,32,14,18
C0116,07,000,00000,NCT OF DELHI,028000,28 ARABIC/ARBI ,696,378,318,42,24,18,654,354,300
C0116,07,000,00000,NCT OF DELHI,028001, Arabic/Arbi,696,378,318,42,24,18,654,354,300
C0116,07,000,00000,NCT OF DELHI,030000,30 BHILI/BHILODI ,304,151,153,0,0,0,304,151,153
C0116,07,000,00000,NCT OF DELHI,030002, Baori,8,4,4,0,0,0,8,4,4
C0116,07,000,00000,NCT OF DELHI,030007, Bhili/Bhilodi,1,1,0,0,0,0,1,1,0
C0116,07,000,00000,NCT OF DELHI,030015, Dhodia,7,5,2,0,0,0,7,5,2
C0116,07,000,00000,NCT OF DELHI,030021, Garasia,2,1,1,0,0,0,2,1,1
C0116,07,000,00000,NCT OF DELHI,030035, Kokna/Kokni/Kukna,197,97,100,0,0,0,197,97,100
C0116,07,000,00000,NCT OF DELHI,030049, Mawchi,2,2,0,0,0,0,2,2,0
C0116,07,000,00000,NCT OF DELHI,030070, Rathi,1,1,0,0,0,0,1,1,0
C0116,07,000,00000,NCT OF DELHI,030076, Vasava,5,2,3,0,0,0,5,2,3
C0116,07,000,00000,NCT OF DELHI,030078, Wagdi,6,3,3,0,0,0,6,3,3
C0116,07,000,00000,NCT OF DELHI,030999,30 Others,75,35,40,0,0,0,75,35,40
C0116,07,000,00000,NCT OF DELHI,031000,31 BHOTIA ,372,180,192,0,0,0,372,180,192
C0116,07,000,00000,NCT OF DELHI,031001, Bhotia,291,140,151,0,0,0,291,140,151
C0116,07,000,00000,NCT OF DELHI,031011, Bauti,2,1,1,0,0,0,2,1,1
C0116,07,000,00000,NCT OF DELHI,031999,31 Others,79,39,40,0,0,0,79,39,40
C0116,07,000,00000,NCT OF DELHI,032000,32 BHUMIJ ,9,6,3,0,0,0,9,6,3
C0116,07,000,00000,NCT OF DELHI,032999,32 Others,9,6,3,0,0,0,9,6,3
C0116,07,000,00000,NCT OF DELHI,033000,33 BISHNUPURIYA,25,15,10,0,0,0,25,15,10
C0116,07,000,00000,NCT OF DELHI,033003, Bishnupriya Manipuri/Manipuri Bishnupriya,9,7,2,0,0,0,9,7,2
C0116,07,000,00000,NCT OF DELHI,033999,33 Others,16,8,8,0,0,0,16,8,8
C0116,07,000,00000,NCT OF DELHI,034000,34 CHAKHESANG ,6,4,2,0,0,0,6,4,2
C0116,07,000,00000,NCT OF DELHI,034001, Chakhesang,6,4,2,0,0,0,6,4,2
C0116,07,000,00000,NCT OF DELHI,035000,35 CHAKRU/CHOKRI ,4,3,1,0,0,0,4,3,1
C0116,07,000,00000,NCT OF DELHI,035001, Chakru/Chokri,4,3,1,0,0,0,4,3,1
C0116,07,000,00000,NCT OF DELHI,036000,36 CHANG ,10,6,4,0,0,0,10,6,4
C0116,07,000,00000,NCT OF DELHI,036001, Chang,10,6,4,0,0,0,10,6,4
C0116,07,000,00000,NCT OF DELHI,037000,37 COORGI/KODAGU ,59,25,34,0,0,0,59,25,34
C0116,07,000,00000,NCT OF DELHI,037001, Coorgi/Kodagu,59,25,34,0,0,0,59,25,34
C0116,07,000,00000,NCT OF DELHI,038000,38 DEORI ,5,3,2,0,0,0,5,3,2
C0116,07,000,00000,NCT OF DELHI,038001, Deori,5,3,2,0,0,0,5,3,2
C0116,07,000,00000,NCT OF DELHI,039000,39 DIMASA ,17,7,10,0,0,0,17,7,10
C0116,07,000,00000,NCT OF DELHI,039002, Dimasa,11,5,6,0,0,0,11,5,6
C0116,07,000,00000,NCT OF DELHI,039999,39 Others,6,2,4,0,0,0,6,2,4
C0116,07,000,00000,NCT OF DELHI,040000,40 ENGLISH ,6236,3089,3147,40,24,16,6196,3065,3131
C0116,07,000,00000,NCT OF DELHI,040001, English,6236,3089,3147,40,24,16,6196,3065,3131
C0116,07,000,00000,NCT OF DELHI,042000,42 GANGTE ,83,40,43,0,0,0,83,40,43
C0116,07,000,00000,NCT OF DELHI,042001, Gangte,83,40,43,0,0,0,83,40,43
C0116,07,000,00000,NCT OF DELHI,043000,43 GARO ,92,48,44,0,0,0,92,48,44
C0116,07,000,00000,NCT OF DELHI,043005, Garo,75,38,37,0,0,0,75,38,37
C0116,07,000,00000,NCT OF DELHI,043999,43 Others,17,10,7,0,0,0,17,10,7
C0116,07,000,00000,NCT OF DELHI,044000,44 GONDI,147,75,72,0,0,0,147,75,72
C0116,07,000,00000,NCT OF DELHI,044007, Gondi,8,5,3,0,0,0,8,5,3
C0116,07,000,00000,NCT OF DELHI,044017, Maria/ Muria,5,4,1,0,0,0,5,4,1
C0116,07,000,00000,NCT OF DELHI,044999,44 Others,134,66,68,0,0,0,134,66,68
C0116,07,000,00000,NCT OF DELHI,045000,45 HALABI,60,34,26,0,0,0,60,34,26
C0116,07,000,00000,NCT OF DELHI,045001, Halabi,60,34,26,0,0,0,60,34,26
C0116,07,000,00000,NCT OF DELHI,046000,46 HALAM ,28,15,13,0,0,0,28,15,13
C0116,07,000,00000,NCT OF DELHI,046003, Halam,14,6,8,0,0,0,14,6,8
C0116,07,000,00000,NCT OF DELHI,046999,46 Others,14,9,5,0,0,0,14,9,5
C0116,07,000,00000,NCT OF DELHI,047000,47 HMAR,197,95,102,0,0,0,197,95,102
C0116,07,000,00000,NCT OF DELHI,047001, Hmar,197,95,102,0,0,0,197,95,102
C0116,07,000,00000,NCT OF DELHI,048000,48 HO,70,37,33,0,0,0,70,37,33
C0116,07,000,00000,NCT OF DELHI,048004, Ho,62,31,31,0,0,0,62,31,31
C0116,07,000,00000,NCT OF DELHI,048007, Lohara,8,6,2,0,0,0,8,6,2
C0116,07,000,00000,NCT OF DELHI,049000,49 JATAPU ,2,1,1,0,0,0,2,1,1
C0116,07,000,00000,NCT OF DELHI,049999,49 Others,2,1,1,0,0,0,2,1,1
C0116,07,000,00000,NCT OF DELHI,051000,51 KABUI ,157,66,91,0,0,0,157,66,91
C0116,07,000,00000,NCT OF DELHI,051003, Kabui,43,20,23,0,0,0,43,20,23
C0116,07,000,00000,NCT OF DELHI,051005, Rongmei,114,46,68,0,0,0,114,46,68
C0116,07,000,00000,NCT OF DELHI,052000,52 KARBI/MIKIR ,10,7,3,0,0,0,10,7,3
C0116,07,000,00000,NCT OF DELHI,052002, Karbi/Mikir,10,7,3,0,0,0,10,7,3
C0116,07,000,00000,NCT OF DELHI,053000,53 KHANDESHI,178,96,82,1,1,0,177,95,82
C0116,07,000,00000,NCT OF DELHI,053002, Ahirani,10,5,5,0,0,0,10,5,5
C0116,07,000,00000,NCT OF DELHI,053005, Gujari,168,91,77,1,1,0,167,90,77
C0116,07,000,00000,NCT OF DELHI,054000,54 KHARIA ,430,201,229,6,4,2,424,197,227
C0116,07,000,00000,NCT OF DELHI,054005, Kharia,418,196,222,6,4,2,412,192,220
C0116,07,000,00000,NCT OF DELHI,054999,54 Others,12,5,7,0,0,0,12,5,7
C0116,07,000,00000,NCT OF DELHI,055000,55 KHASI ,202,90,112,0,0,0,202,90,112
C0116,07,000,00000,NCT OF DELHI,055007, Khasi,182,84,98,0,0,0,182,84,98
C0116,07,000,00000,NCT OF DELHI,055012, Pnar/Synteng,1,0,1,0,0,0,1,0,1
C0116,07,000,00000,NCT OF DELHI,055999,55 Others ,19,6,13,0,0,0,19,6,13
C0116,07,000,00000,NCT OF DELHI,056000,56 KHEZHA ,21,12,9,0,0,0,21,12,9
C0116,07,000,00000,NCT OF DELHI,056003, Khezha,1,0,1,0,0,0,1,0,1
C0116,07,000,00000,NCT OF DELHI,056999,56 Others ,20,12,8,0,0,0,20,12,8
C0116,07,000,00000,NCT OF DELHI,057000,57 KHIEMNUNGAN,3,2,1,0,0,0,3,2,1
C0116,07,000,00000,NCT OF DELHI,057001, Khiemnungan,3,2,1,0,0,0,3,2,1
C0116,07,000,00000,NCT OF DELHI,058000,58 KHOND/KONDH ,11,6,5,0,0,0,11,6,5
C0116,07,000,00000,NCT OF DELHI,058001, Khond/Kondh,1,0,1,0,0,0,1,0,1
C0116,07,000,00000,NCT OF DELHI,058006, Kuvi,10,6,4,0,0,0,10,6,4
C0116,07,000,00000,NCT OF DELHI,059000,59 KINNAURI ,41,15,26,0,0,0,41,15,26
C0116,07,000,00000,NCT OF DELHI,059003, Kinnauri,39,14,25,0,0,0,39,14,25
C0116,07,000,00000,NCT OF DELHI,059999,59 Others,2,1,1,0,0,0,2,1,1
C0116,07,000,00000,NCT OF DELHI,062000,62 KODA/KORA ,3,2,1,2,2,0,1,0,1
C0116,07,000,00000,NCT OF DELHI,062003, Koda/Kora,3,2,1,2,2,0,1,0,1
C0116,07,000,00000,NCT OF DELHI,064000,64 KOM,11,8,3,0,0,0,11,8,3
C0116,07,000,00000,NCT OF DELHI,064001, Kom,11,8,3,0,0,0,11,8,3
C0116,07,000,00000,NCT OF DELHI,065000,65 KONDA,4,2,2,0,0,0,4,2,2
C0116,07,000,00000,NCT OF DELHI,065003, Konda,1,1,0,0,0,0,1,1,0
C0116,07,000,00000,NCT OF DELHI,065999,65 Others ,3,1,2,0,0,0,3,1,2
C0116,07,000,00000,NCT OF DELHI,066000,66 KONYAK ,6,4,2,0,0,0,6,4,2
C0116,07,000,00000,NCT OF DELHI,066001, Konyak,6,4,2,0,0,0,6,4,2
C0116,07,000,00000,NCT OF DELHI,068000,68 KORWA ,8,4,4,0,0,0,8,4,4
C0116,07,000,00000,NCT OF DELHI,068999,68 Others ,8,4,4,0,0,0,8,4,4
C0116,07,000,00000,NCT OF DELHI,071000,71 KUKI,296,149,147,0,0,0,296,149,147
C0116,07,000,00000,NCT OF DELHI,071008, Kuki,293,146,147,0,0,0,293,146,147
C0116,07,000,00000,NCT OF DELHI,071999,71 Others ,3,3,0,0,0,0,3,3,0
C0116,07,000,00000,NCT OF DELHI,072000,72 KURUKH/ORAON ,2753,1298,1455,14,5,9,2739,1293,1446
C0116,07,000,00000,NCT OF DELHI,072024, Kurukh/Oraon,2753,1298,1455,14,5,9,2739,1293,1446
C0116,07,000,00000,NCT OF DELHI,073000,73 LADAKHI ,371,228,143,0,0,0,371,228,143
C0116,07,000,00000,NCT OF DELHI,073003, Ladakhi,371,228,143,0,0,0,371,228,143
C0116,07,000,00000,NCT OF DELHI,074000,74 LAHAULI ,16,8,8,0,0,0,16,8,8
C0116,07,000,00000,NCT OF DELHI,074002, Lahauli,16,8,8,0,0,0,16,8,8
C0116,07,000,00000,NCT OF DELHI,075000,75 LAHNDA ,4070,2064,2006,7,5,2,4063,2059,2004
C0116,07,000,00000,NCT OF DELHI,075001, Bahawal Puri,265,143,122,0,0,0,265,143,122
C0116,07,000,00000,NCT OF DELHI,075006, Hindi Multani,3533,1776,1757,6,4,2,3527,1772,1755
C0116,07,000,00000,NCT OF DELHI,075999,75 Others ,272,145,127,1,1,0,271,144,127
C0116,07,000,00000,NCT OF DELHI,076000,76 LAKHER,21,11,10,0,0,0,21,11,10
C0116,07,000,00000,NCT OF DELHI,076002, Mara,21,11,10,0,0,0,21,11,10
C0116,07,000,00000,NCT OF DELHI,078000,78 LEPCHA ,33,16,17,0,0,0,33,16,17
C0116,07,000,00000,NCT OF DELHI,078001, Lepcha,33,16,17,0,0,0,33,16,17
C0116,07,000,00000,NCT OF DELHI,079000,79 LIANGMEI ,46,22,24,0,0,0,46,22,24
C0116,07,000,00000,NCT OF DELHI,079002, Liangmei,46,22,24,0,0,0,46,22,24
C0116,07,000,00000,NCT OF DELHI,080000,80 LIMBU ,6,3,3,0,0,0,6,3,3
C0116,07,000,00000,NCT OF DELHI,080999,80 Others ,6,3,3,0,0,0,6,3,3
C0116,07,000,00000,NCT OF DELHI,081000,81 LOTHA ,43,21,22,0,0,0,43,21,22
C0116,07,000,00000,NCT OF DELHI,081001, Lotha,43,21,22,0,0,0,43,21,22
C0116,07,000,00000,NCT OF DELHI,082000,82 LUSHAI/MIZO ,715,310,405,0,0,0,715,310,405
C0116,07,000,00000,NCT OF DELHI,082005, Lushai/Mizo,709,308,401,0,0,0,709,308,401
C0116,07,000,00000,NCT OF DELHI,082999,82 Others ,6,2,4,0,0,0,6,2,4
C0116,07,000,00000,NCT OF DELHI,084000,84 MAO,176,93,83,0,0,0,176,93,83
C0116,07,000,00000,NCT OF DELHI,084001, Mao,153,82,71,0,0,0,153,82,71
C0116,07,000,00000,NCT OF DELHI,084003, Paola,23,11,12,0,0,0,23,11,12
C0116,07,000,00000,NCT OF DELHI,085000,85 MARAM,8,6,2,0,0,0,8,6,2
C0116,07,000,00000,NCT OF DELHI,085001, Maram ,8,6,2,0,0,0,8,6,2
C0116,07,000,00000,NCT OF DELHI,086000,86 MARING ,16,10,6,0,0,0,16,10,6
C0116,07,000,00000,NCT OF DELHI,086001, Maring,16,10,6,0,0,0,16,10,6
C0116,07,000,00000,NCT OF DELHI,087000,87 MIRI/MISHING,8,5,3,1,0,1,7,5,2
C0116,07,000,00000,NCT OF DELHI,087003, Miri/Mishing,8,5,3,1,0,1,7,5,2
C0116,07,000,00000,NCT OF DELHI,088000,88 MISHMI ,7,5,2,0,0,0,7,5,2
C0116,07,000,00000,NCT OF DELHI,088007, Mishmi,7,5,2,0,0,0,7,5,2
C0116,07,000,00000,NCT OF DELHI,089000,89 MOGH ,24,12,12,0,0,0,24,12,12
C0116,07,000,00000,NCT OF DELHI,089004, Mogh,24,12,12,0,0,0,24,12,12
C0116,07,000,00000,NCT OF DELHI,090000,90 MONPA ,22,12,10,0,0,0,22,12,10
C0116,07,000,00000,NCT OF DELHI,090003, Monpa,22,12,10,0,0,0,22,12,10
C0116,07,000,00000,NCT OF DELHI,091000,91 MUNDA,783,368,415,9,5,4,774,363,411
C0116,07,000,00000,NCT OF DELHI,091009, Munda,346,138,208,9,5,4,337,133,204
C0116,07,000,00000,NCT OF DELHI,091999,91 Others ,437,230,207,0,0,0,437,230,207
C0116,07,000,00000,NCT OF DELHI,092000,92 MUNDARI ,330,130,200,2,2,0,328,128,200
C0116,07,000,00000,NCT OF DELHI,092005, Mundari,329,129,200,2,2,0,327,127,200
C0116,07,000,00000,NCT OF DELHI,092999,92 Others,1,1,0,0,0,0,1,1,0
C0116,07,000,00000,NCT OF DELHI,094000,94 NISSI/DAFLA ,76,43,33,1,1,0,75,42,33
C0116,07,000,00000,NCT OF DELHI,094001, Apatani,29,15,14,0,0,0,29,15,14
C0116,07,000,00000,NCT OF DELHI,094007, Nissi/Dafla,20,11,9,0,0,0,20,11,9
C0116,07,000,00000,NCT OF DELHI,094008, Tagin,5,2,3,0,0,0,5,2,3
C0116,07,000,00000,NCT OF DELHI,094999,94 Others ,22,15,7,1,1,0,21,14,7
C0116,07,000,00000,NCT OF DELHI,095000,95 NOCTE ,10,6,4,0,0,0,10,6,4
C0116,07,000,00000,NCT OF DELHI,095003, Nocte,10,6,4,0,0,0,10,6,4
C0116,07,000,00000,NCT OF DELHI,096000,96 PAITE,496,243,253,0,0,0,496,243,253
C0116,07,000,00000,NCT OF DELHI,096002, Paite,495,242,253,0,0,0,495,242,253
C0116,07,000,00000,NCT OF DELHI,096999,96 Others ,1,1,0,0,0,0,1,1,0
C0116,07,000,00000,NCT OF DELHI,097000,97 PARJI ,1,1,0,0,0,0,1,1,0
C0116,07,000,00000,NCT OF DELHI,097999,97 Others ,1,1,0,0,0,0,1,1,0
C0116,07,000,00000,NCT OF DELHI,100000,100 PHOM ,4,2,2,0,0,0,4,2,2
C0116,07,000,00000,NCT OF DELHI,100001, Phom,4,2,2,0,0,0,4,2,2
C0116,07,000,00000,NCT OF DELHI,101000,101 POCHURY,2,2,0,0,0,0,2,2,0
C0116,07,000,00000,NCT OF DELHI,101006, Pochury,2,2,0,0,0,0,2,2,0
C0116,07,000,00000,NCT OF DELHI,102000,102 RABHA ,8,4,4,0,0,0,8,4,4
C0116,07,000,00000,NCT OF DELHI,102002, Rabha,8,4,4,0,0,0,8,4,4
C0116,07,000,00000,NCT OF DELHI,103000,103 RAI ,1,1,0,0,0,0,1,1,0
C0116,07,000,00000,NCT OF DELHI,103003, Rai,1,1,0,0,0,0,1,1,0
C0116,07,000,00000,NCT OF DELHI,104000,104 RENGMA ,10,5,5,0,0,0,10,5,5
C0116,07,000,00000,NCT OF DELHI,104001, Rengma,10,5,5,0,0,0,10,5,5
C0116,07,000,00000,NCT OF DELHI,105000,105 SANGTAM ,1,0,1,0,0,0,1,0,1
C0116,07,000,00000,NCT OF DELHI,105004, Sangtam,1,0,1,0,0,0,1,0,1
C0116,07,000,00000,NCT OF DELHI,106000,106 SAVARA,49,25,24,0,0,0,49,25,24
C0116,07,000,00000,NCT OF DELHI,106004, Savara,49,25,24,0,0,0,49,25,24
C0116,07,000,00000,NCT OF DELHI,107000,107 SEMA,16,7,9,0,0,0,16,7,9
C0116,07,000,00000,NCT OF DELHI,107002, Sema,16,7,9,0,0,0,16,7,9
C0116,07,000,00000,NCT OF DELHI,108000,108 SHERPA ,17,9,8,0,0,0,17,9,8
C0116,07,000,00000,NCT OF DELHI,108001, Sherpa,17,9,8,0,0,0,17,9,8
C0116,07,000,00000,NCT OF DELHI,109000,109 SHINA,4,2,2,0,0,0,4,2,2
C0116,07,000,00000,NCT OF DELHI,109999,109 Others ,4,2,2,0,0,0,4,2,2
C0116,07,000,00000,NCT OF DELHI,111000,111 TAMANG ,33,18,15,0,0,0,33,18,15
C0116,07,000,00000,NCT OF DELHI,111001, Tamang,33,18,15,0,0,0,33,18,15
C0116,07,000,00000,NCT OF DELHI,112000,112 TANGKHUL ,310,138,172,0,0,0,310,138,172
C0116,07,000,00000,NCT OF DELHI,112008, Tangkhul,307,136,171,0,0,0,307,136,171
C0116,07,000,00000,NCT OF DELHI,112999,112 Others ,3,2,1,0,0,0,3,2,1
C0116,07,000,00000,NCT OF DELHI,113000,113 TANGSA,4,2,2,0,0,0,4,2,2
C0116,07,000,00000,NCT OF DELHI,113999,113 Others,4,2,2,0,0,0,4,2,2
C0116,07,000,00000,NCT OF DELHI,114000,114 THADO ,165,88,77,0,0,0,165,88,77
C0116,07,000,00000,NCT OF DELHI,114015, Thado,165,88,77,0,0,0,165,88,77
C0116,07,000,00000,NCT OF DELHI,115000,115 TIBETAN ,1900,951,949,4,2,2,1896,949,947
C0116,07,000,00000,NCT OF DELHI,115008, Tibetan,1880,937,943,4,2,2,1876,935,941
C0116,07,000,00000,NCT OF DELHI,115011, Purkhi,7,7,0,0,0,0,7,7,0
C0116,07,000,00000,NCT OF DELHI,115999,115 Others,13,7,6,0,0,0,13,7,6
C0116,07,000,00000,NCT OF DELHI,116000,116 TRIPURI ,58,35,23,0,0,0,58,35,23
C0116,07,000,00000,NCT OF DELHI,116007, Kokbarak,30,19,11,0,0,0,30,19,11
C0116,07,000,00000,NCT OF DELHI,116011, Reang,4,2,2,0,0,0,4,2,2
C0116,07,000,00000,NCT OF DELHI,116014, Tripuri,24,14,10,0,0,0,24,14,10
C0116,07,000,00000,NCT OF DELHI,117000,117 TULU ,209,111,98,1,1,0,208,110,98
C0116,07,000,00000,NCT OF DELHI,117009, Tulu,199,102,97,0,0,0,199,102,97
C0116,07,000,00000,NCT OF DELHI,117999,117 Others ,10,9,1,1,1,0,9,8,1
C0116,07,000,00000,NCT OF DELHI,118000,118 VAIPHEI ,90,41,49,0,0,0,90,41,49
C0116,07,000,00000,NCT OF DELHI,118002, Vaiphei,90,41,49,0,0,0,90,41,49
C0116,07,000,00000,NCT OF DELHI,119000,119 WANCHO,9,5,4,0,0,0,9,5,4
C0116,07,000,00000,NCT OF DELHI,119001, Wancho,9,5,4,0,0,0,9,5,4
C0116,07,000,00000,NCT OF DELHI,120000,120 YIMCHUNGRE,13,5,8,0,0,0,13,5,8
C0116,07,000,00000,NCT OF DELHI,120001, Chirr,3,1,2,0,0,0,3,1,2
C0116,07,000,00000,NCT OF DELHI,120004, Tikhir,2,0,2,0,0,0,2,0,2
C0116,07,000,00000,NCT OF DELHI,120005, Yimchungre,8,4,4,0,0,0,8,4,4
C0116,07,000,00000,NCT OF DELHI,121000,121 ZELIANG ,1,1,0,0,0,0,1,1,0
C0116,07,000,00000,NCT OF DELHI,121001, Zeliang,1,1,0,0,0,0,1,1,0
C0116,07,000,00000,NCT OF DELHI,122000,122 ZEMI ,15,8,7,0,0,0,15,8,7
C0116,07,000,00000,NCT OF DELHI,122003, Zemi,15,8,7,0,0,0,15,8,7
C0116,07,000,00000,NCT OF DELHI,123000,123 ZOU ,54,21,33,0,0,0,54,21,33
C0116,07,000,00000,NCT OF DELHI,123001, Zou,54,21,33,0,0,0,54,21,33
C0116,07,000,00000,NCT OF DELHI,124000,124 OTHERS,6100,3027,3073,17,9,8,6083,3018,3065
C0116,08,000,00000,RAJASTHAN,001000,1 ASSAMESE,2877,1939,938,972,650,322,1905,1289,616
C0116,08,000,00000,RAJASTHAN,001002, Assamese,2789,1876,913,966,644,322,1823,1232,591
C0116,08,000,00000,RAJASTHAN,001999,1 Others,88,63,25,6,6,0,82,57,25
C0116,08,000,00000,RAJASTHAN,002000,2 BENGALI ,81658,45048,36610,31423,17015,14408,50235,28033,22202
C0116,08,000,00000,RAJASTHAN,002007, Bengali,81564,45007,36557,31359,16992,14367,50205,28015,22190
C0116,08,000,00000,RAJASTHAN,002011, Chakma,55,28,27,45,22,23,10,6,4
C0116,08,000,00000,RAJASTHAN,002015, Haijong/Hajong,1,1,0,0,0,0,1,1,0
C0116,08,000,00000,RAJASTHAN,002999,2 Others,38,12,26,19,1,18,19,11,8
C0116,08,000,00000,RAJASTHAN,003000,3 BODO ,106,83,23,26,24,2,80,59,21
C0116,08,000,00000,RAJASTHAN,003001, Bodo/Boro,102,80,22,24,23,1,78,57,21
C0116,08,000,00000,RAJASTHAN,003003, Kachari,3,2,1,2,1,1,1,1,0
C0116,08,000,00000,RAJASTHAN,003004, Mech/Mechhia,1,1,0,0,0,0,1,1,0
C0116,08,000,00000,RAJASTHAN,004000,4 DOGRI ,5120,3773,1347,1583,1163,420,3537,2610,927
C0116,08,000,00000,RAJASTHAN,004001, Dogri,5120,3773,1347,1583,1163,420,3537,2610,927
C0116,08,000,00000,RAJASTHAN,005000,5 GUJARATI,67490,29501,37989,29036,10387,18649,38454,19114,19340
C0116,08,000,00000,RAJASTHAN,005018, Gujarati,66849,29179,37670,28534,10129,18405,38315,19050,19265
C0116,08,000,00000,RAJASTHAN,005019, Gujrao/Gujrau,13,6,7,0,0,0,13,6,7
C0116,08,000,00000,RAJASTHAN,005052, Pattani,8,5,3,8,5,3,0,0,0
C0116,08,000,00000,RAJASTHAN,005054, Ponchi,95,49,46,54,25,29,41,24,17
C0116,08,000,00000,RAJASTHAN,005057, Saurashtra/Saurashtri,7,4,3,1,1,0,6,3,3
C0116,08,000,00000,RAJASTHAN,005999,5 Others,518,258,260,439,227,212,79,31,48
C0116,08,000,00000,RAJASTHAN,006000,6 HINDI ,61274274,31821758,29452516,45740708,23703393,22037315,15533566,8118365,7415201
C0116,08,000,00000,RAJASTHAN,006030, Awadhi,7351,4004,3347,5630,3017,2613,1721,987,734
C0116,08,000,00000,RAJASTHAN,006040, Baghati/Baghati Pahari,150,80,70,117,63,54,33,17,16
C0116,08,000,00000,RAJASTHAN,006042, Bagheli/Baghel Khandi,178,95,83,137,73,64,41,22,19
C0116,08,000,00000,RAJASTHAN,006045, Bagri Rajasthani,668,338,330,551,276,275,117,62,55
C0116,08,000,00000,RAJASTHAN,006066, Banjari,8719,4362,4357,8504,4262,4242,215,100,115
C0116,08,000,00000,RAJASTHAN,006086, Bhadrawahi,66,48,18,8,6,2,58,42,16
C0116,08,000,00000,RAJASTHAN,006096, Bharmauri/Gaddi,138,67,71,120,56,64,18,11,7
C0116,08,000,00000,RAJASTHAN,006102, Bhojpuri,48483,29085,19398,9507,6119,3388,38976,22966,16010
C0116,08,000,00000,RAJASTHAN,006119, Bishnoi,305,159,146,305,159,146,0,0,0
C0116,08,000,00000,RAJASTHAN,006123, Brajbhasha,814162,435623,378539,637068,341393,295675,177094,94230,82864
C0116,08,000,00000,RAJASTHAN,006125, Bundeli/Bundel khandi,2227,1222,1005,1659,893,766,568,329,239
C0116,08,000,00000,RAJASTHAN,006133, Chambeali/Chamrali,99,2,97,99,2,97,0,0,0
C0116,08,000,00000,RAJASTHAN,006142, Chhattisgarhi,2053,1063,990,1737,902,835,316,161,155
C0116,08,000,00000,RAJASTHAN,006149, Churahi,1,0,1,1,0,1,0,0,0
C0116,08,000,00000,RAJASTHAN,006173, Dhundhari,1473032,761345,711687,1193896,616535,577361,279136,144810,134326
C0116,08,000,00000,RAJASTHAN,006195, Garhwali,4080,2345,1735,460,295,165,3620,2050,1570
C0116,08,000,00000,RAJASTHAN,006198, Gawari,441,220,221,139,76,63,302,144,158
C0116,08,000,00000,RAJASTHAN,006207, Gojri/Gujjari/Gujar,308,244,64,118,63,55,190,181,9
C0116,08,000,00000,RAJASTHAN,006231, Handuri,116,53,63,63,30,33,53,23,30
C0116,08,000,00000,RAJASTHAN,006232, Hara/Harauti,2944228,1528085,1416143,2289945,1186815,1103130,654283,341270,313013
C0116,08,000,00000,RAJASTHAN,006235, Haryanvi,66831,23188,43643,48709,13984,34725,18122,9204,8918
C0116,08,000,00000,RAJASTHAN,006240, Hindi,18742450,9908500,8833950,11200920,5938138,5262782,7541530,3970362,3571168
C0116,08,000,00000,RAJASTHAN,006265, Jaunpuri/Jaunsari,94,57,37,32,20,12,62,37,25
C0116,08,000,00000,RAJASTHAN,006291, Kangri,63,38,25,32,20,12,31,18,13
C0116,08,000,00000,RAJASTHAN,006311, Khari Boli,10923,5554,5369,9355,4716,4639,1568,838,730
C0116,08,000,00000,RAJASTHAN,006320, Khortha/Khotta,291,152,139,180,75,105,111,77,34
C0116,08,000,00000,RAJASTHAN,006336, Kulvi,1,1,0,1,1,0,0,0,0
C0116,08,000,00000,RAJASTHAN,006340, Kumauni,3223,2037,1186,325,225,100,2898,1812,1086
C0116,08,000,00000,RAJASTHAN,006345, Kurmali Thar,4,3,1,0,0,0,4,3,1
C0116,08,000,00000,RAJASTHAN,006353, Lamani/Lambadi,4244,2213,2031,3870,2030,1840,374,183,191
C0116,08,000,00000,RAJASTHAN,006376, Magadhi/Magahi,935,577,358,192,125,67,743,452,291
C0116,08,000,00000,RAJASTHAN,006391, Malvi,529348,266125,263223,496268,249310,246958,33080,16815,16265
C0116,08,000,00000,RAJASTHAN,006394, Mandeali,57,31,26,40,22,18,17,9,8
C0116,08,000,00000,RAJASTHAN,006400, Marwari,6201702,3200743,3000959,5269364,2716443,2552921,932338,484300,448038
C0116,08,000,00000,RAJASTHAN,006408, Mewari,4179940,2109171,2070769,3651858,1837824,1814034,528082,271347,256735
C0116,08,000,00000,RAJASTHAN,006409, Mewati,421044,218495,202549,404102,209519,194583,16942,8976,7966
C0116,08,000,00000,RAJASTHAN,006420, Nagpuria,31,16,15,27,13,14,4,3,1
C0116,08,000,00000,RAJASTHAN,006432, Nimadi,107,46,61,50,25,25,57,21,36
C0116,08,000,00000,RAJASTHAN,006439, Pahari,3519,2044,1475,1935,1114,821,1584,930,654
C0116,08,000,00000,RAJASTHAN,006451, Panch Pargania,3,2,1,3,2,1,0,0,0
C0116,08,000,00000,RAJASTHAN,006466, Pawari/Powari,48,27,21,46,26,20,2,1,1
C0116,08,000,00000,RAJASTHAN,006476, Puran/Puran Bhasha,1,1,0,0,0,0,1,1,0
C0116,08,000,00000,RAJASTHAN,006489, Rajasthani,25279304,13045147,12234157,20008311,10315186,9693125,5270993,2729961,2541032
C0116,08,000,00000,RAJASTHAN,006503, Sadan/Sadri,211102,106907,104195,211033,106877,104156,69,30,39
C0116,08,000,00000,RAJASTHAN,006535, Sondwari,202258,104126,98132,201518,103750,97768,740,376,364
C0116,08,000,00000,RAJASTHAN,006548, Surjapuri,62,51,11,29,23,6,33,28,5
C0116,08,000,00000,RAJASTHAN,006999,6 Others,109884,58066,51818,82444,42890,39554,27440,15176,12264
C0116,08,000,00000,RAJASTHAN,007000,7 KANNADA,5931,3495,2436,1639,1019,620,4292,2476,1816
C0116,08,000,00000,RAJASTHAN,007002, Badaga,15,7,8,9,4,5,6,3,3
C0116,08,000,00000,RAJASTHAN,007016, Kannada,3905,2451,1454,1291,830,461,2614,1621,993
C0116,08,000,00000,RAJASTHAN,007041, Prakritha/Prakritha Bhasha,1964,1018,946,298,169,129,1666,849,817
C0116,08,000,00000,RAJASTHAN,007999,7 Others,47,19,28,41,16,25,6,3,3
C0116,08,000,00000,RAJASTHAN,008000,8 KASHMIRI ,4164,2418,1746,2372,1338,1034,1792,1080,712
C0116,08,000,00000,RAJASTHAN,008005, Kashmiri,4139,2403,1736,2362,1330,1032,1777,1073,704
C0116,08,000,00000,RAJASTHAN,008010, Kishtwari,7,5,2,5,4,1,2,1,1
C0116,08,000,00000,RAJASTHAN,008018, Siraji,1,1,0,1,1,0,0,0,0
C0116,08,000,00000,RAJASTHAN,008019, Dardi,8,5,3,4,3,1,4,2,2
C0116,08,000,00000,RAJASTHAN,008999,8 Others,9,4,5,0,0,0,9,4,5
C0116,08,000,00000,RAJASTHAN,009000,9 KONKANI,255,135,120,140,79,61,115,56,59
C0116,08,000,00000,RAJASTHAN,009011, Konkani,111,53,58,19,10,9,92,43,49
C0116,08,000,00000,RAJASTHAN,009016, Malwani,6,2,4,5,1,4,1,1,0
C0116,08,000,00000,RAJASTHAN,009020, Nawait,1,1,0,1,1,0,0,0,0
C0116,08,000,00000,RAJASTHAN,009028, Gorboli/Goru/Gorwani,21,17,4,11,11,0,10,6,4
C0116,08,000,00000,RAJASTHAN,009999,9 Others,116,62,54,104,56,48,12,6,6
C0116,08,000,00000,RAJASTHAN,010000,10 MAITHILI ,11666,6758,4908,2646,1613,1033,9020,5145,3875
C0116,08,000,00000,RAJASTHAN,010008, Maithili,11292,6501,4791,2440,1464,976,8852,5037,3815
C0116,08,000,00000,RAJASTHAN,010011, Purbi Maithili,188,120,68,140,96,44,48,24,24
C0116,08,000,00000,RAJASTHAN,010013, Thati,175,131,44,63,52,11,112,79,33
C0116,08,000,00000,RAJASTHAN,010014, Tharu,11,6,5,3,1,2,8,5,3
C0116,08,000,00000,RAJASTHAN,011000,11 MALAYALAM,24439,12819,11620,6431,3494,2937,18008,9325,8683
C0116,08,000,00000,RAJASTHAN,011016, Malayalam,22707,11948,10759,5266,2909,2357,17441,9039,8402
C0116,08,000,00000,RAJASTHAN,011999,11 Others,1732,871,861,1165,585,580,567,286,281
C0116,08,000,00000,RAJASTHAN,012000,12 MANIPURI ,2168,1228,940,1295,726,569,873,502,371
C0116,08,000,00000,RAJASTHAN,012003, Manipuri,2166,1227,939,1295,726,569,871,501,370
C0116,08,000,00000,RAJASTHAN,012999,12 Others,2,1,1,0,0,0,2,1,1
C0116,08,000,00000,RAJASTHAN,013000,13 MARATHI ,23240,13029,10211,6902,3567,3335,16338,9462,6876
C0116,08,000,00000,RAJASTHAN,013060, Koli,26,14,12,5,2,3,21,12,9
C0116,08,000,00000,RAJASTHAN,013071, Marathi,22905,12872,10033,6641,3452,3189,16264,9420,6844
C0116,08,000,00000,RAJASTHAN,013999,13 Others,309,143,166,256,113,143,53,30,23
C0116,08,000,00000,RAJASTHAN,014000,14 NEPALI ,7636,4600,3036,1849,1221,628,5787,3379,2408
C0116,08,000,00000,RAJASTHAN,014011, Nepali,7633,4598,3035,1849,1221,628,5784,3377,2407
C0116,08,000,00000,RAJASTHAN,014999,14 Others,3,2,1,0,0,0,3,2,1
C0116,08,000,00000,RAJASTHAN,015000,15 ODIA ,17047,9621,7426,6047,3422,2625,11000,6199,4801
C0116,08,000,00000,RAJASTHAN,015043, Odia,16882,9556,7326,5915,3378,2537,10967,6178,4789
C0116,08,000,00000,RAJASTHAN,015999,15 Others,165,65,100,132,44,88,33,21,12
C0116,08,000,00000,RAJASTHAN,016000,16 PUNJABI ,2274342,1183773,1090569,1860271,965373,894898,414071,218400,195671
C0116,08,000,00000,RAJASTHAN,016002, Bagri,1119675,577188,542487,1003843,516422,487421,115832,60766,55066
C0116,08,000,00000,RAJASTHAN,016038, Punjabi,1154622,606557,548065,856400,448933,407467,298222,157624,140598
C0116,08,000,00000,RAJASTHAN,016999,16 Others,45,28,17,28,18,10,17,10,7
C0116,08,000,00000,RAJASTHAN,017000,17 SANSKRIT ,2375,1239,1136,1461,742,719,914,497,417
C0116,08,000,00000,RAJASTHAN,017002, Sanskrit,2375,1239,1136,1461,742,719,914,497,417
C0116,08,000,00000,RAJASTHAN,018000,18 SANTALI ,258,180,78,156,108,48,102,72,30
C0116,08,000,00000,RAJASTHAN,018010, Karmali,2,1,1,0,0,0,2,1,1
C0116,08,000,00000,RAJASTHAN,018011, Mahili,6,3,3,0,0,0,6,3,3
C0116,08,000,00000,RAJASTHAN,018040, Santali,240,172,68,154,108,46,86,64,22
C0116,08,000,00000,RAJASTHAN,018999,18 Others,10,4,6,2,0,2,8,4,4
C0116,08,000,00000,RAJASTHAN,019000,19 SINDHI,386569,199695,186874,152665,79675,72990,233904,120020,113884
C0116,08,000,00000,RAJASTHAN,019002, Bhatia,3,1,2,0,0,0,3,1,2
C0116,08,000,00000,RAJASTHAN,019008, Kachchhi,177,74,103,132,54,78,45,20,25
C0116,08,000,00000,RAJASTHAN,019014, Sindhi,353806,182477,171329,120461,62745,57716,233345,119732,113613
C0116,08,000,00000,RAJASTHAN,019999,19 Others,32583,17143,15440,32072,16876,15196,511,267,244
C0116,08,000,00000,RAJASTHAN,020000,20 TAMIL ,8939,5829,3110,2450,1690,760,6489,4139,2350
C0116,08,000,00000,RAJASTHAN,020009, Kaikadi,6,2,4,0,0,0,6,2,4
C0116,08,000,00000,RAJASTHAN,020027, Tamil,8921,5822,3099,2447,1689,758,6474,4133,2341
C0116,08,000,00000,RAJASTHAN,020999,20 Others,12,5,7,3,1,2,9,4,5
C0116,08,000,00000,RAJASTHAN,021000,21 TELUGU ,8350,5287,3063,2548,1648,900,5802,3639,2163
C0116,08,000,00000,RAJASTHAN,021046, Telugu,8298,5263,3035,2521,1641,880,5777,3622,2155
C0116,08,000,00000,RAJASTHAN,021999,21 Others,52,24,28,27,7,20,25,17,8
C0116,08,000,00000,RAJASTHAN,022000,22 URDU,664915,342301,322614,113738,58751,54987,551177,283550,267627
C0116,08,000,00000,RAJASTHAN,022015, Urdu,660186,339838,320348,110307,56990,53317,549879,282848,267031
C0116,08,000,00000,RAJASTHAN,022016, Bhansari,201,100,101,157,77,80,44,23,21
C0116,08,000,00000,RAJASTHAN,022999,22 Others,4528,2363,2165,3274,1684,1590,1254,679,575
C0116,08,000,00000,RAJASTHAN,023000,23 ADI ,892,468,424,701,360,341,191,108,83
C0116,08,000,00000,RAJASTHAN,023003, Adi,758,382,376,675,346,329,83,36,47
C0116,08,000,00000,RAJASTHAN,023006, Adi Gallong/Gallong,9,2,7,7,2,5,2,0,2
C0116,08,000,00000,RAJASTHAN,023040, Talgalo,93,64,29,6,3,3,87,61,26
C0116,08,000,00000,RAJASTHAN,023999,23 Others,32,20,12,13,9,4,19,11,8
C0116,08,000,00000,RAJASTHAN,024000,24 AFGHANI/KABULI/PASHTO ,174,76,98,50,22,28,124,54,70
C0116,08,000,00000,RAJASTHAN,024001, Afghani/Kabuli/Pashto,173,75,98,49,21,28,124,54,70
C0116,08,000,00000,RAJASTHAN,024999,24 Others,1,1,0,1,1,0,0,0,0
C0116,08,000,00000,RAJASTHAN,025000,25 ANAL ,7,7,0,0,0,0,7,7,0
C0116,08,000,00000,RAJASTHAN,025001, Anal,7,7,0,0,0,0,7,7,0
C0116,08,000,00000,RAJASTHAN,026000,26 ANGAMI ,3,1,2,0,0,0,3,1,2
C0116,08,000,00000,RAJASTHAN,026002, Angami,2,1,1,0,0,0,2,1,1
C0116,08,000,00000,RAJASTHAN,026999,26 Others,1,0,1,0,0,0,1,0,1
C0116,08,000,00000,RAJASTHAN,027000,27 AO ,9,6,3,4,1,3,5,5,0
C0116,08,000,00000,RAJASTHAN,027001, Ao,9,6,3,4,1,3,5,5,0
C0116,08,000,00000,RAJASTHAN,028000,28 ARABIC/ARBI ,891,488,403,393,217,176,498,271,227
C0116,08,000,00000,RAJASTHAN,028001, Arabic/Arbi,890,488,402,393,217,176,497,271,226
C0116,08,000,00000,RAJASTHAN,028999,28 Others,1,0,1,0,0,0,1,0,1
C0116,08,000,00000,RAJASTHAN,029000,29 BALTI ,10,6,4,0,0,0,10,6,4
C0116,08,000,00000,RAJASTHAN,029002, Balti,10,6,4,0,0,0,10,6,4
C0116,08,000,00000,RAJASTHAN,030000,30 BHILI/BHILODI ,3592208,1813752,1778456,3468974,1751141,1717833,123234,62611,60623
C0116,08,000,00000,RAJASTHAN,030002, Baori,51692,26693,24999,50640,26137,24503,1052,556,496
C0116,08,000,00000,RAJASTHAN,030003, Barel,21,12,9,21,12,9,0,0,0
C0116,08,000,00000,RAJASTHAN,030006, Bhilali,127,69,58,127,69,58,0,0,0
C0116,08,000,00000,RAJASTHAN,030007, Bhili/Bhilodi,46664,23505,23159,44930,22565,22365,1734,940,794
C0116,08,000,00000,RAJASTHAN,030020, Gamti/Gavit,130,61,69,120,58,62,10,3,7
C0116,08,000,00000,RAJASTHAN,030021, Garasia,67312,33627,33685,66967,33458,33509,345,169,176
C0116,08,000,00000,RAJASTHAN,030035, Kokna/Kokni/Kukna,96,45,51,13,7,6,83,38,45
C0116,08,000,00000,RAJASTHAN,030049, Mawchi,59,29,30,53,26,27,6,3,3
C0116,08,000,00000,RAJASTHAN,030070, Rathi,38291,21663,16628,37896,21444,16452,395,219,176
C0116,08,000,00000,RAJASTHAN,030073, Tadavi,1,0,1,1,0,1,0,0,0
C0116,08,000,00000,RAJASTHAN,030078, Wagdi,3387133,1707691,1679442,3267615,1647057,1620558,119518,60634,58884
C0116,08,000,00000,RAJASTHAN,030999,30 Others,682,357,325,591,308,283,91,49,42
C0116,08,000,00000,RAJASTHAN,031000,31 BHOTIA ,33,16,17,29,13,16,4,3,1
C0116,08,000,00000,RAJASTHAN,031001, Bhotia,23,12,11,21,11,10,2,1,1
C0116,08,000,00000,RAJASTHAN,031999,31 Others,10,4,6,8,2,6,2,2,0
C0116,08,000,00000,RAJASTHAN,032000,32 BHUMIJ ,7,6,1,5,4,1,2,2,0
C0116,08,000,00000,RAJASTHAN,032999,32 Others,7,6,1,5,4,1,2,2,0
C0116,08,000,00000,RAJASTHAN,034000,34 CHAKHESANG ,1,1,0,1,1,0,0,0,0
C0116,08,000,00000,RAJASTHAN,034001, Chakhesang,1,1,0,1,1,0,0,0,0
C0116,08,000,00000,RAJASTHAN,035000,35 CHAKRU/CHOKRI ,57,7,50,51,1,50,6,6,0
C0116,08,000,00000,RAJASTHAN,035001, Chakru/Chokri,57,7,50,51,1,50,6,6,0
C0116,08,000,00000,RAJASTHAN,036000,36 CHANG ,4,2,2,4,2,2,0,0,0
C0116,08,000,00000,RAJASTHAN,036001, Chang,4,2,2,4,2,2,0,0,0
C0116,08,000,00000,RAJASTHAN,037000,37 COORGI/KODAGU ,3,2,1,3,2,1,0,0,0
C0116,08,000,00000,RAJASTHAN,037001, Coorgi/Kodagu,3,2,1,3,2,1,0,0,0
C0116,08,000,00000,RAJASTHAN,038000,38 DEORI ,8,8,0,2,2,0,6,6,0
C0116,08,000,00000,RAJASTHAN,038001, Deori,8,8,0,2,2,0,6,6,0
C0116,08,000,00000,RAJASTHAN,039000,39 DIMASA ,3,0,3,3,0,3,0,0,0
C0116,08,000,00000,RAJASTHAN,039999,39 Others,3,0,3,3,0,3,0,0,0
C0116,08,000,00000,RAJASTHAN,040000,40 ENGLISH ,13202,7107,6095,9084,4922,4162,4118,2185,1933
C0116,08,000,00000,RAJASTHAN,040001, English,13202,7107,6095,9084,4922,4162,4118,2185,1933
C0116,08,000,00000,RAJASTHAN,041000,41 GADABA ,9,7,2,9,7,2,0,0,0
C0116,08,000,00000,RAJASTHAN,041001, Gadaba,9,7,2,9,7,2,0,0,0
C0116,08,000,00000,RAJASTHAN,042000,42 GANGTE ,6,4,2,0,0,0,6,4,2
C0116,08,000,00000,RAJASTHAN,042001, Gangte,6,4,2,0,0,0,6,4,2
C0116,08,000,00000,RAJASTHAN,043000,43 GARO ,26,16,10,5,3,2,21,13,8
C0116,08,000,00000,RAJASTHAN,043005, Garo,26,16,10,5,3,2,21,13,8
C0116,08,000,00000,RAJASTHAN,044000,44 GONDI,1712,856,856,1230,609,621,482,247,235
C0116,08,000,00000,RAJASTHAN,044002, Dorli,1,0,1,1,0,1,0,0,0
C0116,08,000,00000,RAJASTHAN,044007, Gondi,315,165,150,93,50,43,222,115,107
C0116,08,000,00000,RAJASTHAN,044013, Kalari,1,0,1,1,0,1,0,0,0
C0116,08,000,00000,RAJASTHAN,044017, Maria/ Muria,4,3,1,3,2,1,1,1,0
C0116,08,000,00000,RAJASTHAN,044999,44 Others,1391,688,703,1132,557,575,259,131,128
C0116,08,000,00000,RAJASTHAN,045000,45 HALABI,5,2,3,0,0,0,5,2,3
C0116,08,000,00000,RAJASTHAN,045001, Halabi,5,2,3,0,0,0,5,2,3
C0116,08,000,00000,RAJASTHAN,046000,46 HALAM ,92,44,48,80,36,44,12,8,4
C0116,08,000,00000,RAJASTHAN,046003, Halam,5,3,2,4,2,2,1,1,0
C0116,08,000,00000,RAJASTHAN,046999,46 Others,87,41,46,76,34,42,11,7,4
C0116,08,000,00000,RAJASTHAN,047000,47 HMAR,2,1,1,0,0,0,2,1,1
C0116,08,000,00000,RAJASTHAN,047001, Hmar,2,1,1,0,0,0,2,1,1
C0116,08,000,00000,RAJASTHAN,048000,48 HO,713,358,355,347,178,169,366,180,186
C0116,08,000,00000,RAJASTHAN,048004, Ho,56,32,24,36,21,15,20,11,9
C0116,08,000,00000,RAJASTHAN,048007, Lohara,657,326,331,311,157,154,346,169,177
C0116,08,000,00000,RAJASTHAN,049000,49 JATAPU ,2,1,1,2,1,1,0,0,0
C0116,08,000,00000,RAJASTHAN,049002, Jatapu,2,1,1,2,1,1,0,0,0
C0116,08,000,00000,RAJASTHAN,051000,51 KABUI ,15,10,5,0,0,0,15,10,5
C0116,08,000,00000,RAJASTHAN,051003, Kabui,4,0,4,0,0,0,4,0,4
C0116,08,000,00000,RAJASTHAN,051005, Rongmei,11,10,1,0,0,0,11,10,1
C0116,08,000,00000,RAJASTHAN,052000,52 KARBI/MIKIR ,3,2,1,2,2,0,1,0,1
C0116,08,000,00000,RAJASTHAN,052002, Karbi/Mikir,3,2,1,2,2,0,1,0,1
C0116,08,000,00000,RAJASTHAN,053000,53 KHANDESHI,153,120,33,100,89,11,53,31,22
C0116,08,000,00000,RAJASTHAN,053002, Ahirani,1,0,1,1,0,1,0,0,0
C0116,08,000,00000,RAJASTHAN,053004, Dangi,22,13,9,5,3,2,17,10,7
C0116,08,000,00000,RAJASTHAN,053005, Gujari,119,100,19,83,79,4,36,21,15
C0116,08,000,00000,RAJASTHAN,053999,53 Others,11,7,4,11,7,4,0,0,0
C0116,08,000,00000,RAJASTHAN,054000,54 KHARIA ,77,39,38,37,19,18,40,20,20
C0116,08,000,00000,RAJASTHAN,054005, Kharia,77,39,38,37,19,18,40,20,20
C0116,08,000,00000,RAJASTHAN,055000,55 KHASI ,65,34,31,51,23,28,14,11,3
C0116,08,000,00000,RAJASTHAN,055007, Khasi,64,34,30,51,23,28,13,11,2
C0116,08,000,00000,RAJASTHAN,055999,55 Others ,1,0,1,0,0,0,1,0,1
C0116,08,000,00000,RAJASTHAN,056000,56 KHEZHA ,5,1,4,0,0,0,5,1,4
C0116,08,000,00000,RAJASTHAN,056999,56 Others ,5,1,4,0,0,0,5,1,4
C0116,08,000,00000,RAJASTHAN,057000,57 KHIEMNUNGAN,10,0,10,10,0,10,0,0,0
C0116,08,000,00000,RAJASTHAN,057001, Khiemnungan,10,0,10,10,0,10,0,0,0
C0116,08,000,00000,RAJASTHAN,058000,58 KHOND/KONDH ,1,1,0,0,0,0,1,1,0
C0116,08,000,00000,RAJASTHAN,058006, Kuvi,1,1,0,0,0,0,1,1,0
C0116,08,000,00000,RAJASTHAN,059000,59 KINNAURI ,16,14,2,13,12,1,3,2,1
C0116,08,000,00000,RAJASTHAN,059003, Kinnauri,16,14,2,13,12,1,3,2,1
C0116,08,000,00000,RAJASTHAN,061000,61 KOCH ,1,1,0,0,0,0,1,1,0
C0116,08,000,00000,RAJASTHAN,061002, Koch,1,1,0,0,0,0,1,1,0
C0116,08,000,00000,RAJASTHAN,064000,64 KOM,7,1,6,0,0,0,7,1,6
C0116,08,000,00000,RAJASTHAN,064001, Kom,7,1,6,0,0,0,7,1,6
C0116,08,000,00000,RAJASTHAN,067000,67 KORKU ,46,36,10,45,35,10,1,1,0
C0116,08,000,00000,RAJASTHAN,067001, Korku,15,10,5,15,10,5,0,0,0
C0116,08,000,00000,RAJASTHAN,067004, Muwasi,30,25,5,30,25,5,0,0,0
C0116,08,000,00000,RAJASTHAN,067999,67 Others ,1,1,0,0,0,0,1,1,0
C0116,08,000,00000,RAJASTHAN,068000,68 KORWA ,23,14,9,16,10,6,7,4,3
C0116,08,000,00000,RAJASTHAN,068999,68 Others ,23,14,9,16,10,6,7,4,3
C0116,08,000,00000,RAJASTHAN,071000,71 KUKI,61,47,14,9,9,0,52,38,14
C0116,08,000,00000,RAJASTHAN,071008, Kuki,61,47,14,9,9,0,52,38,14
C0116,08,000,00000,RAJASTHAN,072000,72 KURUKH/ORAON ,251,176,75,178,136,42,73,40,33
C0116,08,000,00000,RAJASTHAN,072024, Kurukh/Oraon,198,149,49,129,110,19,69,39,30
C0116,08,000,00000,RAJASTHAN,072999,72 Others ,53,27,26,49,26,23,4,1,3
C0116,08,000,00000,RAJASTHAN,073000,73 LADAKHI ,33,24,9,7,5,2,26,19,7
C0116,08,000,00000,RAJASTHAN,073003, Ladakhi,33,24,9,7,5,2,26,19,7
C0116,08,000,00000,RAJASTHAN,075000,75 LAHNDA ,15882,8075,7807,12114,6159,5955,3768,1916,1852
C0116,08,000,00000,RAJASTHAN,075001, Bahawal Puri,2109,1101,1008,1454,763,691,655,338,317
C0116,08,000,00000,RAJASTHAN,075006, Hindi Multani,3984,2023,1961,1322,681,641,2662,1342,1320
C0116,08,000,00000,RAJASTHAN,075999,75 Others ,9789,4951,4838,9338,4715,4623,451,236,215
C0116,08,000,00000,RAJASTHAN,076000,76 LAKHER,92,43,49,68,29,39,24,14,10
C0116,08,000,00000,RAJASTHAN,076002, Mara,92,43,49,68,29,39,24,14,10
C0116,08,000,00000,RAJASTHAN,078000,78 LEPCHA ,1,1,0,1,1,0,0,0,0
C0116,08,000,00000,RAJASTHAN,078001, Lepcha,1,1,0,1,1,0,0,0,0
C0116,08,000,00000,RAJASTHAN,080000,80 LIMBU ,6,4,2,5,3,2,1,1,0
C0116,08,000,00000,RAJASTHAN,080002, Limbu,1,1,0,0,0,0,1,1,0
C0116,08,000,00000,RAJASTHAN,080999,80 Others ,5,3,2,5,3,2,0,0,0
C0116,08,000,00000,RAJASTHAN,081000,81 LOTHA ,7,6,1,0,0,0,7,6,1
C0116,08,000,00000,RAJASTHAN,081001, Lotha,7,6,1,0,0,0,7,6,1
C0116,08,000,00000,RAJASTHAN,082000,82 LUSHAI/MIZO ,185,130,55,34,24,10,151,106,45
C0116,08,000,00000,RAJASTHAN,082005, Lushai/Mizo,179,127,52,28,21,7,151,106,45
C0116,08,000,00000,RAJASTHAN,082999,82 Others ,6,3,3,6,3,3,0,0,0
C0116,08,000,00000,RAJASTHAN,084000,84 MAO,295,164,131,45,28,17,250,136,114
C0116,08,000,00000,RAJASTHAN,084001, Mao,54,30,24,32,17,15,22,13,9
C0116,08,000,00000,RAJASTHAN,084003, Paola,241,134,107,13,11,2,228,123,105
C0116,08,000,00000,RAJASTHAN,085000,85 MARAM,3,1,2,2,0,2,1,1,0
C0116,08,000,00000,RAJASTHAN,085001, Maram ,3,1,2,2,0,2,1,1,0
C0116,08,000,00000,RAJASTHAN,087000,87 MIRI/MISHING,3,2,1,3,2,1,0,0,0
C0116,08,000,00000,RAJASTHAN,087003, Miri/Mishing,3,2,1,3,2,1,0,0,0
C0116,08,000,00000,RAJASTHAN,088000,88 MISHMI ,17,8,9,9,5,4,8,3,5
C0116,08,000,00000,RAJASTHAN,088007, Mishmi,8,3,5,1,0,1,7,3,4
C0116,08,000,00000,RAJASTHAN,088999,88 Others ,9,5,4,8,5,3,1,0,1
C0116,08,000,00000,RAJASTHAN,089000,89 MOGH ,2,1,1,0,0,0,2,1,1
C0116,08,000,00000,RAJASTHAN,089004, Mogh,2,1,1,0,0,0,2,1,1
C0116,08,000,00000,RAJASTHAN,090000,90 MONPA ,2,2,0,0,0,0,2,2,0
C0116,08,000,00000,RAJASTHAN,090003, Monpa,2,2,0,0,0,0,2,2,0
C0116,08,000,00000,RAJASTHAN,091000,91 MUNDA,2767,1421,1346,1739,886,853,1028,535,493
C0116,08,000,00000,RAJASTHAN,091009, Munda,60,33,27,38,19,19,22,14,8
C0116,08,000,00000,RAJASTHAN,091999,91 Others ,2707,1388,1319,1701,867,834,1006,521,485
C0116,08,000,00000,RAJASTHAN,092000,92 MUNDARI ,121,79,42,97,68,29,24,11,13
C0116,08,000,00000,RAJASTHAN,092005, Mundari,116,78,38,93,67,26,23,11,12
C0116,08,000,00000,RAJASTHAN,092999,92 Others,5,1,4,4,1,3,1,0,1
C0116,08,000,00000,RAJASTHAN,094000,94 NISSI/DAFLA ,59,27,32,10,2,8,49,25,24
C0116,08,000,00000,RAJASTHAN,094001, Apatani,7,2,5,7,2,5,0,0,0
C0116,08,000,00000,RAJASTHAN,094007, Nissi/Dafla,2,1,1,0,0,0,2,1,1
C0116,08,000,00000,RAJASTHAN,094999,94 Others ,50,24,26,3,0,3,47,24,23
C0116,08,000,00000,RAJASTHAN,095000,95 NOCTE ,5,1,4,0,0,0,5,1,4
C0116,08,000,00000,RAJASTHAN,095003, Nocte,5,1,4,0,0,0,5,1,4
C0116,08,000,00000,RAJASTHAN,096000,96 PAITE,7,7,0,3,3,0,4,4,0
C0116,08,000,00000,RAJASTHAN,096002, Paite,7,7,0,3,3,0,4,4,0
C0116,08,000,00000,RAJASTHAN,097000,97 PARJI ,1,1,0,0,0,0,1,1,0
C0116,08,000,00000,RAJASTHAN,097001, Dhurwa,1,1,0,0,0,0,1,1,0
C0116,08,000,00000,RAJASTHAN,102000,102 RABHA ,634,376,258,383,230,153,251,146,105
C0116,08,000,00000,RAJASTHAN,102002, Rabha,634,376,258,383,230,153,251,146,105
C0116,08,000,00000,RAJASTHAN,103000,103 RAI ,176,86,90,168,82,86,8,4,4
C0116,08,000,00000,RAJASTHAN,103003, Rai,176,86,90,168,82,86,8,4,4
C0116,08,000,00000,RAJASTHAN,105000,105 SANGTAM ,1,0,1,1,0,1,0,0,0
C0116,08,000,00000,RAJASTHAN,105004, Sangtam,1,0,1,1,0,1,0,0,0
C0116,08,000,00000,RAJASTHAN,106000,106 SAVARA,36,21,15,31,19,12,5,2,3
C0116,08,000,00000,RAJASTHAN,106004, Savara,36,21,15,31,19,12,5,2,3
C0116,08,000,00000,RAJASTHAN,109000,109 SHINA,4,2,2,1,1,0,3,1,2
C0116,08,000,00000,RAJASTHAN,109005, Shina,4,2,2,1,1,0,3,1,2
C0116,08,000,00000,RAJASTHAN,111000,111 TAMANG ,3,2,1,0,0,0,3,2,1
C0116,08,000,00000,RAJASTHAN,111001, Tamang,3,2,1,0,0,0,3,2,1
C0116,08,000,00000,RAJASTHAN,112000,112 TANGKHUL ,15,7,8,3,1,2,12,6,6
C0116,08,000,00000,RAJASTHAN,112008, Tangkhul,12,6,6,0,0,0,12,6,6
C0116,08,000,00000,RAJASTHAN,112999,112 Others ,3,1,2,3,1,2,0,0,0
C0116,08,000,00000,RAJASTHAN,113000,113 TANGSA,1,1,0,0,0,0,1,1,0
C0116,08,000,00000,RAJASTHAN,113999,113 Others,1,1,0,0,0,0,1,1,0
C0116,08,000,00000,RAJASTHAN,114000,114 THADO ,9,4,5,4,1,3,5,3,2
C0116,08,000,00000,RAJASTHAN,114015, Thado,5,3,2,3,1,2,2,2,0
C0116,08,000,00000,RAJASTHAN,114999,114 Others,4,1,3,1,0,1,3,1,2
C0116,08,000,00000,RAJASTHAN,115000,115 TIBETAN ,38,17,21,1,1,0,37,16,21
C0116,08,000,00000,RAJASTHAN,115008, Tibetan,38,17,21,1,1,0,37,16,21
C0116,08,000,00000,RAJASTHAN,116000,116 TRIPURI ,169,81,88,25,19,6,144,62,82
C0116,08,000,00000,RAJASTHAN,116007, Kokbarak,85,48,37,16,14,2,69,34,35
C0116,08,000,00000,RAJASTHAN,116011, Reang,10,10,0,2,2,0,8,8,0
C0116,08,000,00000,RAJASTHAN,116014, Tripuri,74,23,51,7,3,4,67,20,47
C0116,08,000,00000,RAJASTHAN,117000,117 TULU ,119,63,56,61,32,29,58,31,27
C0116,08,000,00000,RAJASTHAN,117009, Tulu,19,12,7,8,7,1,11,5,6
C0116,08,000,00000,RAJASTHAN,117999,117 Others ,100,51,49,53,25,28,47,26,21
C0116,08,000,00000,RAJASTHAN,118000,118 VAIPHEI ,2,2,0,1,1,0,1,1,0
C0116,08,000,00000,RAJASTHAN,118002, Vaiphei,2,2,0,1,1,0,1,1,0
C0116,08,000,00000,RAJASTHAN,119000,119 WANCHO,1,1,0,0,0,0,1,1,0
C0116,08,000,00000,RAJASTHAN,119001, Wancho,1,1,0,0,0,0,1,1,0
C0116,08,000,00000,RAJASTHAN,120000,120 YIMCHUNGRE,1,1,0,0,0,0,1,1,0
C0116,08,000,00000,RAJASTHAN,120999,120 Others ,1,1,0,0,0,0,1,1,0
C0116,08,000,00000,RAJASTHAN,123000,123 ZOU ,4,2,2,0,0,0,4,2,2
C0116,08,000,00000,RAJASTHAN,123001, Zou,4,2,2,0,0,0,4,2,2
C0116,08,000,00000,RAJASTHAN,124000,124 OTHERS,43104,22087,21017,37740,19190,18550,5364,2897,2467
C0116,09,000,00000,UTTAR PRADESH,001000,1 ASSAMESE,10356,5910,4446,2489,1380,1109,7867,4530,3337
C0116,09,000,00000,UTTAR PRADESH,001002, Assamese,10288,5855,4433,2473,1364,1109,7815,4491,3324
C0116,09,000,00000,UTTAR PRADESH,001999,1 Others,68,55,13,16,16,0,52,39,13
C0116,09,000,00000,UTTAR PRADESH,002000,2 BENGALI ,241007,122645,118362,129389,64788,64601,111618,57857,53761
C0116,09,000,00000,UTTAR PRADESH,002007, Bengali,240966,122622,118344,129371,64779,64592,111595,57843,53752
C0116,09,000,00000,UTTAR PRADESH,002011, Chakma,18,11,7,1,1,0,17,10,7
C0116,09,000,00000,UTTAR PRADESH,002015, Haijong/Hajong,8,5,3,5,3,2,3,2,1
C0116,09,000,00000,UTTAR PRADESH,002044, Rajbangsi,7,3,4,7,3,4,0,0,0
C0116,09,000,00000,UTTAR PRADESH,002999,2 Others,8,4,4,5,2,3,3,2,1
C0116,09,000,00000,UTTAR PRADESH,003000,3 BODO ,226,155,71,48,39,9,178,116,62
C0116,09,000,00000,UTTAR PRADESH,003001, Bodo/Boro,222,153,69,44,37,7,178,116,62
C0116,09,000,00000,UTTAR PRADESH,003003, Kachari,2,1,1,2,1,1,0,0,0
C0116,09,000,00000,UTTAR PRADESH,003999,3 Others,2,1,1,2,1,1,0,0,0
C0116,09,000,00000,UTTAR PRADESH,004000,4 DOGRI ,2695,2008,687,269,230,39,2426,1778,648
C0116,09,000,00000,UTTAR PRADESH,004001, Dogri,2695,2008,687,269,230,39,2426,1778,648
C0116,09,000,00000,UTTAR PRADESH,005000,5 GUJARATI,15442,8160,7282,6708,3470,3238,8734,4690,4044
C0116,09,000,00000,UTTAR PRADESH,005018, Gujarati,11938,6314,5624,4201,2144,2057,7737,4170,3567
C0116,09,000,00000,UTTAR PRADESH,005019, Gujrao/Gujrau,1204,627,577,1200,625,575,4,2,2
C0116,09,000,00000,UTTAR PRADESH,005057, Saurashtra/Saurashtri,46,22,24,0,0,0,46,22,24
C0116,09,000,00000,UTTAR PRADESH,005999,5 Others,2254,1197,1057,1307,701,606,947,496,451
C0116,09,000,00000,UTTAR PRADESH,006000,6 HINDI ,187979055,98332835,89646220,149936334,78214653,71721681,38042721,20118182,17924539
C0116,09,000,00000,UTTAR PRADESH,006030, Awadhi,3801743,1928456,1873287,3715556,1883683,1831873,86187,44773,41414
C0116,09,000,00000,UTTAR PRADESH,006040, Baghati/Baghati Pahari,16,7,9,16,7,9,0,0,0
C0116,09,000,00000,UTTAR PRADESH,006042, Bagheli/Baghel Khandi,2612,1304,1308,2512,1249,1263,100,55,45
C0116,09,000,00000,UTTAR PRADESH,006066, Banjari,2548,1362,1186,2541,1359,1182,7,3,4
C0116,09,000,00000,UTTAR PRADESH,006086, Bhadrawahi,8,5,3,2,1,1,6,4,2
C0116,09,000,00000,UTTAR PRADESH,006096, Bharmauri/Gaddi,442,224,218,125,63,62,317,161,156
C0116,09,000,00000,UTTAR PRADESH,006102, Bhojpuri,21844783,11057299,10787484,20572313,10394616,10177697,1272470,662683,609787
C0116,09,000,00000,UTTAR PRADESH,006123, Brajbhasha,713572,389053,324519,598845,326908,271937,114727,62145,52582
C0116,09,000,00000,UTTAR PRADESH,006125, Bundeli/Bundel khandi,1303940,694992,608948,1089327,580801,508526,214613,114191,100422
C0116,09,000,00000,UTTAR PRADESH,006133, Chambeali/Chamrali,25,16,9,24,15,9,1,1,0
C0116,09,000,00000,UTTAR PRADESH,006142, Chhattisgarhi,12308,6424,5884,10787,5618,5169,1521,806,715
C0116,09,000,00000,UTTAR PRADESH,006173, Dhundhari,113,68,45,19,12,7,94,56,38
C0116,09,000,00000,UTTAR PRADESH,006195, Garhwali,22914,12204,10710,6802,3390,3412,16112,8814,7298
C0116,09,000,00000,UTTAR PRADESH,006198, Gawari,15,7,8,0,0,0,15,7,8
C0116,09,000,00000,UTTAR PRADESH,006207, Gojri/Gujjari/Gujar,1758,980,778,1628,899,729,130,81,49
C0116,09,000,00000,UTTAR PRADESH,006231, Handuri,2,1,1,0,0,0,2,1,1
C0116,09,000,00000,UTTAR PRADESH,006235, Haryanvi,16166,5112,11054,11244,2660,8584,4922,2452,2470
C0116,09,000,00000,UTTAR PRADESH,006240, Hindi,160159977,84185649,75974328,123866244,64984274,58881970,36293733,19201375,17092358
C0116,09,000,00000,UTTAR PRADESH,006265, Jaunpuri/Jaunsari,221,130,91,122,72,50,99,58,41
C0116,09,000,00000,UTTAR PRADESH,006291, Kangri,48,34,14,3,3,0,45,31,14
C0116,09,000,00000,UTTAR PRADESH,006311, Khari Boli,16355,8689,7666,13214,7018,6196,3141,1671,1470
C0116,09,000,00000,UTTAR PRADESH,006320, Khortha/Khotta,124,73,51,62,33,29,62,40,22
C0116,09,000,00000,UTTAR PRADESH,006336, Kulvi,2,2,0,2,2,0,0,0,0
C0116,09,000,00000,UTTAR PRADESH,006340, Kumauni,11059,5963,5096,1839,968,871,9220,4995,4225
C0116,09,000,00000,UTTAR PRADESH,006345, Kurmali Thar,21,14,7,1,1,0,20,13,7
C0116,09,000,00000,UTTAR PRADESH,006353, Lamani/Lambadi,192,108,84,2,2,0,190,106,84
C0116,09,000,00000,UTTAR PRADESH,006355, Laria,2,1,1,1,1,0,1,0,1
C0116,09,000,00000,UTTAR PRADESH,006376, Magadhi/Magahi,1597,921,676,521,284,237,1076,637,439
C0116,09,000,00000,UTTAR PRADESH,006391, Malvi,32,19,13,9,4,5,23,15,8
C0116,09,000,00000,UTTAR PRADESH,006394, Mandeali,23,16,7,15,9,6,8,7,1
C0116,09,000,00000,UTTAR PRADESH,006400, Marwari,5786,3051,2735,2037,1117,920,3749,1934,1815
C0116,09,000,00000,UTTAR PRADESH,006408, Mewari,17,7,10,10,4,6,7,3,4
C0116,09,000,00000,UTTAR PRADESH,006409, Mewati,9234,4739,4495,9222,4732,4490,12,7,5
C0116,09,000,00000,UTTAR PRADESH,006420, Nagpuria,417,215,202,400,202,198,17,13,4
C0116,09,000,00000,UTTAR PRADESH,006432, Nimadi,17,9,8,6,3,3,11,6,5
C0116,09,000,00000,UTTAR PRADESH,006438, Padari,2,0,2,0,0,0,2,0,2
C0116,09,000,00000,UTTAR PRADESH,006439, Pahari,2591,1485,1106,359,238,121,2232,1247,985
C0116,09,000,00000,UTTAR PRADESH,006451, Panch Pargania,64,37,27,64,37,27,0,0,0
C0116,09,000,00000,UTTAR PRADESH,006452, Pando/Pandwani,112,56,56,44,17,27,68,39,29
C0116,09,000,00000,UTTAR PRADESH,006476, Puran/Puran Bhasha,15,11,4,13,10,3,2,1,1
C0116,09,000,00000,UTTAR PRADESH,006489, Rajasthani,13382,6158,7224,7533,2890,4643,5849,3268,2581
C0116,09,000,00000,UTTAR PRADESH,006503, Sadan/Sadri,2676,1356,1320,2495,1275,1220,181,81,100
C0116,09,000,00000,UTTAR PRADESH,006535, Sondwari,4,2,2,0,0,0,4,2,2
C0116,09,000,00000,UTTAR PRADESH,006547, Surgujia,96,56,40,67,37,30,29,19,10
C0116,09,000,00000,UTTAR PRADESH,006548, Surjapuri,78,69,9,2,2,0,76,67,9
C0116,09,000,00000,UTTAR PRADESH,006999,6 Others,31946,16451,15495,20306,10137,10169,11640,6314,5326
C0116,09,000,00000,UTTAR PRADESH,007000,7 KANNADA,6435,3992,2443,1340,811,529,5095,3181,1914
C0116,09,000,00000,UTTAR PRADESH,007002, Badaga,3,1,2,0,0,0,3,1,2
C0116,09,000,00000,UTTAR PRADESH,007016, Kannada,4362,2867,1495,600,404,196,3762,2463,1299
C0116,09,000,00000,UTTAR PRADESH,007027, Kuruba/Kurumba,15,9,6,15,9,6,0,0,0
C0116,09,000,00000,UTTAR PRADESH,007041, Prakritha/Prakritha Bhasha,1560,838,722,245,133,112,1315,705,610
C0116,09,000,00000,UTTAR PRADESH,007999,7 Others,495,277,218,480,265,215,15,12,3
C0116,09,000,00000,UTTAR PRADESH,008000,8 KASHMIRI ,6123,3186,2937,120,83,37,6003,3103,2900
C0116,09,000,00000,UTTAR PRADESH,008005, Kashmiri,6123,3186,2937,120,83,37,6003,3103,2900
C0116,09,000,00000,UTTAR PRADESH,009000,9 KONKANI,335,170,165,30,22,8,305,148,157
C0116,09,000,00000,UTTAR PRADESH,009011, Konkani,230,115,115,24,18,6,206,97,109
C0116,09,000,00000,UTTAR PRADESH,009013, Kudubi/Kudumbi,1,0,1,1,0,1,0,0,0
C0116,09,000,00000,UTTAR PRADESH,009016, Malwani,22,11,11,3,2,1,19,9,10
C0116,09,000,00000,UTTAR PRADESH,009020, Nawait,3,1,2,0,0,0,3,1,2
C0116,09,000,00000,UTTAR PRADESH,009028, Gorboli/Goru/Gorwani,8,3,5,0,0,0,8,3,5
C0116,09,000,00000,UTTAR PRADESH,009999,9 Others,71,40,31,2,2,0,69,38,31
C0116,09,000,00000,UTTAR PRADESH,010000,10 MAITHILI ,24831,13435,11396,8695,4366,4329,16136,9069,7067
C0116,09,000,00000,UTTAR PRADESH,010008, Maithili,16989,9546,7443,1756,973,783,15233,8573,6660
C0116,09,000,00000,UTTAR PRADESH,010011, Purbi Maithili,2178,1010,1168,1864,854,1010,314,156,158
C0116,09,000,00000,UTTAR PRADESH,010013, Thati,961,523,438,391,193,198,570,330,240
C0116,09,000,00000,UTTAR PRADESH,010014, Tharu,4702,2356,2346,4684,2346,2338,18,10,8
C0116,09,000,00000,UTTAR PRADESH,010999,10 Others,1,0,1,0,0,0,1,0,1
C0116,09,000,00000,UTTAR PRADESH,011000,11 MALAYALAM,24450,12767,11683,2281,1180,1101,22169,11587,10582
C0116,09,000,00000,UTTAR PRADESH,011016, Malayalam,24338,12715,11623,2189,1138,1051,22149,11577,10572
C0116,09,000,00000,UTTAR PRADESH,011999,11 Others,112,52,60,92,42,50,20,10,10
C0116,09,000,00000,UTTAR PRADESH,012000,12 MANIPURI ,1204,875,329,243,220,23,961,655,306
C0116,09,000,00000,UTTAR PRADESH,012003, Manipuri,1203,874,329,243,220,23,960,654,306
C0116,09,000,00000,UTTAR PRADESH,012999,12 Others,1,1,0,0,0,0,1,1,0
C0116,09,000,00000,UTTAR PRADESH,013000,13 MARATHI ,24280,14380,9900,2896,1518,1378,21384,12862,8522
C0116,09,000,00000,UTTAR PRADESH,013071, Marathi,24115,14300,9815,2769,1458,1311,21346,12842,8504
C0116,09,000,00000,UTTAR PRADESH,013999,13 Others,165,80,85,127,60,67,38,20,18
C0116,09,000,00000,UTTAR PRADESH,014000,14 NEPALI ,18743,10651,8092,3943,1918,2025,14800,8733,6067
C0116,09,000,00000,UTTAR PRADESH,014011, Nepali,18734,10649,8085,3939,1918,2021,14795,8731,6064
C0116,09,000,00000,UTTAR PRADESH,014999,14 Others,9,2,7,4,0,4,5,2,3
C0116,09,000,00000,UTTAR PRADESH,015000,15 ODIA ,24729,13218,11511,7671,3613,4058,17058,9605,7453
C0116,09,000,00000,UTTAR PRADESH,015006, Bhatri,500,271,229,28,13,15,472,258,214
C0116,09,000,00000,UTTAR PRADESH,015007, Bhuiya/Bhuyan[Ori],101,52,49,97,48,49,4,4,0
C0116,09,000,00000,UTTAR PRADESH,015043, Odia,24071,12863,11208,7519,3538,3981,16552,9325,7227
C0116,09,000,00000,UTTAR PRADESH,015058, Sambalpuri,10,7,3,0,0,0,10,7,3
C0116,09,000,00000,UTTAR PRADESH,015999,15 Others,47,25,22,27,14,13,20,11,9
C0116,09,000,00000,UTTAR PRADESH,016000,16 PUNJABI ,508736,269489,239247,332759,175415,157344,175977,94074,81903
C0116,09,000,00000,UTTAR PRADESH,016002, Bagri,57,32,25,9,3,6,48,29,19
C0116,09,000,00000,UTTAR PRADESH,016006, Bilaspuri Kahluri,8,7,1,8,7,1,0,0,0
C0116,09,000,00000,UTTAR PRADESH,016038, Punjabi,508599,269418,239181,332678,175378,157300,175921,94040,81881
C0116,09,000,00000,UTTAR PRADESH,016999,16 Others,72,32,40,64,27,37,8,5,3
C0116,09,000,00000,UTTAR PRADESH,017000,17 SANSKRIT ,3062,1697,1365,1394,743,651,1668,954,714
C0116,09,000,00000,UTTAR PRADESH,017002, Sanskrit,3062,1697,1365,1394,743,651,1668,954,714
C0116,09,000,00000,UTTAR PRADESH,018000,18 SANTALI ,858,485,373,436,266,170,422,219,203
C0116,09,000,00000,UTTAR PRADESH,018010, Karmali,1,1,0,0,0,0,1,1,0
C0116,09,000,00000,UTTAR PRADESH,018011, Mahili,16,9,7,3,2,1,13,7,6
C0116,09,000,00000,UTTAR PRADESH,018040, Santali,701,387,314,309,183,126,392,204,188
C0116,09,000,00000,UTTAR PRADESH,018999,18 Others,140,88,52,124,81,43,16,7,9
C0116,09,000,00000,UTTAR PRADESH,019000,19 SINDHI,28952,14821,14131,945,489,456,28007,14332,13675
C0116,09,000,00000,UTTAR PRADESH,019008, Kachchhi,12,7,5,1,0,1,11,7,4
C0116,09,000,00000,UTTAR PRADESH,019014, Sindhi,28937,14812,14125,942,488,454,27995,14324,13671
C0116,09,000,00000,UTTAR PRADESH,019999,19 Others,3,2,1,2,1,1,1,1,0
C0116,09,000,00000,UTTAR PRADESH,020000,20 TAMIL ,14444,8622,5822,978,646,332,13466,7976,5490
C0116,09,000,00000,UTTAR PRADESH,020009, Kaikadi,7,3,4,0,0,0,7,3,4
C0116,09,000,00000,UTTAR PRADESH,020027, Tamil,14426,8613,5813,975,644,331,13451,7969,5482
C0116,09,000,00000,UTTAR PRADESH,020999,20 Others,11,6,5,3,2,1,8,4,4
C0116,09,000,00000,UTTAR PRADESH,021000,21 TELUGU ,13977,8426,5551,1015,660,355,12962,7766,5196
C0116,09,000,00000,UTTAR PRADESH,021046, Telugu,13918,8391,5527,982,644,338,12936,7747,5189
C0116,09,000,00000,UTTAR PRADESH,021999,21 Others,59,35,24,33,16,17,26,19,7
C0116,09,000,00000,UTTAR PRADESH,022000,22 URDU,10820232,5610185,5210047,4851370,2502603,2348767,5968862,3107582,2861280
C0116,09,000,00000,UTTAR PRADESH,022015, Urdu,10793391,5596483,5196908,4827136,2490252,2336884,5966255,3106231,2860024
C0116,09,000,00000,UTTAR PRADESH,022016, Bhansari,20993,10730,10263,19924,10192,9732,1069,538,531
C0116,09,000,00000,UTTAR PRADESH,022999,22 Others,5848,2972,2876,4310,2159,2151,1538,813,725
C0116,09,000,00000,UTTAR PRADESH,023000,23 ADI ,75,41,34,42,26,16,33,15,18
C0116,09,000,00000,UTTAR PRADESH,023003, Adi,25,18,7,12,12,0,13,6,7
C0116,09,000,00000,UTTAR PRADESH,023006, Adi Gallong/Gallong,27,11,16,26,11,15,1,0,1
C0116,09,000,00000,UTTAR PRADESH,023040, Talgalo,20,9,11,2,1,1,18,8,10
C0116,09,000,00000,UTTAR PRADESH,023999,23 Others,3,3,0,2,2,0,1,1,0
C0116,09,000,00000,UTTAR PRADESH,024000,24 AFGHANI/KABULI/PASHTO ,171,84,87,166,83,83,5,1,4
C0116,09,000,00000,UTTAR PRADESH,024001, Afghani/Kabuli/Pashto,10,4,6,5,3,2,5,1,4
C0116,09,000,00000,UTTAR PRADESH,024999,24 Others,161,80,81,161,80,81,0,0,0
C0116,09,000,00000,UTTAR PRADESH,025000,25 ANAL ,9,5,4,0,0,0,9,5,4
C0116,09,000,00000,UTTAR PRADESH,025001, Anal,6,4,2,0,0,0,6,4,2
C0116,09,000,00000,UTTAR PRADESH,025999,25 Others,3,1,2,0,0,0,3,1,2
C0116,09,000,00000,UTTAR PRADESH,026000,26 ANGAMI ,14,6,8,1,1,0,13,5,8
C0116,09,000,00000,UTTAR PRADESH,026002, Angami,12,6,6,1,1,0,11,5,6
C0116,09,000,00000,UTTAR PRADESH,026999,26 Others,2,0,2,0,0,0,2,0,2
C0116,09,000,00000,UTTAR PRADESH,027000,27 AO ,24,17,7,2,2,0,22,15,7
C0116,09,000,00000,UTTAR PRADESH,027001, Ao,19,14,5,2,2,0,17,12,5
C0116,09,000,00000,UTTAR PRADESH,027005, Mongsen,4,2,2,0,0,0,4,2,2
C0116,09,000,00000,UTTAR PRADESH,027999,27 Others,1,1,0,0,0,0,1,1,0
C0116,09,000,00000,UTTAR PRADESH,028000,28 ARABIC/ARBI ,7693,3973,3720,4873,2499,2374,2820,1474,1346
C0116,09,000,00000,UTTAR PRADESH,028001, Arabic/Arbi,7693,3973,3720,4873,2499,2374,2820,1474,1346
C0116,09,000,00000,UTTAR PRADESH,029000,29 BALTI ,3,3,0,0,0,0,3,3,0
C0116,09,000,00000,UTTAR PRADESH,029002, Balti,3,3,0,0,0,0,3,3,0
C0116,09,000,00000,UTTAR PRADESH,030000,30 BHILI/BHILODI ,1283,670,613,489,316,173,794,354,440
C0116,09,000,00000,UTTAR PRADESH,030002, Baori,356,184,172,347,178,169,9,6,3
C0116,09,000,00000,UTTAR PRADESH,030003, Barel,9,5,4,0,0,0,9,5,4
C0116,09,000,00000,UTTAR PRADESH,030007, Bhili/Bhilodi,5,2,3,5,2,3,0,0,0
C0116,09,000,00000,UTTAR PRADESH,030011, Chodhari,1,0,1,1,0,1,0,0,0
C0116,09,000,00000,UTTAR PRADESH,030015, Dhodia,7,6,1,1,1,0,6,5,1
C0116,09,000,00000,UTTAR PRADESH,030020, Gamti/Gavit,1,1,0,0,0,0,1,1,0
C0116,09,000,00000,UTTAR PRADESH,030021, Garasia,5,4,1,0,0,0,5,4,1
C0116,09,000,00000,UTTAR PRADESH,030035, Kokna/Kokni/Kukna,128,55,73,4,4,0,124,51,73
C0116,09,000,00000,UTTAR PRADESH,030073, Tadavi,602,263,339,0,0,0,602,263,339
C0116,09,000,00000,UTTAR PRADESH,030076, Vasava,3,1,2,0,0,0,3,1,2
C0116,09,000,00000,UTTAR PRADESH,030078, Wagdi,1,1,0,1,1,0,0,0,0
C0116,09,000,00000,UTTAR PRADESH,030999,30 Others,165,148,17,130,130,0,35,18,17
C0116,09,000,00000,UTTAR PRADESH,031000,31 BHOTIA ,276,156,120,77,46,31,199,110,89
C0116,09,000,00000,UTTAR PRADESH,031001, Bhotia,234,129,105,66,40,26,168,89,79
C0116,09,000,00000,UTTAR PRADESH,031999,31 Others,42,27,15,11,6,5,31,21,10
C0116,09,000,00000,UTTAR PRADESH,032000,32 BHUMIJ ,55,27,28,20,10,10,35,17,18
C0116,09,000,00000,UTTAR PRADESH,032999,32 Others,55,27,28,20,10,10,35,17,18
C0116,09,000,00000,UTTAR PRADESH,033000,33 BISHNUPURIYA,10,7,3,2,2,0,8,5,3
C0116,09,000,00000,UTTAR PRADESH,033003, Bishnupriya Manipuri/Manipuri Bishnupriya,9,6,3,2,2,0,7,4,3
C0116,09,000,00000,UTTAR PRADESH,033999,33 Others,1,1,0,0,0,0,1,1,0
C0116,09,000,00000,UTTAR PRADESH,036000,36 CHANG ,2,2,0,0,0,0,2,2,0
C0116,09,000,00000,UTTAR PRADESH,036001, Chang,2,2,0,0,0,0,2,2,0
C0116,09,000,00000,UTTAR PRADESH,037000,37 COORGI/KODAGU ,18,7,11,6,2,4,12,5,7
C0116,09,000,00000,UTTAR PRADESH,037001, Coorgi/Kodagu,17,6,11,6,2,4,11,4,7
C0116,09,000,00000,UTTAR PRADESH,037003, Kodava,1,1,0,0,0,0,1,1,0
C0116,09,000,00000,UTTAR PRADESH,039000,39 DIMASA ,26,7,19,14,3,11,12,4,8
C0116,09,000,00000,UTTAR PRADESH,039002, Dimasa,4,1,3,0,0,0,4,1,3
C0116,09,000,00000,UTTAR PRADESH,039999,39 Others,22,6,16,14,3,11,8,3,5
C0116,09,000,00000,UTTAR PRADESH,040000,40 ENGLISH ,13085,7037,6048,5891,3301,2590,7194,3736,3458
C0116,09,000,00000,UTTAR PRADESH,040001, English,13085,7037,6048,5891,3301,2590,7194,3736,3458
C0116,09,000,00000,UTTAR PRADESH,041000,41 GADABA ,5,3,2,0,0,0,5,3,2
C0116,09,000,00000,UTTAR PRADESH,041001, Gadaba,4,2,2,0,0,0,4,2,2
C0116,09,000,00000,UTTAR PRADESH,041999,41 Others,1,1,0,0,0,0,1,1,0
C0116,09,000,00000,UTTAR PRADESH,042000,42 GANGTE ,9,5,4,0,0,0,9,5,4
C0116,09,000,00000,UTTAR PRADESH,042001, Gangte,9,5,4,0,0,0,9,5,4
C0116,09,000,00000,UTTAR PRADESH,043000,43 GARO ,27,11,16,7,2,5,20,9,11
C0116,09,000,00000,UTTAR PRADESH,043005, Garo,24,10,14,5,2,3,19,8,11
C0116,09,000,00000,UTTAR PRADESH,043999,43 Others,3,1,2,2,0,2,1,1,0
C0116,09,000,00000,UTTAR PRADESH,044000,44 GONDI,5768,2991,2777,5592,2905,2687,176,86,90
C0116,09,000,00000,UTTAR PRADESH,044002, Dorli,17,14,3,1,1,0,16,13,3
C0116,09,000,00000,UTTAR PRADESH,044007, Gondi,4832,2494,2338,4782,2469,2313,50,25,25
C0116,09,000,00000,UTTAR PRADESH,044017, Maria/ Muria,40,20,20,36,18,18,4,2,2
C0116,09,000,00000,UTTAR PRADESH,044999,44 Others,879,463,416,773,417,356,106,46,60
C0116,09,000,00000,UTTAR PRADESH,045000,45 HALABI,35,18,17,2,2,0,33,16,17
C0116,09,000,00000,UTTAR PRADESH,045001, Halabi,35,18,17,2,2,0,33,16,17
C0116,09,000,00000,UTTAR PRADESH,048000,48 HO,102,55,47,77,40,37,25,15,10
C0116,09,000,00000,UTTAR PRADESH,048004, Ho,83,46,37,60,32,28,23,14,9
C0116,09,000,00000,UTTAR PRADESH,048007, Lohara,19,9,10,17,8,9,2,1,1
C0116,09,000,00000,UTTAR PRADESH,051000,51 KABUI ,12,6,6,0,0,0,12,6,6
C0116,09,000,00000,UTTAR PRADESH,051003, Kabui,4,3,1,0,0,0,4,3,1
C0116,09,000,00000,UTTAR PRADESH,051005, Rongmei,8,3,5,0,0,0,8,3,5
C0116,09,000,00000,UTTAR PRADESH,052000,52 KARBI/MIKIR ,4,3,1,0,0,0,4,3,1
C0116,09,000,00000,UTTAR PRADESH,052002, Karbi/Mikir,4,3,1,0,0,0,4,3,1
C0116,09,000,00000,UTTAR PRADESH,053000,53 KHANDESHI,475,255,220,277,129,148,198,126,72
C0116,09,000,00000,UTTAR PRADESH,053002, Ahirani,269,150,119,101,41,60,168,109,59
C0116,09,000,00000,UTTAR PRADESH,053005, Gujari,206,105,101,176,88,88,30,17,13
C0116,09,000,00000,UTTAR PRADESH,054000,54 KHARIA ,185,80,105,69,29,40,116,51,65
C0116,09,000,00000,UTTAR PRADESH,054005, Kharia,171,73,98,57,23,34,114,50,64
C0116,09,000,00000,UTTAR PRADESH,054999,54 Others,14,7,7,12,6,6,2,1,1
C0116,09,000,00000,UTTAR PRADESH,055000,55 KHASI ,50,29,21,4,1,3,46,28,18
C0116,09,000,00000,UTTAR PRADESH,055007, Khasi,47,28,19,4,1,3,43,27,16
C0116,09,000,00000,UTTAR PRADESH,055999,55 Others ,3,1,2,0,0,0,3,1,2
C0116,09,000,00000,UTTAR PRADESH,056000,56 KHEZHA ,2,1,1,2,1,1,0,0,0
C0116,09,000,00000,UTTAR PRADESH,056999,56 Others ,2,1,1,2,1,1,0,0,0
C0116,09,000,00000,UTTAR PRADESH,058000,58 KHOND/KONDH ,8,5,3,3,2,1,5,3,2
C0116,09,000,00000,UTTAR PRADESH,058001, Khond/Kondh,7,4,3,3,2,1,4,2,2
C0116,09,000,00000,UTTAR PRADESH,058006, Kuvi,1,1,0,0,0,0,1,1,0
C0116,09,000,00000,UTTAR PRADESH,059000,59 KINNAURI ,14,13,1,6,6,0,8,7,1
C0116,09,000,00000,UTTAR PRADESH,059003, Kinnauri,8,8,0,6,6,0,2,2,0
C0116,09,000,00000,UTTAR PRADESH,059999,59 Others,6,5,1,0,0,0,6,5,1
C0116,09,000,00000,UTTAR PRADESH,060000,60 KISAN ,4,1,3,3,1,2,1,0,1
C0116,09,000,00000,UTTAR PRADESH,060002, Kisan,4,1,3,3,1,2,1,0,1
C0116,09,000,00000,UTTAR PRADESH,061000,61 KOCH ,2,2,0,2,2,0,0,0,0
C0116,09,000,00000,UTTAR PRADESH,061002, Koch,2,2,0,2,2,0,0,0,0
C0116,09,000,00000,UTTAR PRADESH,063000,63 KOLAMI ,1,0,1,0,0,0,1,0,1
C0116,09,000,00000,UTTAR PRADESH,063001, Kolami,1,0,1,0,0,0,1,0,1
C0116,09,000,00000,UTTAR PRADESH,064000,64 KOM,1,1,0,0,0,0,1,1,0
C0116,09,000,00000,UTTAR PRADESH,064001, Kom,1,1,0,0,0,0,1,1,0
C0116,09,000,00000,UTTAR PRADESH,065000,65 KONDA,20,10,10,20,10,10,0,0,0
C0116,09,000,00000,UTTAR PRADESH,065002, Kodu,20,10,10,20,10,10,0,0,0
C0116,09,000,00000,UTTAR PRADESH,067000,67 KORKU ,2,1,1,0,0,0,2,1,1
C0116,09,000,00000,UTTAR PRADESH,067999,67 Others ,2,1,1,0,0,0,2,1,1
C0116,09,000,00000,UTTAR PRADESH,068000,68 KORWA ,17,8,9,15,7,8,2,1,1
C0116,09,000,00000,UTTAR PRADESH,068003, Koraku,1,1,0,1,1,0,0,0,0
C0116,09,000,00000,UTTAR PRADESH,068999,68 Others ,16,7,9,14,6,8,2,1,1
C0116,09,000,00000,UTTAR PRADESH,071000,71 KUKI,153,129,24,10,10,0,143,119,24
C0116,09,000,00000,UTTAR PRADESH,071008, Kuki,153,129,24,10,10,0,143,119,24
C0116,09,000,00000,UTTAR PRADESH,072000,72 KURUKH/ORAON ,4495,2332,2163,3793,1945,1848,702,387,315
C0116,09,000,00000,UTTAR PRADESH,072024, Kurukh/Oraon,4300,2146,2154,3677,1831,1846,623,315,308
C0116,09,000,00000,UTTAR PRADESH,072999,72 Others ,195,186,9,116,114,2,79,72,7
C0116,09,000,00000,UTTAR PRADESH,073000,73 LADAKHI ,79,68,11,37,37,0,42,31,11
C0116,09,000,00000,UTTAR PRADESH,073003, Ladakhi,79,68,11,37,37,0,42,31,11
C0116,09,000,00000,UTTAR PRADESH,074000,74 LAHAULI ,2,2,0,0,0,0,2,2,0
C0116,09,000,00000,UTTAR PRADESH,074002, Lahauli,1,1,0,0,0,0,1,1,0
C0116,09,000,00000,UTTAR PRADESH,074999,74 Others ,1,1,0,0,0,0,1,1,0
C0116,09,000,00000,UTTAR PRADESH,075000,75 LAHNDA ,1000,517,483,461,249,212,539,268,271
C0116,09,000,00000,UTTAR PRADESH,075001, Bahawal Puri,16,9,7,0,0,0,16,9,7
C0116,09,000,00000,UTTAR PRADESH,075006, Hindi Multani,444,240,204,361,200,161,83,40,43
C0116,09,000,00000,UTTAR PRADESH,075999,75 Others ,540,268,272,100,49,51,440,219,221
C0116,09,000,00000,UTTAR PRADESH,076000,76 LAKHER,12,6,6,0,0,0,12,6,6
C0116,09,000,00000,UTTAR PRADESH,076002, Mara,12,6,6,0,0,0,12,6,6
C0116,09,000,00000,UTTAR PRADESH,078000,78 LEPCHA ,7,6,1,1,1,0,6,5,1
C0116,09,000,00000,UTTAR PRADESH,078001, Lepcha,7,6,1,1,1,0,6,5,1
C0116,09,000,00000,UTTAR PRADESH,080000,80 LIMBU ,5,5,0,0,0,0,5,5,0
C0116,09,000,00000,UTTAR PRADESH,080002, Limbu,5,5,0,0,0,0,5,5,0
C0116,09,000,00000,UTTAR PRADESH,081000,81 LOTHA ,27,18,9,2,2,0,25,16,9
C0116,09,000,00000,UTTAR PRADESH,081001, Lotha,27,18,9,2,2,0,25,16,9
C0116,09,000,00000,UTTAR PRADESH,082000,82 LUSHAI/MIZO ,228,157,71,48,42,6,180,115,65
C0116,09,000,00000,UTTAR PRADESH,082005, Lushai/Mizo,228,157,71,48,42,6,180,115,65
C0116,09,000,00000,UTTAR PRADESH,083000,83 MALTO ,2,2,0,0,0,0,2,2,0
C0116,09,000,00000,UTTAR PRADESH,083002, Pahariya,2,2,0,0,0,0,2,2,0
C0116,09,000,00000,UTTAR PRADESH,084000,84 MAO,17,12,5,1,1,0,16,11,5
C0116,09,000,00000,UTTAR PRADESH,084001, Mao,17,12,5,1,1,0,16,11,5
C0116,09,000,00000,UTTAR PRADESH,087000,87 MIRI/MISHING,6,4,2,6,4,2,0,0,0
C0116,09,000,00000,UTTAR PRADESH,087003, Miri/Mishing,6,4,2,6,4,2,0,0,0
C0116,09,000,00000,UTTAR PRADESH,088000,88 MISHMI ,274,144,130,239,125,114,35,19,16
C0116,09,000,00000,UTTAR PRADESH,088007, Mishmi,2,2,0,2,2,0,0,0,0
C0116,09,000,00000,UTTAR PRADESH,088999,88 Others ,272,142,130,237,123,114,35,19,16
C0116,09,000,00000,UTTAR PRADESH,089000,89 MOGH ,3,3,0,2,2,0,1,1,0
C0116,09,000,00000,UTTAR PRADESH,089004, Mogh,3,3,0,2,2,0,1,1,0
C0116,09,000,00000,UTTAR PRADESH,090000,90 MONPA ,7,7,0,5,5,0,2,2,0
C0116,09,000,00000,UTTAR PRADESH,090003, Monpa,7,7,0,5,5,0,2,2,0
C0116,09,000,00000,UTTAR PRADESH,091000,91 MUNDA,1415,780,635,1192,662,530,223,118,105
C0116,09,000,00000,UTTAR PRADESH,091006, Kol,6,3,3,6,3,3,0,0,0
C0116,09,000,00000,UTTAR PRADESH,091009, Munda,249,126,123,102,52,50,147,74,73
C0116,09,000,00000,UTTAR PRADESH,091999,91 Others ,1160,651,509,1084,607,477,76,44,32
C0116,09,000,00000,UTTAR PRADESH,092000,92 MUNDARI ,277,139,138,199,101,98,78,38,40
C0116,09,000,00000,UTTAR PRADESH,092005, Mundari,277,139,138,199,101,98,78,38,40
C0116,09,000,00000,UTTAR PRADESH,094000,94 NISSI/DAFLA ,47,27,20,20,12,8,27,15,12
C0116,09,000,00000,UTTAR PRADESH,094001, Apatani,2,2,0,2,2,0,0,0,0
C0116,09,000,00000,UTTAR PRADESH,094007, Nissi/Dafla,13,9,4,3,3,0,10,6,4
C0116,09,000,00000,UTTAR PRADESH,094008, Tagin,8,5,3,2,2,0,6,3,3
C0116,09,000,00000,UTTAR PRADESH,094999,94 Others ,24,11,13,13,5,8,11,6,5
C0116,09,000,00000,UTTAR PRADESH,095000,95 NOCTE ,1,1,0,0,0,0,1,1,0
C0116,09,000,00000,UTTAR PRADESH,095003, Nocte,1,1,0,0,0,0,1,1,0
C0116,09,000,00000,UTTAR PRADESH,096000,96 PAITE,9,5,4,1,1,0,8,4,4
C0116,09,000,00000,UTTAR PRADESH,096002, Paite,9,5,4,1,1,0,8,4,4
C0116,09,000,00000,UTTAR PRADESH,097000,97 PARJI ,21,14,7,5,4,1,16,10,6
C0116,09,000,00000,UTTAR PRADESH,097001, Dhurwa,13,10,3,5,4,1,8,6,2
C0116,09,000,00000,UTTAR PRADESH,097999,97 Others ,8,4,4,0,0,0,8,4,4
C0116,09,000,00000,UTTAR PRADESH,100000,100 PHOM ,2,2,0,0,0,0,2,2,0
C0116,09,000,00000,UTTAR PRADESH,100001, Phom,2,2,0,0,0,0,2,2,0
C0116,09,000,00000,UTTAR PRADESH,101000,101 POCHURY,1,1,0,1,1,0,0,0,0
C0116,09,000,00000,UTTAR PRADESH,101006, Pochury,1,1,0,1,1,0,0,0,0
C0116,09,000,00000,UTTAR PRADESH,102000,102 RABHA ,3,3,0,1,1,0,2,2,0
C0116,09,000,00000,UTTAR PRADESH,102002, Rabha,3,3,0,1,1,0,2,2,0
C0116,09,000,00000,UTTAR PRADESH,103000,103 RAI ,12,10,2,0,0,0,12,10,2
C0116,09,000,00000,UTTAR PRADESH,103003, Rai,12,10,2,0,0,0,12,10,2
C0116,09,000,00000,UTTAR PRADESH,104000,104 RENGMA ,1,1,0,0,0,0,1,1,0
C0116,09,000,00000,UTTAR PRADESH,104001, Rengma,1,1,0,0,0,0,1,1,0
C0116,09,000,00000,UTTAR PRADESH,106000,106 SAVARA,13,8,5,0,0,0,13,8,5
C0116,09,000,00000,UTTAR PRADESH,106004, Savara,13,8,5,0,0,0,13,8,5
C0116,09,000,00000,UTTAR PRADESH,107000,107 SEMA,15,6,9,0,0,0,15,6,9
C0116,09,000,00000,UTTAR PRADESH,107002, Sema,15,6,9,0,0,0,15,6,9
C0116,09,000,00000,UTTAR PRADESH,108000,108 SHERPA ,7,3,4,0,0,0,7,3,4
C0116,09,000,00000,UTTAR PRADESH,108001, Sherpa,7,3,4,0,0,0,7,3,4
C0116,09,000,00000,UTTAR PRADESH,109000,109 SHINA,11,11,0,0,0,0,11,11,0
C0116,09,000,00000,UTTAR PRADESH,109005, Shina,11,11,0,0,0,0,11,11,0
C0116,09,000,00000,UTTAR PRADESH,112000,112 TANGKHUL ,13,9,4,1,1,0,12,8,4
C0116,09,000,00000,UTTAR PRADESH,112008, Tangkhul,13,9,4,1,1,0,12,8,4
C0116,09,000,00000,UTTAR PRADESH,113000,113 TANGSA,1,1,0,0,0,0,1,1,0
C0116,09,000,00000,UTTAR PRADESH,113999,113 Others,1,1,0,0,0,0,1,1,0
C0116,09,000,00000,UTTAR PRADESH,114000,114 THADO ,197,113,84,187,105,82,10,8,2
C0116,09,000,00000,UTTAR PRADESH,114015, Thado,196,112,84,187,105,82,9,7,2
C0116,09,000,00000,UTTAR PRADESH,114999,114 Others,1,1,0,0,0,0,1,1,0
C0116,09,000,00000,UTTAR PRADESH,115000,115 TIBETAN ,315,250,65,258,217,41,57,33,24
C0116,09,000,00000,UTTAR PRADESH,115008, Tibetan,196,144,52,144,114,30,52,30,22
C0116,09,000,00000,UTTAR PRADESH,115011, Purkhi,113,102,11,112,101,11,1,1,0
C0116,09,000,00000,UTTAR PRADESH,115999,115 Others,6,4,2,2,2,0,4,2,2
C0116,09,000,00000,UTTAR PRADESH,116000,116 TRIPURI ,63,44,19,3,2,1,60,42,18
C0116,09,000,00000,UTTAR PRADESH,116007, Kokbarak,30,19,11,0,0,0,30,19,11
C0116,09,000,00000,UTTAR PRADESH,116011, Reang,1,1,0,1,1,0,0,0,0
C0116,09,000,00000,UTTAR PRADESH,116014, Tripuri,32,24,8,2,1,1,30,23,7
C0116,09,000,00000,UTTAR PRADESH,117000,117 TULU ,102,51,51,30,12,18,72,39,33
C0116,09,000,00000,UTTAR PRADESH,117009, Tulu,49,28,21,2,1,1,47,27,20
C0116,09,000,00000,UTTAR PRADESH,117999,117 Others ,53,23,30,28,11,17,25,12,13
C0116,09,000,00000,UTTAR PRADESH,118000,118 VAIPHEI ,2,2,0,1,1,0,1,1,0
C0116,09,000,00000,UTTAR PRADESH,118002, Vaiphei,2,2,0,1,1,0,1,1,0
C0116,09,000,00000,UTTAR PRADESH,119000,119 WANCHO,11,9,2,1,1,0,10,8,2
C0116,09,000,00000,UTTAR PRADESH,119001, Wancho,11,9,2,1,1,0,10,8,2
C0116,09,000,00000,UTTAR PRADESH,120000,120 YIMCHUNGRE,7,4,3,0,0,0,7,4,3
C0116,09,000,00000,UTTAR PRADESH,120005, Yimchungre,7,4,3,0,0,0,7,4,3
C0116,09,000,00000,UTTAR PRADESH,122000,122 ZEMI ,3,1,2,1,0,1,2,1,1
C0116,09,000,00000,UTTAR PRADESH,122003, Zemi,1,1,0,0,0,0,1,1,0
C0116,09,000,00000,UTTAR PRADESH,122999,122 Others ,2,0,2,1,0,1,1,0,1
C0116,09,000,00000,UTTAR PRADESH,123000,123 ZOU ,8,7,1,8,7,1,0,0,0
C0116,09,000,00000,UTTAR PRADESH,123001, Zou,8,7,1,8,7,1,0,0,0
C0116,09,000,00000,UTTAR PRADESH,124000,124 OTHERS,3808,1944,1864,1749,903,846,2059,1041,1018
C0116,10,000,00000,BIHAR,001000,1 ASSAMESE,2087,1408,679,1447,873,574,640,535,105
C0116,10,000,00000,BIHAR,001002, Assamese,2084,1405,679,1444,870,574,640,535,105
C0116,10,000,00000,BIHAR,001999,1 Others,3,3,0,3,3,0,0,0,0
C0116,10,000,00000,BIHAR,002000,2 BENGALI ,810771,416561,394210,734058,377103,356955,76713,39458,37255
C0116,10,000,00000,BIHAR,002007, Bengali,807743,414891,392852,731331,375605,355726,76412,39286,37126
C0116,10,000,00000,BIHAR,002011, Chakma,18,18,0,3,3,0,15,15,0
C0116,10,000,00000,BIHAR,002044, Rajbangsi,941,497,444,911,478,433,30,19,11
C0116,10,000,00000,BIHAR,002999,2 Others,2069,1155,914,1813,1017,796,256,138,118
C0116,10,000,00000,BIHAR,003000,3 BODO ,19,18,1,12,11,1,7,7,0
C0116,10,000,00000,BIHAR,003001, Bodo/Boro,16,15,1,11,10,1,5,5,0
C0116,10,000,00000,BIHAR,003003, Kachari,2,2,0,0,0,0,2,2,0
C0116,10,000,00000,BIHAR,003004, Mech/Mechhia,1,1,0,1,1,0,0,0,0
C0116,10,000,00000,BIHAR,004000,4 DOGRI ,254,245,9,150,150,0,104,95,9
C0116,10,000,00000,BIHAR,004001, Dogri,254,245,9,150,150,0,104,95,9
C0116,10,000,00000,BIHAR,005000,5 GUJARATI,8297,4372,3925,6711,3476,3235,1586,896,690
C0116,10,000,00000,BIHAR,005018, Gujarati,2216,1234,982,668,360,308,1548,874,674
C0116,10,000,00000,BIHAR,005052, Pattani,1113,567,546,1100,557,543,13,10,3
C0116,10,000,00000,BIHAR,005999,5 Others,4968,2571,2397,4943,2559,2384,25,12,13
C0116,10,000,00000,BIHAR,006000,6 HINDI ,80698466,42112266,38586200,71381862,37186865,34194997,9316604,4925401,4391203
C0116,10,000,00000,BIHAR,006030, Awadhi,373,213,160,223,119,104,150,94,56
C0116,10,000,00000,BIHAR,006042, Bagheli/Baghel Khandi,26,13,13,0,0,0,26,13,13
C0116,10,000,00000,BIHAR,006096, Bharmauri/Gaddi,20,9,11,17,9,8,3,0,3
C0116,10,000,00000,BIHAR,006102, Bhojpuri,25881691,13355365,12526326,23870948,12298184,11572764,2010743,1057181,953562
C0116,10,000,00000,BIHAR,006119, Bishnoi,10927,4377,6550,9372,3687,5685,1555,690,865
C0116,10,000,00000,BIHAR,006123, Brajbhasha,1602,867,735,1342,727,615,260,140,120
C0116,10,000,00000,BIHAR,006125, Bundeli/Bundel khandi,6,4,2,2,2,0,4,2,2
C0116,10,000,00000,BIHAR,006142, Chhattisgarhi,130,64,66,119,58,61,11,6,5
C0116,10,000,00000,BIHAR,006173, Dhundhari,223,83,140,57,26,31,166,57,109
C0116,10,000,00000,BIHAR,006195, Garhwali,68,61,7,29,26,3,39,35,4
C0116,10,000,00000,BIHAR,006198, Gawari,10040,5234,4806,10003,5216,4787,37,18,19
C0116,10,000,00000,BIHAR,006207, Gojri/Gujjari/Gujar,3,3,0,2,2,0,1,1,0
C0116,10,000,00000,BIHAR,006231, Handuri,1,1,0,1,1,0,0,0,0
C0116,10,000,00000,BIHAR,006232, Hara/Harauti,1,1,0,1,1,0,0,0,0
C0116,10,000,00000,BIHAR,006235, Haryanvi,809,472,337,218,129,89,591,343,248
C0116,10,000,00000,BIHAR,006240, Hindi,26590625,14007033,12583592,21551655,11334021,10217634,5038970,2673012,2365958
C0116,10,000,00000,BIHAR,006265, Jaunpuri/Jaunsari,1,1,0,1,1,0,0,0,0
C0116,10,000,00000,BIHAR,006291, Kangri,1,1,0,1,1,0,0,0,0
C0116,10,000,00000,BIHAR,006311, Khari Boli,278,145,133,245,127,118,33,18,15
C0116,10,000,00000,BIHAR,006320, Khortha/Khotta,134395,70225,64170,134235,70147,64088,160,78,82
C0116,10,000,00000,BIHAR,006340, Kumauni,301,170,131,53,49,4,248,121,127
C0116,10,000,00000,BIHAR,006345, Kurmali Thar,103,45,58,103,45,58,0,0,0
C0116,10,000,00000,BIHAR,006376, Magadhi/Magahi,11316313,5866227,5450086,9961576,5154293,4807283,1354737,711934,642803
C0116,10,000,00000,BIHAR,006391, Malvi,5,1,4,1,1,0,4,0,4
C0116,10,000,00000,BIHAR,006394, Mandeali,456,239,217,452,235,217,4,4,0
C0116,10,000,00000,BIHAR,006400, Marwari,19167,9972,9195,4693,2517,2176,14474,7455,7019
C0116,10,000,00000,BIHAR,006408, Mewari,1,1,0,0,0,0,1,1,0
C0116,10,000,00000,BIHAR,006420, Nagpuria,1235,614,621,1170,582,588,65,32,33
C0116,10,000,00000,BIHAR,006432, Nimadi,1,1,0,1,1,0,0,0,0
C0116,10,000,00000,BIHAR,006439, Pahari,3843,1962,1881,3767,1901,1866,76,61,15
C0116,10,000,00000,BIHAR,006449, Palmuha,43,12,31,43,12,31,0,0,0
C0116,10,000,00000,BIHAR,006451, Panch Pargania,7,2,5,1,0,1,6,2,4
C0116,10,000,00000,BIHAR,006489, Rajasthani,6419,3448,2971,1248,732,516,5171,2716,2455
C0116,10,000,00000,BIHAR,006503, Sadan/Sadri,4523,2312,2211,4167,2127,2040,356,185,171
C0116,10,000,00000,BIHAR,006547, Surgujia,3,2,1,3,2,1,0,0,0
C0116,10,000,00000,BIHAR,006548, Surjapuri,1857930,959997,897933,1824757,942980,881777,33173,17017,16156
C0116,10,000,00000,BIHAR,006999,6 Others,14856896,7823089,7033807,14001356,7368904,6632452,855540,454185,401355
C0116,10,000,00000,BIHAR,007000,7 KANNADA,492,275,217,293,152,141,199,123,76
C0116,10,000,00000,BIHAR,007002, Badaga,14,6,8,5,0,5,9,6,3
C0116,10,000,00000,BIHAR,007016, Kannada,226,140,86,151,89,62,75,51,24
C0116,10,000,00000,BIHAR,007041, Prakritha/Prakritha Bhasha,113,65,48,0,0,0,113,65,48
C0116,10,000,00000,BIHAR,007999,7 Others,139,64,75,137,63,74,2,1,1
C0116,10,000,00000,BIHAR,008000,8 KASHMIRI ,986,580,406,756,402,354,230,178,52
C0116,10,000,00000,BIHAR,008005, Kashmiri,985,579,406,756,402,354,229,177,52
C0116,10,000,00000,BIHAR,008999,8 Others,1,1,0,0,0,0,1,1,0
C0116,10,000,00000,BIHAR,009000,9 KONKANI,23,12,11,6,1,5,17,11,6
C0116,10,000,00000,BIHAR,009011, Konkani,3,2,1,1,1,0,2,1,1
C0116,10,000,00000,BIHAR,009016, Malwani,1,0,1,1,0,1,0,0,0
C0116,10,000,00000,BIHAR,009999,9 Others,19,10,9,4,0,4,15,10,5
C0116,10,000,00000,BIHAR,010000,10 MAITHILI ,13063042,6816827,6246215,12395984,6463469,5932515,667058,353358,313700
C0116,10,000,00000,BIHAR,010008, Maithili,12918324,6741890,6176434,12263376,6394870,5868506,654948,347020,307928
C0116,10,000,00000,BIHAR,010011, Purbi Maithili,5,1,4,5,1,4,0,0,0
C0116,10,000,00000,BIHAR,010013, Thati,144675,74919,69756,132565,68581,63984,12110,6338,5772
C0116,10,000,00000,BIHAR,010014, Tharu,38,17,21,38,17,21,0,0,0
C0116,10,000,00000,BIHAR,011000,11 MALAYALAM,1220,680,540,202,132,70,1018,548,470
C0116,10,000,00000,BIHAR,011016, Malayalam,1207,673,534,202,132,70,1005,541,464
C0116,10,000,00000,BIHAR,011999,11 Others,13,7,6,0,0,0,13,7,6
C0116,10,000,00000,BIHAR,012000,12 MANIPURI ,238,208,30,157,145,12,81,63,18
C0116,10,000,00000,BIHAR,012003, Manipuri,231,206,25,150,143,7,81,63,18
C0116,10,000,00000,BIHAR,012999,12 Others,7,2,5,7,2,5,0,0,0
C0116,10,000,00000,BIHAR,013000,13 MARATHI ,1975,1152,823,1164,641,523,811,511,300
C0116,10,000,00000,BIHAR,013004, Are,1,1,0,1,1,0,0,0,0
C0116,10,000,00000,BIHAR,013060, Koli,128,64,64,128,64,64,0,0,0
C0116,10,000,00000,BIHAR,013071, Marathi,1768,1047,721,965,540,425,803,507,296
C0116,10,000,00000,BIHAR,013999,13 Others,78,40,38,70,36,34,8,4,4
C0116,10,000,00000,BIHAR,014000,14 NEPALI ,5727,2613,3114,3840,1678,2162,1887,935,952
C0116,10,000,00000,BIHAR,014011, Nepali,5715,2606,3109,3838,1676,2162,1877,930,947
C0116,10,000,00000,BIHAR,014999,14 Others,12,7,5,2,2,0,10,5,5
C0116,10,000,00000,BIHAR,015000,15 ODIA ,3188,1885,1303,2114,1120,994,1074,765,309
C0116,10,000,00000,BIHAR,015007, Bhuiya/Bhuyan[Ori],19,8,11,19,8,11,0,0,0
C0116,10,000,00000,BIHAR,015014, Desia,249,125,124,249,125,124,0,0,0
C0116,10,000,00000,BIHAR,015043, Odia,2905,1741,1164,1840,983,857,1065,758,307
C0116,10,000,00000,BIHAR,015058, Sambalpuri,5,5,0,0,0,0,5,5,0
C0116,10,000,00000,BIHAR,015999,15 Others,10,6,4,6,4,2,4,2,2
C0116,10,000,00000,BIHAR,016000,16 PUNJABI ,10467,5763,4704,2933,1605,1328,7534,4158,3376
C0116,10,000,00000,BIHAR,016002, Bagri,3,3,0,2,2,0,1,1,0
C0116,10,000,00000,BIHAR,016005, Bhateali,22,13,9,0,0,0,22,13,9
C0116,10,000,00000,BIHAR,016038, Punjabi,10120,5569,4551,2620,1430,1190,7500,4139,3361
C0116,10,000,00000,BIHAR,016999,16 Others,322,178,144,311,173,138,11,5,6
C0116,10,000,00000,BIHAR,017000,17 SANSKRIT ,3388,1845,1543,3041,1654,1387,347,191,156
C0116,10,000,00000,BIHAR,017002, Sanskrit,3388,1845,1543,3041,1654,1387,347,191,156
C0116,10,000,00000,BIHAR,018000,18 SANTALI ,458949,233302,225647,447771,227577,220194,11178,5725,5453
C0116,10,000,00000,BIHAR,018010, Karmali,2896,1476,1420,2863,1460,1403,33,16,17
C0116,10,000,00000,BIHAR,018011, Mahili,26,12,14,26,12,14,0,0,0
C0116,10,000,00000,BIHAR,018040, Santali,455664,231627,224037,444528,225927,218601,11136,5700,5436
C0116,10,000,00000,BIHAR,018999,18 Others,363,187,176,354,178,176,9,9,0
C0116,10,000,00000,BIHAR,019000,19 SINDHI,2227,1135,1092,1041,529,512,1186,606,580
C0116,10,000,00000,BIHAR,019002, Bhatia,848,431,417,831,423,408,17,8,9
C0116,10,000,00000,BIHAR,019014, Sindhi,1269,645,624,102,48,54,1167,597,570
C0116,10,000,00000,BIHAR,019999,19 Others,110,59,51,108,58,50,2,1,1
C0116,10,000,00000,BIHAR,020000,20 TAMIL ,986,674,312,400,272,128,586,402,184
C0116,10,000,00000,BIHAR,020027, Tamil,975,668,307,400,272,128,575,396,179
C0116,10,000,00000,BIHAR,020999,20 Others,11,6,5,0,0,0,11,6,5
C0116,10,000,00000,BIHAR,021000,21 TELUGU ,1467,955,512,705,449,256,762,506,256
C0116,10,000,00000,BIHAR,021046, Telugu,1212,810,402,451,305,146,761,505,256
C0116,10,000,00000,BIHAR,021999,21 Others,255,145,110,254,144,110,1,1,0
C0116,10,000,00000,BIHAR,022000,22 URDU,8770002,4539650,4230352,7122078,3680912,3441166,1647924,858738,789186
C0116,10,000,00000,BIHAR,022015, Urdu,8769007,4539138,4229869,7121597,3680652,3440945,1647410,858486,788924
C0116,10,000,00000,BIHAR,022999,22 Others,995,512,483,481,260,221,514,252,262
C0116,10,000,00000,BIHAR,023000,23 ADI ,44,39,5,23,21,2,21,18,3
C0116,10,000,00000,BIHAR,023003, Adi,7,5,2,7,5,2,0,0,0
C0116,10,000,00000,BIHAR,023006, Adi Gallong/Gallong,6,4,2,0,0,0,6,4,2
C0116,10,000,00000,BIHAR,023040, Talgalo,8,7,1,3,3,0,5,4,1
C0116,10,000,00000,BIHAR,023999,23 Others,23,23,0,13,13,0,10,10,0
C0116,10,000,00000,BIHAR,024000,24 AFGHANI/KABULI/PASHTO ,5,2,3,5,2,3,0,0,0
C0116,10,000,00000,BIHAR,024999,24 Others,5,2,3,5,2,3,0,0,0
C0116,10,000,00000,BIHAR,025000,25 ANAL ,1,1,0,1,1,0,0,0,0
C0116,10,000,00000,BIHAR,025999,25 Others,1,1,0,1,1,0,0,0,0
C0116,10,000,00000,BIHAR,026000,26 ANGAMI ,2,0,2,1,0,1,1,0,1
C0116,10,000,00000,BIHAR,026002, Angami,2,0,2,1,0,1,1,0,1
C0116,10,000,00000,BIHAR,028000,28 ARABIC/ARBI ,25144,14160,10984,22051,12444,9607,3093,1716,1377
C0116,10,000,00000,BIHAR,028001, Arabic/Arbi,25144,14160,10984,22051,12444,9607,3093,1716,1377
C0116,10,000,00000,BIHAR,029000,29 BALTI ,108,57,51,108,57,51,0,0,0
C0116,10,000,00000,BIHAR,029999,29 Others,108,57,51,108,57,51,0,0,0
C0116,10,000,00000,BIHAR,030000,30 BHILI/BHILODI ,1448,779,669,1436,772,664,12,7,5
C0116,10,000,00000,BIHAR,030002, Baori,984,535,449,979,531,448,5,4,1
C0116,10,000,00000,BIHAR,030007, Bhili/Bhilodi,316,168,148,316,168,148,0,0,0
C0116,10,000,00000,BIHAR,030011, Chodhari,44,21,23,44,21,23,0,0,0
C0116,10,000,00000,BIHAR,030020, Gamti/Gavit,91,49,42,91,49,42,0,0,0
C0116,10,000,00000,BIHAR,030035, Kokna/Kokni/Kukna,7,3,4,1,1,0,6,2,4
C0116,10,000,00000,BIHAR,030070, Rathi,1,1,0,1,1,0,0,0,0
C0116,10,000,00000,BIHAR,030073, Tadavi,1,0,1,1,0,1,0,0,0
C0116,10,000,00000,BIHAR,030999,30 Others,4,2,2,3,1,2,1,1,0
C0116,10,000,00000,BIHAR,031000,31 BHOTIA ,15,12,3,6,4,2,9,8,1
C0116,10,000,00000,BIHAR,031001, Bhotia,10,8,2,3,2,1,7,6,1
C0116,10,000,00000,BIHAR,031999,31 Others,5,4,1,3,2,1,2,2,0
C0116,10,000,00000,BIHAR,032000,32 BHUMIJ ,963,485,478,957,482,475,6,3,3
C0116,10,000,00000,BIHAR,032999,32 Others,963,485,478,957,482,475,6,3,3
C0116,10,000,00000,BIHAR,033000,33 BISHNUPURIYA,1616,794,822,1616,794,822,0,0,0
C0116,10,000,00000,BIHAR,033999,33 Others,1616,794,822,1616,794,822,0,0,0
C0116,10,000,00000,BIHAR,036000,36 CHANG ,123,61,62,41,20,21,82,41,41
C0116,10,000,00000,BIHAR,036001, Chang,123,61,62,41,20,21,82,41,41
C0116,10,000,00000,BIHAR,037000,37 COORGI/KODAGU ,489,242,247,402,202,200,87,40,47
C0116,10,000,00000,BIHAR,037001, Coorgi/Kodagu,489,242,247,402,202,200,87,40,47
C0116,10,000,00000,BIHAR,039000,39 DIMASA ,2,2,0,2,2,0,0,0,0
C0116,10,000,00000,BIHAR,039002, Dimasa,1,1,0,1,1,0,0,0,0
C0116,10,000,00000,BIHAR,039999,39 Others,1,1,0,1,1,0,0,0,0
C0116,10,000,00000,BIHAR,040000,40 ENGLISH ,4652,2740,1912,2498,1544,954,2154,1196,958
C0116,10,000,00000,BIHAR,040001, English,4652,2740,1912,2498,1544,954,2154,1196,958
C0116,10,000,00000,BIHAR,041000,41 GADABA ,1,0,1,1,0,1,0,0,0
C0116,10,000,00000,BIHAR,041001, Gadaba,1,0,1,1,0,1,0,0,0
C0116,10,000,00000,BIHAR,043000,43 GARO ,4,4,0,4,4,0,0,0,0
C0116,10,000,00000,BIHAR,043005, Garo,4,4,0,4,4,0,0,0,0
C0116,10,000,00000,BIHAR,044000,44 GONDI,21,7,14,5,1,4,16,6,10
C0116,10,000,00000,BIHAR,044017, Maria/ Muria,1,0,1,0,0,0,1,0,1
C0116,10,000,00000,BIHAR,044999,44 Others,20,7,13,5,1,4,15,6,9
C0116,10,000,00000,BIHAR,045000,45 HALABI,1,1,0,0,0,0,1,1,0
C0116,10,000,00000,BIHAR,045001, Halabi,1,1,0,0,0,0,1,1,0
C0116,10,000,00000,BIHAR,046000,46 HALAM ,2,1,1,0,0,0,2,1,1
C0116,10,000,00000,BIHAR,046999,46 Others,2,1,1,0,0,0,2,1,1
C0116,10,000,00000,BIHAR,048000,48 HO,1890,1056,834,1659,935,724,231,121,110
C0116,10,000,00000,BIHAR,048004, Ho,577,292,285,454,229,225,123,63,60
C0116,10,000,00000,BIHAR,048007, Lohara,1313,764,549,1205,706,499,108,58,50
C0116,10,000,00000,BIHAR,049000,49 JATAPU ,5,2,3,0,0,0,5,2,3
C0116,10,000,00000,BIHAR,049999,49 Others,5,2,3,0,0,0,5,2,3
C0116,10,000,00000,BIHAR,051000,51 KABUI ,2,2,0,2,2,0,0,0,0
C0116,10,000,00000,BIHAR,051005, Rongmei,2,2,0,2,2,0,0,0,0
C0116,10,000,00000,BIHAR,053000,53 KHANDESHI,4,4,0,2,2,0,2,2,0
C0116,10,000,00000,BIHAR,053005, Gujari,4,4,0,2,2,0,2,2,0
C0116,10,000,00000,BIHAR,054000,54 KHARIA ,1600,787,813,1536,754,782,64,33,31
C0116,10,000,00000,BIHAR,054005, Kharia,1600,787,813,1536,754,782,64,33,31
C0116,10,000,00000,BIHAR,055000,55 KHASI ,1,1,0,1,1,0,0,0,0
C0116,10,000,00000,BIHAR,055007, Khasi,1,1,0,1,1,0,0,0,0
C0116,10,000,00000,BIHAR,056000,56 KHEZHA ,237,121,116,236,120,116,1,1,0
C0116,10,000,00000,BIHAR,056003, Khezha,236,120,116,236,120,116,0,0,0
C0116,10,000,00000,BIHAR,056999,56 Others ,1,1,0,0,0,0,1,1,0
C0116,10,000,00000,BIHAR,058000,58 KHOND/KONDH ,6,4,2,0,0,0,6,4,2
C0116,10,000,00000,BIHAR,058001, Khond/Kondh,6,4,2,0,0,0,6,4,2
C0116,10,000,00000,BIHAR,059000,59 KINNAURI ,4,4,0,3,3,0,1,1,0
C0116,10,000,00000,BIHAR,059003, Kinnauri,3,3,0,3,3,0,0,0,0
C0116,10,000,00000,BIHAR,059999,59 Others,1,1,0,0,0,0,1,1,0
C0116,10,000,00000,BIHAR,061000,61 KOCH ,73,41,32,72,40,32,1,1,0
C0116,10,000,00000,BIHAR,061002, Koch,73,41,32,72,40,32,1,1,0
C0116,10,000,00000,BIHAR,062000,62 KODA/KORA ,468,246,222,392,198,194,76,48,28
C0116,10,000,00000,BIHAR,062003, Koda/Kora,468,246,222,392,198,194,76,48,28
C0116,10,000,00000,BIHAR,065000,65 KONDA,3,1,2,0,0,0,3,1,2
C0116,10,000,00000,BIHAR,065003, Konda,3,1,2,0,0,0,3,1,2
C0116,10,000,00000,BIHAR,066000,66 KONYAK ,2,1,1,2,1,1,0,0,0
C0116,10,000,00000,BIHAR,066001, Konyak,2,1,1,2,1,1,0,0,0
C0116,10,000,00000,BIHAR,067000,67 KORKU ,98,54,44,98,54,44,0,0,0
C0116,10,000,00000,BIHAR,067001, Korku,98,54,44,98,54,44,0,0,0
C0116,10,000,00000,BIHAR,068000,68 KORWA ,31,19,12,18,12,6,13,7,6
C0116,10,000,00000,BIHAR,068999,68 Others ,31,19,12,18,12,6,13,7,6
C0116,10,000,00000,BIHAR,071000,71 KUKI,7,7,0,4,4,0,3,3,0
C0116,10,000,00000,BIHAR,071008, Kuki,6,6,0,3,3,0,3,3,0
C0116,10,000,00000,BIHAR,071999,71 Others ,1,1,0,1,1,0,0,0,0
C0116,10,000,00000,BIHAR,072000,72 KURUKH/ORAON ,87995,45208,42787,77894,39919,37975,10101,5289,4812
C0116,10,000,00000,BIHAR,072024, Kurukh/Oraon,83996,43128,40868,74289,38061,36228,9707,5067,4640
C0116,10,000,00000,BIHAR,072999,72 Others ,3999,2080,1919,3605,1858,1747,394,222,172
C0116,10,000,00000,BIHAR,073000,73 LADAKHI ,25,25,0,25,25,0,0,0,0
C0116,10,000,00000,BIHAR,073003, Ladakhi,25,25,0,25,25,0,0,0,0
C0116,10,000,00000,BIHAR,074000,74 LAHAULI ,26,13,13,12,6,6,14,7,7
C0116,10,000,00000,BIHAR,074002, Lahauli,1,1,0,1,1,0,0,0,0
C0116,10,000,00000,BIHAR,074999,74 Others ,25,12,13,11,5,6,14,7,7
C0116,10,000,00000,BIHAR,075000,75 LAHNDA ,1,1,0,1,1,0,0,0,0
C0116,10,000,00000,BIHAR,075999,75 Others ,1,1,0,1,1,0,0,0,0
C0116,10,000,00000,BIHAR,076000,76 LAKHER,10,6,4,8,5,3,2,1,1
C0116,10,000,00000,BIHAR,076002, Mara,10,6,4,8,5,3,2,1,1
C0116,10,000,00000,BIHAR,078000,78 LEPCHA ,1,1,0,1,1,0,0,0,0
C0116,10,000,00000,BIHAR,078001, Lepcha,1,1,0,1,1,0,0,0,0
C0116,10,000,00000,BIHAR,080000,80 LIMBU ,2,1,1,2,1,1,0,0,0
C0116,10,000,00000,BIHAR,080999,80 Others ,2,1,1,2,1,1,0,0,0
C0116,10,000,00000,BIHAR,081000,81 LOTHA ,1,1,0,0,0,0,1,1,0
C0116,10,000,00000,BIHAR,081001, Lotha,1,1,0,0,0,0,1,1,0
C0116,10,000,00000,BIHAR,082000,82 LUSHAI/MIZO ,92,64,28,64,37,27,28,27,1
C0116,10,000,00000,BIHAR,082005, Lushai/Mizo,92,64,28,64,37,27,28,27,1
C0116,10,000,00000,BIHAR,083000,83 MALTO ,75986,39597,36389,75900,39551,36349,86,46,40
C0116,10,000,00000,BIHAR,083002, Pahariya,75,39,36,75,39,36,0,0,0
C0116,10,000,00000,BIHAR,083004, Kulehiya,75776,39489,36287,75690,39443,36247,86,46,40
C0116,10,000,00000,BIHAR,083999,83 Others,135,69,66,135,69,66,0,0,0
C0116,10,000,00000,BIHAR,084000,84 MAO,3,1,2,0,0,0,3,1,2
C0116,10,000,00000,BIHAR,084001, Mao,3,1,2,0,0,0,3,1,2
C0116,10,000,00000,BIHAR,087000,87 MIRI/MISHING,4,4,0,2,2,0,2,2,0
C0116,10,000,00000,BIHAR,087003, Miri/Mishing,4,4,0,2,2,0,2,2,0
C0116,10,000,00000,BIHAR,088000,88 MISHMI ,6,6,0,6,6,0,0,0,0
C0116,10,000,00000,BIHAR,088007, Mishmi,3,3,0,3,3,0,0,0,0
C0116,10,000,00000,BIHAR,088999,88 Others ,3,3,0,3,3,0,0,0,0
C0116,10,000,00000,BIHAR,089000,89 MOGH ,6,2,4,5,2,3,1,0,1
C0116,10,000,00000,BIHAR,089004, Mogh,5,2,3,4,2,2,1,0,1
C0116,10,000,00000,BIHAR,089999,89 Others ,1,0,1,1,0,1,0,0,0
C0116,10,000,00000,BIHAR,090000,90 MONPA ,1,1,0,1,1,0,0,0,0
C0116,10,000,00000,BIHAR,090003, Monpa,1,1,0,1,1,0,0,0,0
C0116,10,000,00000,BIHAR,091000,91 MUNDA,1612,834,778,1472,776,696,140,58,82
C0116,10,000,00000,BIHAR,091006, Kol,373,190,183,373,190,183,0,0,0
C0116,10,000,00000,BIHAR,091009, Munda,1239,644,595,1099,586,513,140,58,82
C0116,10,000,00000,BIHAR,092000,92 MUNDARI ,2468,1331,1137,1985,1040,945,483,291,192
C0116,10,000,00000,BIHAR,092005, Mundari,2468,1331,1137,1985,1040,945,483,291,192
C0116,10,000,00000,BIHAR,094000,94 NISSI/DAFLA ,14,14,0,6,6,0,8,8,0
C0116,10,000,00000,BIHAR,094001, Apatani,2,2,0,1,1,0,1,1,0
C0116,10,000,00000,BIHAR,094007, Nissi/Dafla,3,3,0,1,1,0,2,2,0
C0116,10,000,00000,BIHAR,094008, Tagin,6,6,0,3,3,0,3,3,0
C0116,10,000,00000,BIHAR,094999,94 Others ,3,3,0,1,1,0,2,2,0
C0116,10,000,00000,BIHAR,095000,95 NOCTE ,1,1,0,1,1,0,0,0,0
C0116,10,000,00000,BIHAR,095999,95 Others ,1,1,0,1,1,0,0,0,0
C0116,10,000,00000,BIHAR,096000,96 PAITE,1,1,0,0,0,0,1,1,0
C0116,10,000,00000,BIHAR,096002, Paite,1,1,0,0,0,0,1,1,0
C0116,10,000,00000,BIHAR,102000,102 RABHA ,2,2,0,1,1,0,1,1,0
C0116,10,000,00000,BIHAR,102002, Rabha,2,2,0,1,1,0,1,1,0
C0116,10,000,00000,BIHAR,103000,103 RAI ,159,75,84,159,75,84,0,0,0
C0116,10,000,00000,BIHAR,103003, Rai,157,74,83,157,74,83,0,0,0
C0116,10,000,00000,BIHAR,103999,103 Others ,2,1,1,2,1,1,0,0,0
C0116,10,000,00000,BIHAR,106000,106 SAVARA,125,56,69,125,56,69,0,0,0
C0116,10,000,00000,BIHAR,106004, Savara,125,56,69,125,56,69,0,0,0
C0116,10,000,00000,BIHAR,112000,112 TANGKHUL ,5,5,0,3,3,0,2,2,0
C0116,10,000,00000,BIHAR,112008, Tangkhul,5,5,0,3,3,0,2,2,0
C0116,10,000,00000,BIHAR,113000,113 TANGSA,3,3,0,3,3,0,0,0,0
C0116,10,000,00000,BIHAR,113999,113 Others,3,3,0,3,3,0,0,0,0
C0116,10,000,00000,BIHAR,114000,114 THADO ,6,4,2,6,4,2,0,0,0
C0116,10,000,00000,BIHAR,114015, Thado,6,4,2,6,4,2,0,0,0
C0116,10,000,00000,BIHAR,115000,115 TIBETAN ,20,17,3,3,2,1,17,15,2
C0116,10,000,00000,BIHAR,115008, Tibetan,17,15,2,0,0,0,17,15,2
C0116,10,000,00000,BIHAR,115999,115 Others,3,2,1,3,2,1,0,0,0
C0116,10,000,00000,BIHAR,116000,116 TRIPURI ,7,7,0,3,3,0,4,4,0
C0116,10,000,00000,BIHAR,116007, Kokbarak,4,4,0,2,2,0,2,2,0
C0116,10,000,00000,BIHAR,116014, Tripuri,2,2,0,1,1,0,1,1,0
C0116,10,000,00000,BIHAR,116999,116 Others ,1,1,0,0,0,0,1,1,0
C0116,10,000,00000,BIHAR,117000,117 TULU ,434,225,209,409,216,193,25,9,16
C0116,10,000,00000,BIHAR,117009, Tulu,9,4,5,9,4,5,0,0,0
C0116,10,000,00000,BIHAR,117999,117 Others ,425,221,204,400,212,188,25,9,16
C0116,10,000,00000,BIHAR,120000,120 YIMCHUNGRE,1,0,1,1,0,1,0,0,0
C0116,10,000,00000,BIHAR,120004, Tikhir,1,0,1,1,0,1,0,0,0
C0116,10,000,00000,BIHAR,124000,124 OTHERS,47092,26488,20604,43431,24415,19016,3661,2073,1588
C0116,11,000,00000,SIKKIM,001000,1 ASSAMESE,848,651,197,550,459,91,298,192,106
C0116,11,000,00000,SIKKIM,001002, Assamese,829,641,188,531,449,82,298,192,106
C0116,11,000,00000,SIKKIM,001999,1 Others,19,10,9,19,10,9,0,0,0
C0116,11,000,00000,SIKKIM,002000,2 BENGALI ,6986,4907,2079,2956,2255,701,4030,2652,1378
C0116,11,000,00000,SIKKIM,002007, Bengali,6870,4824,2046,2883,2203,680,3987,2621,1366
C0116,11,000,00000,SIKKIM,002011, Chakma,2,2,0,1,1,0,1,1,0
C0116,11,000,00000,SIKKIM,002015, Haijong/Hajong,51,30,21,26,16,10,25,14,11
C0116,11,000,00000,SIKKIM,002044, Rajbangsi,57,46,11,44,34,10,13,12,1
C0116,11,000,00000,SIKKIM,002999,2 Others,6,5,1,2,1,1,4,4,0
C0116,11,000,00000,SIKKIM,003000,3 BODO ,65,36,29,46,25,21,19,11,8
C0116,11,000,00000,SIKKIM,003001, Bodo/Boro,65,36,29,46,25,21,19,11,8
C0116,11,000,00000,SIKKIM,004000,4 DOGRI ,261,243,18,210,202,8,51,41,10
C0116,11,000,00000,SIKKIM,004001, Dogri,261,243,18,210,202,8,51,41,10
C0116,11,000,00000,SIKKIM,005000,5 GUJARATI,197,156,41,85,78,7,112,78,34
C0116,11,000,00000,SIKKIM,005018, Gujarati,195,154,41,83,76,7,112,78,34
C0116,11,000,00000,SIKKIM,005999,5 Others,2,2,0,2,2,0,0,0,0
C0116,11,000,00000,SIKKIM,006000,6 HINDI ,48586,31409,17177,17938,13382,4556,30648,18027,12621
C0116,11,000,00000,SIKKIM,006030, Awadhi,13,10,3,7,6,1,6,4,2
C0116,11,000,00000,SIKKIM,006096, Bharmauri/Gaddi,1,1,0,1,1,0,0,0,0
C0116,11,000,00000,SIKKIM,006102, Bhojpuri,9948,5864,4084,2967,1841,1126,6981,4023,2958
C0116,11,000,00000,SIKKIM,006123, Brajbhasha,9,5,4,0,0,0,9,5,4
C0116,11,000,00000,SIKKIM,006125, Bundeli/Bundel khandi,6,5,1,0,0,0,6,5,1
C0116,11,000,00000,SIKKIM,006142, Chhattisgarhi,3,3,0,3,3,0,0,0,0
C0116,11,000,00000,SIKKIM,006173, Dhundhari,6,3,3,6,3,3,0,0,0
C0116,11,000,00000,SIKKIM,006195, Garhwali,92,75,17,64,56,8,28,19,9
C0116,11,000,00000,SIKKIM,006235, Haryanvi,124,84,40,47,41,6,77,43,34
C0116,11,000,00000,SIKKIM,006240, Hindi,34052,22793,11259,13657,10603,3054,20395,12190,8205
C0116,11,000,00000,SIKKIM,006291, Kangri,2,1,1,0,0,0,2,1,1
C0116,11,000,00000,SIKKIM,006320, Khortha/Khotta,78,76,2,77,75,2,1,1,0
C0116,11,000,00000,SIKKIM,006340, Kumauni,90,75,15,53,52,1,37,23,14
C0116,11,000,00000,SIKKIM,006345, Kurmali Thar,1,1,0,1,1,0,0,0,0
C0116,11,000,00000,SIKKIM,006376, Magadhi/Magahi,43,24,19,14,7,7,29,17,12
C0116,11,000,00000,SIKKIM,006391, Malvi,5,5,0,5,5,0,0,0,0
C0116,11,000,00000,SIKKIM,006400, Marwari,1459,781,678,280,164,116,1179,617,562
C0116,11,000,00000,SIKKIM,006408, Mewari,24,14,10,23,14,9,1,0,1
C0116,11,000,00000,SIKKIM,006420, Nagpuria,2,2,0,2,2,0,0,0,0
C0116,11,000,00000,SIKKIM,006439, Pahari,42,41,1,34,34,0,8,7,1
C0116,11,000,00000,SIKKIM,006489, Rajasthani,125,82,43,49,38,11,76,44,32
C0116,11,000,00000,SIKKIM,006503, Sadan/Sadri,148,83,65,65,44,21,83,39,44
C0116,11,000,00000,SIKKIM,006548, Surjapuri,212,181,31,73,69,4,139,112,27
C0116,11,000,00000,SIKKIM,006999,6 Others,2101,1200,901,510,323,187,1591,877,714
C0116,11,000,00000,SIKKIM,007000,7 KANNADA,367,337,30,277,270,7,90,67,23
C0116,11,000,00000,SIKKIM,007016, Kannada,366,336,30,277,270,7,89,66,23
C0116,11,000,00000,SIKKIM,007999,7 Others,1,1,0,0,0,0,1,1,0
C0116,11,000,00000,SIKKIM,008000,8 KASHMIRI ,30,27,3,11,11,0,19,16,3
C0116,11,000,00000,SIKKIM,008005, Kashmiri,30,27,3,11,11,0,19,16,3
C0116,11,000,00000,SIKKIM,009000,9 KONKANI,27,13,14,8,5,3,19,8,11
C0116,11,000,00000,SIKKIM,009011, Konkani,25,11,14,7,4,3,18,7,11
C0116,11,000,00000,SIKKIM,009999,9 Others,2,2,0,1,1,0,1,1,0
C0116,11,000,00000,SIKKIM,010000,10 MAITHILI ,596,360,236,352,209,143,244,151,93
C0116,11,000,00000,SIKKIM,010008, Maithili,582,351,231,345,204,141,237,147,90
C0116,11,000,00000,SIKKIM,010013, Thati,9,6,3,2,2,0,7,4,3
C0116,11,000,00000,SIKKIM,010014, Tharu,5,3,2,5,3,2,0,0,0
C0116,11,000,00000,SIKKIM,011000,11 MALAYALAM,899,712,187,529,462,67,370,250,120
C0116,11,000,00000,SIKKIM,011016, Malayalam,899,712,187,529,462,67,370,250,120
C0116,11,000,00000,SIKKIM,012000,12 MANIPURI ,383,241,142,172,117,55,211,124,87
C0116,11,000,00000,SIKKIM,012003, Manipuri,383,241,142,172,117,55,211,124,87
C0116,11,000,00000,SIKKIM,013000,13 MARATHI ,1138,816,322,586,456,130,552,360,192
C0116,11,000,00000,SIKKIM,013071, Marathi,1108,801,307,573,450,123,535,351,184
C0116,11,000,00000,SIKKIM,013999,13 Others,30,15,15,13,6,7,17,9,8
C0116,11,000,00000,SIKKIM,014000,14 NEPALI ,382200,194256,187944,291531,149472,142059,90669,44784,45885
C0116,11,000,00000,SIKKIM,014011, Nepali,382171,194242,187929,291509,149461,142048,90662,44781,45881
C0116,11,000,00000,SIKKIM,014999,14 Others,29,14,15,22,11,11,7,3,4
C0116,11,000,00000,SIKKIM,015000,15 ODIA ,985,728,257,435,358,77,550,370,180
C0116,11,000,00000,SIKKIM,015007, Bhuiya/Bhuyan[Ori],1,1,0,1,1,0,0,0,0
C0116,11,000,00000,SIKKIM,015043, Odia,976,721,255,431,354,77,545,367,178
C0116,11,000,00000,SIKKIM,015999,15 Others,8,6,2,3,3,0,5,3,2
C0116,11,000,00000,SIKKIM,016000,16 PUNJABI ,1954,1732,222,1704,1565,139,250,167,83
C0116,11,000,00000,SIKKIM,016038, Punjabi,1945,1725,220,1697,1558,139,248,167,81
C0116,11,000,00000,SIKKIM,016999,16 Others,9,7,2,7,7,0,2,0,2
C0116,11,000,00000,SIKKIM,018000,18 SANTALI ,310,278,32,280,266,14,30,12,18
C0116,11,000,00000,SIKKIM,018011, Mahili,1,1,0,1,1,0,0,0,0
C0116,11,000,00000,SIKKIM,018040, Santali,309,277,32,279,265,14,30,12,18
C0116,11,000,00000,SIKKIM,019000,19 SINDHI,2,2,0,2,2,0,0,0,0
C0116,11,000,00000,SIKKIM,019008, Kachchhi,2,2,0,2,2,0,0,0,0
C0116,11,000,00000,SIKKIM,020000,20 TAMIL ,762,683,79,547,520,27,215,163,52
C0116,11,000,00000,SIKKIM,020027, Tamil,762,683,79,547,520,27,215,163,52
C0116,11,000,00000,SIKKIM,021000,21 TELUGU ,1035,829,206,739,628,111,296,201,95
C0116,11,000,00000,SIKKIM,021046, Telugu,1032,828,204,739,628,111,293,200,93
C0116,11,000,00000,SIKKIM,021999,21 Others,3,1,2,0,0,0,3,1,2
C0116,11,000,00000,SIKKIM,022000,22 URDU,2001,1342,659,597,469,128,1404,873,531
C0116,11,000,00000,SIKKIM,022015, Urdu,1986,1332,654,587,463,124,1399,869,530
C0116,11,000,00000,SIKKIM,022999,22 Others,15,10,5,10,6,4,5,4,1
C0116,11,000,00000,SIKKIM,023000,23 ADI ,9,8,1,7,6,1,2,2,0
C0116,11,000,00000,SIKKIM,023003, Adi,1,0,1,1,0,1,0,0,0
C0116,11,000,00000,SIKKIM,023040, Talgalo,5,5,0,5,5,0,0,0,0
C0116,11,000,00000,SIKKIM,023999,23 Others,3,3,0,1,1,0,2,2,0
C0116,11,000,00000,SIKKIM,026000,26 ANGAMI ,16,5,11,12,4,8,4,1,3
C0116,11,000,00000,SIKKIM,026002, Angami,1,0,1,0,0,0,1,0,1
C0116,11,000,00000,SIKKIM,026999,26 Others,15,5,10,12,4,8,3,1,2
C0116,11,000,00000,SIKKIM,027000,27 AO ,5,5,0,4,4,0,1,1,0
C0116,11,000,00000,SIKKIM,027001, Ao,5,5,0,4,4,0,1,1,0
C0116,11,000,00000,SIKKIM,028000,28 ARABIC/ARBI ,9,9,0,0,0,0,9,9,0
C0116,11,000,00000,SIKKIM,028001, Arabic/Arbi,9,9,0,0,0,0,9,9,0
C0116,11,000,00000,SIKKIM,031000,31 BHOTIA ,41889,20985,20904,29216,14875,14341,12673,6110,6563
C0116,11,000,00000,SIKKIM,031001, Bhotia,41844,20957,20887,29186,14856,14330,12658,6101,6557
C0116,11,000,00000,SIKKIM,031999,31 Others,45,28,17,30,19,11,15,9,6
C0116,11,000,00000,SIKKIM,033000,33 BISHNUPURIYA,8,8,0,7,7,0,1,1,0
C0116,11,000,00000,SIKKIM,033003, Bishnupriya Manipuri/Manipuri Bishnupriya,2,2,0,2,2,0,0,0,0
C0116,11,000,00000,SIKKIM,033999,33 Others,6,6,0,5,5,0,1,1,0
C0116,11,000,00000,SIKKIM,036000,36 CHANG ,6,4,2,1,1,0,5,3,2
C0116,11,000,00000,SIKKIM,036001, Chang,6,4,2,1,1,0,5,3,2
C0116,11,000,00000,SIKKIM,039000,39 DIMASA ,1,1,0,1,1,0,0,0,0
C0116,11,000,00000,SIKKIM,039002, Dimasa,1,1,0,1,1,0,0,0,0
C0116,11,000,00000,SIKKIM,040000,40 ENGLISH ,112,73,39,60,43,17,52,30,22
C0116,11,000,00000,SIKKIM,040001, English,112,73,39,60,43,17,52,30,22
C0116,11,000,00000,SIKKIM,042000,42 GANGTE ,1,1,0,1,1,0,0,0,0
C0116,11,000,00000,SIKKIM,042001, Gangte,1,1,0,1,1,0,0,0,0
C0116,11,000,00000,SIKKIM,043000,43 GARO ,15,6,9,12,6,6,3,0,3
C0116,11,000,00000,SIKKIM,043005, Garo,14,6,8,11,6,5,3,0,3
C0116,11,000,00000,SIKKIM,043999,43 Others,1,0,1,1,0,1,0,0,0
C0116,11,000,00000,SIKKIM,044000,44 GONDI,203,109,94,175,97,78,28,12,16
C0116,11,000,00000,SIKKIM,044999,44 Others,203,109,94,175,97,78,28,12,16
C0116,11,000,00000,SIKKIM,047000,47 HMAR,3,0,3,3,0,3,0,0,0
C0116,11,000,00000,SIKKIM,047001, Hmar,3,0,3,3,0,3,0,0,0
C0116,11,000,00000,SIKKIM,051000,51 KABUI ,10,3,7,3,1,2,7,2,5
C0116,11,000,00000,SIKKIM,051003, Kabui,3,1,2,3,1,2,0,0,0
C0116,11,000,00000,SIKKIM,051005, Rongmei,7,2,5,0,0,0,7,2,5
C0116,11,000,00000,SIKKIM,052000,52 KARBI/MIKIR ,8,6,2,0,0,0,8,6,2
C0116,11,000,00000,SIKKIM,052002, Karbi/Mikir,8,6,2,0,0,0,8,6,2
C0116,11,000,00000,SIKKIM,053000,53 KHANDESHI,1,1,0,1,1,0,0,0,0
C0116,11,000,00000,SIKKIM,053002, Ahirani,1,1,0,1,1,0,0,0,0
C0116,11,000,00000,SIKKIM,054000,54 KHARIA ,16,10,6,12,8,4,4,2,2
C0116,11,000,00000,SIKKIM,054005, Kharia,16,10,6,12,8,4,4,2,2
C0116,11,000,00000,SIKKIM,055000,55 KHASI ,50,19,31,35,12,23,15,7,8
C0116,11,000,00000,SIKKIM,055007, Khasi,23,7,16,15,3,12,8,4,4
C0116,11,000,00000,SIKKIM,055009, Lyngngam,19,9,10,19,9,10,0,0,0
C0116,11,000,00000,SIKKIM,055012, Pnar/Synteng,5,3,2,0,0,0,5,3,2
C0116,11,000,00000,SIKKIM,055999,55 Others ,3,0,3,1,0,1,2,0,2
C0116,11,000,00000,SIKKIM,056000,56 KHEZHA ,1,1,0,1,1,0,0,0,0
C0116,11,000,00000,SIKKIM,056003, Khezha,1,1,0,1,1,0,0,0,0
C0116,11,000,00000,SIKKIM,059000,59 KINNAURI ,2,2,0,0,0,0,2,2,0
C0116,11,000,00000,SIKKIM,059003, Kinnauri,2,2,0,0,0,0,2,2,0
C0116,11,000,00000,SIKKIM,062000,62 KODA/KORA ,33,33,0,33,33,0,0,0,0
C0116,11,000,00000,SIKKIM,062003, Koda/Kora,33,33,0,33,33,0,0,0,0
C0116,11,000,00000,SIKKIM,068000,68 KORWA ,1,1,0,1,1,0,0,0,0
C0116,11,000,00000,SIKKIM,068999,68 Others ,1,1,0,1,1,0,0,0,0
C0116,11,000,00000,SIKKIM,071000,71 KUKI,4,4,0,4,4,0,0,0,0
C0116,11,000,00000,SIKKIM,071008, Kuki,4,4,0,4,4,0,0,0,0
C0116,11,000,00000,SIKKIM,072000,72 KURUKH/ORAON ,85,55,30,67,47,20,18,8,10
C0116,11,000,00000,SIKKIM,072024, Kurukh/Oraon,85,55,30,67,47,20,18,8,10
C0116,11,000,00000,SIKKIM,073000,73 LADAKHI ,80,28,52,70,23,47,10,5,5
C0116,11,000,00000,SIKKIM,073003, Ladakhi,80,28,52,70,23,47,10,5,5
C0116,11,000,00000,SIKKIM,077000,77 LALUNG ,5,5,0,5,5,0,0,0,0
C0116,11,000,00000,SIKKIM,077001, Lalung,5,5,0,5,5,0,0,0,0
C0116,11,000,00000,SIKKIM,078000,78 LEPCHA ,38313,19504,18809,34545,17695,16850,3768,1809,1959
C0116,11,000,00000,SIKKIM,078001, Lepcha,38313,19504,18809,34545,17695,16850,3768,1809,1959
C0116,11,000,00000,SIKKIM,079000,79 LIANGMEI ,3,1,2,3,1,2,0,0,0
C0116,11,000,00000,SIKKIM,079002, Liangmei,2,1,1,2,1,1,0,0,0
C0116,11,000,00000,SIKKIM,079999,79 Others ,1,0,1,1,0,1,0,0,0
C0116,11,000,00000,SIKKIM,080000,80 LIMBU ,38733,20249,18484,37200,19479,17721,1533,770,763
C0116,11,000,00000,SIKKIM,080002, Limbu,36120,18864,17256,34877,18241,16636,1243,623,620
C0116,11,000,00000,SIKKIM,080999,80 Others ,2613,1385,1228,2323,1238,1085,290,147,143
C0116,11,000,00000,SIKKIM,081000,81 LOTHA ,7,2,5,7,2,5,0,0,0
C0116,11,000,00000,SIKKIM,081001, Lotha,7,2,5,7,2,5,0,0,0
C0116,11,000,00000,SIKKIM,082000,82 LUSHAI/MIZO ,49,26,23,37,21,16,12,5,7
C0116,11,000,00000,SIKKIM,082005, Lushai/Mizo,49,26,23,37,21,16,12,5,7
C0116,11,000,00000,SIKKIM,084000,84 MAO,6,2,4,2,0,2,4,2,2
C0116,11,000,00000,SIKKIM,084001, Mao,6,2,4,2,0,2,4,2,2
C0116,11,000,00000,SIKKIM,085000,85 MARAM,2,2,0,2,2,0,0,0,0
C0116,11,000,00000,SIKKIM,085001, Maram ,2,2,0,2,2,0,0,0,0
C0116,11,000,00000,SIKKIM,087000,87 MIRI/MISHING,1,1,0,1,1,0,0,0,0
C0116,11,000,00000,SIKKIM,087003, Miri/Mishing,1,1,0,1,1,0,0,0,0
C0116,11,000,00000,SIKKIM,088000,88 MISHMI ,5,3,2,5,3,2,0,0,0
C0116,11,000,00000,SIKKIM,088999,88 Others ,5,3,2,5,3,2,0,0,0
C0116,11,000,00000,SIKKIM,090000,90 MONPA ,89,38,51,88,37,51,1,1,0
C0116,11,000,00000,SIKKIM,090003, Monpa,89,38,51,88,37,51,1,1,0
C0116,11,000,00000,SIKKIM,091000,91 MUNDA,35,16,19,20,12,8,15,4,11
C0116,11,000,00000,SIKKIM,091009, Munda,34,15,19,19,11,8,15,4,11
C0116,11,000,00000,SIKKIM,091999,91 Others ,1,1,0,1,1,0,0,0,0
C0116,11,000,00000,SIKKIM,092000,92 MUNDARI ,16,10,6,9,8,1,7,2,5
C0116,11,000,00000,SIKKIM,092005, Mundari,16,10,6,9,8,1,7,2,5
C0116,11,000,00000,SIKKIM,093000,93 NICOBARESE ,26,8,18,1,1,0,25,7,18
C0116,11,000,00000,SIKKIM,093001, Nicobarese,26,8,18,1,1,0,25,7,18
C0116,11,000,00000,SIKKIM,094000,94 NISSI/DAFLA ,3,3,0,2,2,0,1,1,0
C0116,11,000,00000,SIKKIM,094001, Apatani,1,1,0,1,1,0,0,0,0
C0116,11,000,00000,SIKKIM,094007, Nissi/Dafla,1,1,0,1,1,0,0,0,0
C0116,11,000,00000,SIKKIM,094008, Tagin,1,1,0,0,0,0,1,1,0
C0116,11,000,00000,SIKKIM,096000,96 PAITE,10,4,6,6,3,3,4,1,3
C0116,11,000,00000,SIKKIM,096002, Paite,10,4,6,6,3,3,4,1,3
C0116,11,000,00000,SIKKIM,097000,97 PARJI ,1,1,0,1,1,0,0,0,0
C0116,11,000,00000,SIKKIM,097999,97 Others ,1,1,0,1,1,0,0,0,0
C0116,11,000,00000,SIKKIM,102000,102 RABHA ,19,14,5,12,8,4,7,6,1
C0116,11,000,00000,SIKKIM,102002, Rabha,19,14,5,12,8,4,7,6,1
C0116,11,000,00000,SIKKIM,103000,103 RAI ,7471,3912,3559,6999,3664,3335,472,248,224
C0116,11,000,00000,SIKKIM,103003, Rai,7048,3682,3366,6597,3446,3151,451,236,215
C0116,11,000,00000,SIKKIM,103999,103 Others ,423,230,193,402,218,184,21,12,9
C0116,11,000,00000,SIKKIM,107000,107 SEMA,1,0,1,0,0,0,1,0,1
C0116,11,000,00000,SIKKIM,107002, Sema,1,0,1,0,0,0,1,0,1
C0116,11,000,00000,SIKKIM,108000,108 SHERPA ,13681,7097,6584,12348,6395,5953,1333,702,631
C0116,11,000,00000,SIKKIM,108001, Sherpa,13681,7097,6584,12348,6395,5953,1333,702,631
C0116,11,000,00000,SIKKIM,111000,111 TAMANG ,11734,6256,5478,10280,5492,4788,1454,764,690
C0116,11,000,00000,SIKKIM,111001, Tamang,11734,6256,5478,10280,5492,4788,1454,764,690
C0116,11,000,00000,SIKKIM,112000,112 TANGKHUL ,12,7,5,3,3,0,9,4,5
C0116,11,000,00000,SIKKIM,112008, Tangkhul,12,7,5,3,3,0,9,4,5
C0116,11,000,00000,SIKKIM,114000,114 THADO ,20,12,8,7,4,3,13,8,5
C0116,11,000,00000,SIKKIM,114015, Thado,9,5,4,0,0,0,9,5,4
C0116,11,000,00000,SIKKIM,114999,114 Others,11,7,4,7,4,3,4,3,1
C0116,11,000,00000,SIKKIM,115000,115 TIBETAN ,2785,2023,762,1716,1216,500,1069,807,262
C0116,11,000,00000,SIKKIM,115008, Tibetan,2761,2011,750,1699,1207,492,1062,804,258
C0116,11,000,00000,SIKKIM,115999,115 Others,24,12,12,17,9,8,7,3,4
C0116,11,000,00000,SIKKIM,116000,116 TRIPURI ,14,9,5,9,6,3,5,3,2
C0116,11,000,00000,SIKKIM,116007, Kokbarak,12,8,4,8,5,3,4,3,1
C0116,11,000,00000,SIKKIM,116014, Tripuri,2,1,1,1,1,0,1,0,1
C0116,11,000,00000,SIKKIM,118000,118 VAIPHEI ,2,2,0,2,2,0,0,0,0
C0116,11,000,00000,SIKKIM,118002, Vaiphei,2,2,0,2,2,0,0,0,0
C0116,11,000,00000,SIKKIM,119000,119 WANCHO,1,1,0,1,1,0,0,0,0
C0116,11,000,00000,SIKKIM,119001, Wancho,1,1,0,1,1,0,0,0,0
C0116,11,000,00000,SIKKIM,124000,124 OTHERS,5333,2727,2606,4407,2346,2061,926,381,545
C0116,12,000,00000,ARUNACHAL PRADESH,001000,1 ASSAMESE,53951,29908,24043,35165,19619,15546,18786,10289,8497
C0116,12,000,00000,ARUNACHAL PRADESH,001002, Assamese,53791,29800,23991,35102,19582,15520,18689,10218,8471
C0116,12,000,00000,ARUNACHAL PRADESH,001999,1 Others,160,108,52,63,37,26,97,71,26
C0116,12,000,00000,ARUNACHAL PRADESH,002000,2 BENGALI ,100579,54131,46448,66674,35351,31323,33905,18780,15125
C0116,12,000,00000,ARUNACHAL PRADESH,002007, Bengali,50543,28680,21863,17086,10127,6959,33457,18553,14904
C0116,12,000,00000,ARUNACHAL PRADESH,002011, Chakma,47073,23954,23119,46908,23883,23025,165,71,94
C0116,12,000,00000,ARUNACHAL PRADESH,002015, Haijong/Hajong,2711,1353,1358,2489,1237,1252,222,116,106
C0116,12,000,00000,ARUNACHAL PRADESH,002044, Rajbangsi,224,120,104,174,90,84,50,30,20
C0116,12,000,00000,ARUNACHAL PRADESH,002999,2 Others,28,24,4,17,14,3,11,10,1
C0116,12,000,00000,ARUNACHAL PRADESH,003000,3 BODO ,7095,3787,3308,5058,2790,2268,2037,997,1040
C0116,12,000,00000,ARUNACHAL PRADESH,003001, Bodo/Boro,5392,2927,2465,3508,2003,1505,1884,924,960
C0116,12,000,00000,ARUNACHAL PRADESH,003003, Kachari,1703,860,843,1550,787,763,153,73,80
C0116,12,000,00000,ARUNACHAL PRADESH,004000,4 DOGRI ,994,886,108,566,492,74,428,394,34
C0116,12,000,00000,ARUNACHAL PRADESH,004001, Dogri,994,886,108,566,492,74,428,394,34
C0116,12,000,00000,ARUNACHAL PRADESH,005000,5 GUJARATI,362,277,85,264,205,59,98,72,26
C0116,12,000,00000,ARUNACHAL PRADESH,005018, Gujarati,249,224,25,182,165,17,67,59,8
C0116,12,000,00000,ARUNACHAL PRADESH,005054, Ponchi,1,0,1,1,0,1,0,0,0
C0116,12,000,00000,ARUNACHAL PRADESH,005999,5 Others,112,53,59,81,40,41,31,13,18
C0116,12,000,00000,ARUNACHAL PRADESH,006000,6 HINDI ,98187,61622,36565,50692,31460,19232,47495,30162,17333
C0116,12,000,00000,ARUNACHAL PRADESH,006030, Awadhi,117,72,45,41,25,16,76,47,29
C0116,12,000,00000,ARUNACHAL PRADESH,006040, Baghati/Baghati Pahari,1,1,0,0,0,0,1,1,0
C0116,12,000,00000,ARUNACHAL PRADESH,006042, Bagheli/Baghel Khandi,1,1,0,0,0,0,1,1,0
C0116,12,000,00000,ARUNACHAL PRADESH,006066, Banjari,13,8,5,13,8,5,0,0,0
C0116,12,000,00000,ARUNACHAL PRADESH,006086, Bhadrawahi,1,1,0,0,0,0,1,1,0
C0116,12,000,00000,ARUNACHAL PRADESH,006089, Bhagoria,17,9,8,5,3,2,12,6,6
C0116,12,000,00000,ARUNACHAL PRADESH,006096, Bharmauri/Gaddi,8,7,1,5,4,1,3,3,0
C0116,12,000,00000,ARUNACHAL PRADESH,006102, Bhojpuri,28186,17017,11169,10933,6565,4368,17253,10452,6801
C0116,12,000,00000,ARUNACHAL PRADESH,006123, Brajbhasha,59,43,16,31,23,8,28,20,8
C0116,12,000,00000,ARUNACHAL PRADESH,006125, Bundeli/Bundel khandi,27,22,5,16,12,4,11,10,1
C0116,12,000,00000,ARUNACHAL PRADESH,006142, Chhattisgarhi,38,29,9,30,21,9,8,8,0
C0116,12,000,00000,ARUNACHAL PRADESH,006173, Dhundhari,5,4,1,3,2,1,2,2,0
C0116,12,000,00000,ARUNACHAL PRADESH,006195, Garhwali,443,366,77,232,207,25,211,159,52
C0116,12,000,00000,ARUNACHAL PRADESH,006207, Gojri/Gujjari/Gujar,2,2,0,1,1,0,1,1,0
C0116,12,000,00000,ARUNACHAL PRADESH,006231, Handuri,4,2,2,4,2,2,0,0,0
C0116,12,000,00000,ARUNACHAL PRADESH,006232, Hara/Harauti,5,3,2,1,1,0,4,2,2
C0116,12,000,00000,ARUNACHAL PRADESH,006235, Haryanvi,495,353,142,234,184,50,261,169,92
C0116,12,000,00000,ARUNACHAL PRADESH,006240, Hindi,47740,31924,15816,21738,14848,6890,26002,17076,8926
C0116,12,000,00000,ARUNACHAL PRADESH,006265, Jaunpuri/Jaunsari,7,7,0,6,6,0,1,1,0
C0116,12,000,00000,ARUNACHAL PRADESH,006291, Kangri,6,5,1,5,4,1,1,1,0
C0116,12,000,00000,ARUNACHAL PRADESH,006311, Khari Boli,3,3,0,0,0,0,3,3,0
C0116,12,000,00000,ARUNACHAL PRADESH,006320, Khortha/Khotta,44,24,20,34,18,16,10,6,4
C0116,12,000,00000,ARUNACHAL PRADESH,006340, Kumauni,573,475,98,282,243,39,291,232,59
C0116,12,000,00000,ARUNACHAL PRADESH,006345, Kurmali Thar,1,1,0,1,1,0,0,0,0
C0116,12,000,00000,ARUNACHAL PRADESH,006358, Lodhi,1,1,0,1,1,0,0,0,0
C0116,12,000,00000,ARUNACHAL PRADESH,006376, Magadhi/Magahi,153,101,52,78,55,23,75,46,29
C0116,12,000,00000,ARUNACHAL PRADESH,006391, Malvi,3,1,2,3,1,2,0,0,0
C0116,12,000,00000,ARUNACHAL PRADESH,006394, Mandeali,133,81,52,125,76,49,8,5,3
C0116,12,000,00000,ARUNACHAL PRADESH,006400, Marwari,653,421,232,181,127,54,472,294,178
C0116,12,000,00000,ARUNACHAL PRADESH,006409, Mewati,2,1,1,0,0,0,2,1,1
C0116,12,000,00000,ARUNACHAL PRADESH,006420, Nagpuria,22,15,7,20,13,7,2,2,0
C0116,12,000,00000,ARUNACHAL PRADESH,006439, Pahari,217,194,23,173,159,14,44,35,9
C0116,12,000,00000,ARUNACHAL PRADESH,006476, Puran/Puran Bhasha,1,0,1,1,0,1,0,0,0
C0116,12,000,00000,ARUNACHAL PRADESH,006489, Rajasthani,984,701,283,374,284,90,610,417,193
C0116,12,000,00000,ARUNACHAL PRADESH,006503, Sadan/Sadri,14333,7515,6818,13962,7311,6651,371,204,167
C0116,12,000,00000,ARUNACHAL PRADESH,006547, Surgujia,3,2,1,0,0,0,3,2,1
C0116,12,000,00000,ARUNACHAL PRADESH,006999,6 Others,3886,2210,1676,2159,1255,904,1727,955,772
C0116,12,000,00000,ARUNACHAL PRADESH,007000,7 KANNADA,536,463,73,317,274,43,219,189,30
C0116,12,000,00000,ARUNACHAL PRADESH,007016, Kannada,520,456,64,304,268,36,216,188,28
C0116,12,000,00000,ARUNACHAL PRADESH,007027, Kuruba/Kurumba,1,0,1,0,0,0,1,0,1
C0116,12,000,00000,ARUNACHAL PRADESH,007999,7 Others,15,7,8,13,6,7,2,1,1
C0116,12,000,00000,ARUNACHAL PRADESH,008000,8 KASHMIRI ,108,95,13,40,36,4,68,59,9
C0116,12,000,00000,ARUNACHAL PRADESH,008005, Kashmiri,107,94,13,39,35,4,68,59,9
C0116,12,000,00000,ARUNACHAL PRADESH,008019, Dardi,1,1,0,1,1,0,0,0,0
C0116,12,000,00000,ARUNACHAL PRADESH,009000,9 KONKANI,55,38,17,26,18,8,29,20,9
C0116,12,000,00000,ARUNACHAL PRADESH,009011, Konkani,41,29,12,23,16,7,18,13,5
C0116,12,000,00000,ARUNACHAL PRADESH,009016, Malwani,4,3,1,0,0,0,4,3,1
C0116,12,000,00000,ARUNACHAL PRADESH,009028, Gorboli/Goru/Gorwani,1,0,1,1,0,1,0,0,0
C0116,12,000,00000,ARUNACHAL PRADESH,009999,9 Others,9,6,3,2,2,0,7,4,3
C0116,12,000,00000,ARUNACHAL PRADESH,010000,10 MAITHILI ,2963,1773,1190,1159,700,459,1804,1073,731
C0116,12,000,00000,ARUNACHAL PRADESH,010008, Maithili,2933,1752,1181,1156,698,458,1777,1054,723
C0116,12,000,00000,ARUNACHAL PRADESH,010013, Thati,28,19,9,1,0,1,27,19,8
C0116,12,000,00000,ARUNACHAL PRADESH,010014, Tharu,1,1,0,1,1,0,0,0,0
C0116,12,000,00000,ARUNACHAL PRADESH,010999,10 Others,1,1,0,1,1,0,0,0,0
C0116,12,000,00000,ARUNACHAL PRADESH,011000,11 MALAYALAM,4012,2673,1339,1552,1148,404,2460,1525,935
C0116,12,000,00000,ARUNACHAL PRADESH,011016, Malayalam,4012,2673,1339,1552,1148,404,2460,1525,935
C0116,12,000,00000,ARUNACHAL PRADESH,012000,12 MANIPURI ,2835,1669,1166,1131,679,452,1704,990,714
C0116,12,000,00000,ARUNACHAL PRADESH,012003, Manipuri,2835,1669,1166,1131,679,452,1704,990,714
C0116,12,000,00000,ARUNACHAL PRADESH,013000,13 MARATHI ,2297,1713,584,1508,1152,356,789,561,228
C0116,12,000,00000,ARUNACHAL PRADESH,013071, Marathi,2262,1693,569,1479,1134,345,783,559,224
C0116,12,000,00000,ARUNACHAL PRADESH,013999,13 Others,35,20,15,29,18,11,6,2,4
C0116,12,000,00000,ARUNACHAL PRADESH,014000,14 NEPALI ,95317,50835,44482,65134,34766,30368,30183,16069,14114
C0116,12,000,00000,ARUNACHAL PRADESH,014011, Nepali,95308,50829,44479,65131,34764,30367,30177,16065,14112
C0116,12,000,00000,ARUNACHAL PRADESH,014999,14 Others,9,6,3,3,2,1,6,4,2
C0116,12,000,00000,ARUNACHAL PRADESH,015000,15 ODIA ,6820,4210,2610,4718,2949,1769,2102,1261,841
C0116,12,000,00000,ARUNACHAL PRADESH,015007, Bhuiya/Bhuyan[Ori],1,1,0,1,1,0,0,0,0
C0116,12,000,00000,ARUNACHAL PRADESH,015043, Odia,6804,4199,2605,4707,2941,1766,2097,1258,839
C0116,12,000,00000,ARUNACHAL PRADESH,015058, Sambalpuri,3,1,2,0,0,0,3,1,2
C0116,12,000,00000,ARUNACHAL PRADESH,015999,15 Others,12,9,3,10,7,3,2,2,0
C0116,12,000,00000,ARUNACHAL PRADESH,016000,16 PUNJABI ,3674,3200,474,1712,1510,202,1962,1690,272
C0116,12,000,00000,ARUNACHAL PRADESH,016002, Bagri,3,2,1,3,2,1,0,0,0
C0116,12,000,00000,ARUNACHAL PRADESH,016038, Punjabi,3663,3193,470,1701,1503,198,1962,1690,272
C0116,12,000,00000,ARUNACHAL PRADESH,016999,16 Others,8,5,3,8,5,3,0,0,0
C0116,12,000,00000,ARUNACHAL PRADESH,017000,17 SANSKRIT ,28,17,11,24,13,11,4,4,0
C0116,12,000,00000,ARUNACHAL PRADESH,017002, Sanskrit,28,17,11,24,13,11,4,4,0
C0116,12,000,00000,ARUNACHAL PRADESH,018000,18 SANTALI ,1689,954,735,1578,889,689,111,65,46
C0116,12,000,00000,ARUNACHAL PRADESH,018040, Santali,1447,831,616,1342,771,571,105,60,45
C0116,12,000,00000,ARUNACHAL PRADESH,018999,18 Others,242,123,119,236,118,118,6,5,1
C0116,12,000,00000,ARUNACHAL PRADESH,019000,19 SINDHI,12,7,5,2,2,0,10,5,5
C0116,12,000,00000,ARUNACHAL PRADESH,019014, Sindhi,6,3,3,1,1,0,5,2,3
C0116,12,000,00000,ARUNACHAL PRADESH,019999,19 Others,6,4,2,1,1,0,5,3,2
C0116,12,000,00000,ARUNACHAL PRADESH,020000,20 TAMIL ,1246,1050,196,814,708,106,432,342,90
C0116,12,000,00000,ARUNACHAL PRADESH,020027, Tamil,1245,1050,195,814,708,106,431,342,89
C0116,12,000,00000,ARUNACHAL PRADESH,020999,20 Others,1,0,1,0,0,0,1,0,1
C0116,12,000,00000,ARUNACHAL PRADESH,021000,21 TELUGU ,1653,1216,437,946,734,212,707,482,225
C0116,12,000,00000,ARUNACHAL PRADESH,021046, Telugu,1632,1204,428,936,729,207,696,475,221
C0116,12,000,00000,ARUNACHAL PRADESH,021999,21 Others,21,12,9,10,5,5,11,7,4
C0116,12,000,00000,ARUNACHAL PRADESH,022000,22 URDU,1294,829,465,615,415,200,679,414,265
C0116,12,000,00000,ARUNACHAL PRADESH,022015, Urdu,1238,790,448,582,392,190,656,398,258
C0116,12,000,00000,ARUNACHAL PRADESH,022999,22 Others,56,39,17,33,23,10,23,16,7
C0116,12,000,00000,ARUNACHAL PRADESH,023000,23 ADI ,240026,118383,121643,192761,96288,96473,47265,22095,25170
C0116,12,000,00000,ARUNACHAL PRADESH,023003, Adi,105158,51924,53234,87878,43844,44034,17280,8080,9200
C0116,12,000,00000,ARUNACHAL PRADESH,023006, Adi Gallong/Gallong,27720,13618,14102,22785,11244,11541,4935,2374,2561
C0116,12,000,00000,ARUNACHAL PRADESH,023010, Adi Miniyong/Miniyong,13319,6635,6684,10263,5248,5015,3056,1387,1669
C0116,12,000,00000,ARUNACHAL PRADESH,023040, Talgalo,68828,33880,34948,50098,25173,24925,18730,8707,10023
C0116,12,000,00000,ARUNACHAL PRADESH,023999,23 Others,25001,12326,12675,21737,10779,10958,3264,1547,1717
C0116,12,000,00000,ARUNACHAL PRADESH,024000,24 AFGHANI/KABULI/PASHTO ,202,102,100,202,102,100,0,0,0
C0116,12,000,00000,ARUNACHAL PRADESH,024001, Afghani/Kabuli/Pashto,202,102,100,202,102,100,0,0,0
C0116,12,000,00000,ARUNACHAL PRADESH,025000,25 ANAL ,12,9,3,8,6,2,4,3,1
C0116,12,000,00000,ARUNACHAL PRADESH,025001, Anal,10,8,2,8,6,2,2,2,0
C0116,12,000,00000,ARUNACHAL PRADESH,025999,25 Others,2,1,1,0,0,0,2,1,1
C0116,12,000,00000,ARUNACHAL PRADESH,026000,26 ANGAMI ,44,21,23,25,12,13,19,9,10
C0116,12,000,00000,ARUNACHAL PRADESH,026002, Angami,35,16,19,16,7,9,19,9,10
C0116,12,000,00000,ARUNACHAL PRADESH,026999,26 Others,9,5,4,9,5,4,0,0,0
C0116,12,000,00000,ARUNACHAL PRADESH,027000,27 AO ,1891,990,901,1667,868,799,224,122,102
C0116,12,000,00000,ARUNACHAL PRADESH,027001, Ao,195,126,69,111,71,40,84,55,29
C0116,12,000,00000,ARUNACHAL PRADESH,027003, Chungli,1681,854,827,1546,790,756,135,64,71
C0116,12,000,00000,ARUNACHAL PRADESH,027005, Mongsen,2,1,1,0,0,0,2,1,1
C0116,12,000,00000,ARUNACHAL PRADESH,027999,27 Others,13,9,4,10,7,3,3,2,1
C0116,12,000,00000,ARUNACHAL PRADESH,028000,28 ARABIC/ARBI ,12,7,5,10,6,4,2,1,1
C0116,12,000,00000,ARUNACHAL PRADESH,028001, Arabic/Arbi,12,7,5,10,6,4,2,1,1
C0116,12,000,00000,ARUNACHAL PRADESH,029000,29 BALTI ,2,2,0,1,1,0,1,1,0
C0116,12,000,00000,ARUNACHAL PRADESH,029002, Balti,2,2,0,1,1,0,1,1,0
C0116,12,000,00000,ARUNACHAL PRADESH,030000,30 BHILI/BHILODI ,8,5,3,4,3,1,4,2,2
C0116,12,000,00000,ARUNACHAL PRADESH,030002, Baori,2,2,0,2,2,0,0,0,0
C0116,12,000,00000,ARUNACHAL PRADESH,030003, Barel,2,1,1,0,0,0,2,1,1
C0116,12,000,00000,ARUNACHAL PRADESH,030035, Kokna/Kokni/Kukna,1,1,0,0,0,0,1,1,0
C0116,12,000,00000,ARUNACHAL PRADESH,030999,30 Others,3,1,2,2,1,1,1,0,1
C0116,12,000,00000,ARUNACHAL PRADESH,031000,31 BHOTIA ,62458,30297,32161,54954,26764,28190,7504,3533,3971
C0116,12,000,00000,ARUNACHAL PRADESH,031001, Bhotia,61923,30051,31872,54447,26527,27920,7476,3524,3952
C0116,12,000,00000,ARUNACHAL PRADESH,031011, Bauti,3,3,0,3,3,0,0,0,0
C0116,12,000,00000,ARUNACHAL PRADESH,031999,31 Others,532,243,289,504,234,270,28,9,19
C0116,12,000,00000,ARUNACHAL PRADESH,032000,32 BHUMIJ ,2,1,1,2,1,1,0,0,0
C0116,12,000,00000,ARUNACHAL PRADESH,032002, Bhumij,2,1,1,2,1,1,0,0,0
C0116,12,000,00000,ARUNACHAL PRADESH,033000,33 BISHNUPURIYA,64,35,29,35,18,17,29,17,12
C0116,12,000,00000,ARUNACHAL PRADESH,033003, Bishnupriya Manipuri/Manipuri Bishnupriya,56,28,28,31,15,16,25,13,12
C0116,12,000,00000,ARUNACHAL PRADESH,033999,33 Others,8,7,1,4,3,1,4,4,0
C0116,12,000,00000,ARUNACHAL PRADESH,034000,34 CHAKHESANG ,2,1,1,0,0,0,2,1,1
C0116,12,000,00000,ARUNACHAL PRADESH,034001, Chakhesang,2,1,1,0,0,0,2,1,1
C0116,12,000,00000,ARUNACHAL PRADESH,035000,35 CHAKRU/CHOKRI ,3,3,0,1,1,0,2,2,0
C0116,12,000,00000,ARUNACHAL PRADESH,035001, Chakru/Chokri,3,3,0,1,1,0,2,2,0
C0116,12,000,00000,ARUNACHAL PRADESH,036000,36 CHANG ,762,402,360,761,401,360,1,1,0
C0116,12,000,00000,ARUNACHAL PRADESH,036001, Chang,762,402,360,761,401,360,1,1,0
C0116,12,000,00000,ARUNACHAL PRADESH,037000,37 COORGI/KODAGU ,1,1,0,1,1,0,0,0,0
C0116,12,000,00000,ARUNACHAL PRADESH,037001, Coorgi/Kodagu,1,1,0,1,1,0,0,0,0
C0116,12,000,00000,ARUNACHAL PRADESH,038000,38 DEORI ,4844,2387,2457,4398,2157,2241,446,230,216
C0116,12,000,00000,ARUNACHAL PRADESH,038001, Deori,4844,2387,2457,4398,2157,2241,446,230,216
C0116,12,000,00000,ARUNACHAL PRADESH,039000,39 DIMASA ,215,112,103,207,107,100,8,5,3
C0116,12,000,00000,ARUNACHAL PRADESH,039002, Dimasa,171,89,82,164,84,80,7,5,2
C0116,12,000,00000,ARUNACHAL PRADESH,039999,39 Others,44,23,21,43,23,20,1,0,1
C0116,12,000,00000,ARUNACHAL PRADESH,040000,40 ENGLISH ,108,59,49,69,42,27,39,17,22
C0116,12,000,00000,ARUNACHAL PRADESH,040001, English,108,59,49,69,42,27,39,17,22
C0116,12,000,00000,ARUNACHAL PRADESH,041000,41 GADABA ,1,1,0,1,1,0,0,0,0
C0116,12,000,00000,ARUNACHAL PRADESH,041999,41 Others,1,1,0,1,1,0,0,0,0
C0116,12,000,00000,ARUNACHAL PRADESH,042000,42 GANGTE ,4,3,1,1,0,1,3,3,0
C0116,12,000,00000,ARUNACHAL PRADESH,042001, Gangte,4,3,1,1,0,1,3,3,0
C0116,12,000,00000,ARUNACHAL PRADESH,043000,43 GARO ,6597,3253,3344,6211,3062,3149,386,191,195
C0116,12,000,00000,ARUNACHAL PRADESH,043005, Garo,6492,3205,3287,6145,3032,3113,347,173,174
C0116,12,000,00000,ARUNACHAL PRADESH,043999,43 Others,105,48,57,66,30,36,39,18,21
C0116,12,000,00000,ARUNACHAL PRADESH,044000,44 GONDI,46,26,20,44,26,18,2,0,2
C0116,12,000,00000,ARUNACHAL PRADESH,044002, Dorli,1,1,0,1,1,0,0,0,0
C0116,12,000,00000,ARUNACHAL PRADESH,044007, Gondi,1,1,0,1,1,0,0,0,0
C0116,12,000,00000,ARUNACHAL PRADESH,044999,44 Others,44,24,20,42,24,18,2,0,2
C0116,12,000,00000,ARUNACHAL PRADESH,045000,45 HALABI,1,1,0,0,0,0,1,1,0
C0116,12,000,00000,ARUNACHAL PRADESH,045001, Halabi,1,1,0,0,0,0,1,1,0
C0116,12,000,00000,ARUNACHAL PRADESH,046000,46 HALAM ,31,17,14,30,16,14,1,1,0
C0116,12,000,00000,ARUNACHAL PRADESH,046003, Halam,30,16,14,30,16,14,0,0,0
C0116,12,000,00000,ARUNACHAL PRADESH,046999,46 Others,1,1,0,0,0,0,1,1,0
C0116,12,000,00000,ARUNACHAL PRADESH,047000,47 HMAR,14,8,6,7,5,2,7,3,4
C0116,12,000,00000,ARUNACHAL PRADESH,047001, Hmar,14,8,6,7,5,2,7,3,4
C0116,12,000,00000,ARUNACHAL PRADESH,048000,48 HO,6,4,2,0,0,0,6,4,2
C0116,12,000,00000,ARUNACHAL PRADESH,048007, Lohara,6,4,2,0,0,0,6,4,2
C0116,12,000,00000,ARUNACHAL PRADESH,051000,51 KABUI ,44,23,21,22,13,9,22,10,12
C0116,12,000,00000,ARUNACHAL PRADESH,051003, Kabui,3,2,1,0,0,0,3,2,1
C0116,12,000,00000,ARUNACHAL PRADESH,051005, Rongmei,41,21,20,22,13,9,19,8,11
C0116,12,000,00000,ARUNACHAL PRADESH,052000,52 KARBI/MIKIR ,1536,844,692,1368,751,617,168,93,75
C0116,12,000,00000,ARUNACHAL PRADESH,052002, Karbi/Mikir,1536,844,692,1368,751,617,168,93,75
C0116,12,000,00000,ARUNACHAL PRADESH,054000,54 KHARIA ,218,113,105,175,90,85,43,23,20
C0116,12,000,00000,ARUNACHAL PRADESH,054005, Kharia,218,113,105,175,90,85,43,23,20
C0116,12,000,00000,ARUNACHAL PRADESH,055000,55 KHASI ,210,100,110,103,51,52,107,49,58
C0116,12,000,00000,ARUNACHAL PRADESH,055007, Khasi,180,87,93,93,44,49,87,43,44
C0116,12,000,00000,ARUNACHAL PRADESH,055012, Pnar/Synteng,14,6,8,7,4,3,7,2,5
C0116,12,000,00000,ARUNACHAL PRADESH,055015, War,11,5,6,1,1,0,10,4,6
C0116,12,000,00000,ARUNACHAL PRADESH,055999,55 Others ,5,2,3,2,2,0,3,0,3
C0116,12,000,00000,ARUNACHAL PRADESH,056000,56 KHEZHA ,7,3,4,7,3,4,0,0,0
C0116,12,000,00000,ARUNACHAL PRADESH,056003, Khezha,3,1,2,3,1,2,0,0,0
C0116,12,000,00000,ARUNACHAL PRADESH,056999,56 Others ,4,2,2,4,2,2,0,0,0
C0116,12,000,00000,ARUNACHAL PRADESH,057000,57 KHIEMNUNGAN,9,6,3,1,1,0,8,5,3
C0116,12,000,00000,ARUNACHAL PRADESH,057999,57 Others ,9,6,3,1,1,0,8,5,3
C0116,12,000,00000,ARUNACHAL PRADESH,059000,59 KINNAURI ,6,5,1,3,3,0,3,2,1
C0116,12,000,00000,ARUNACHAL PRADESH,059003, Kinnauri,6,5,1,3,3,0,3,2,1
C0116,12,000,00000,ARUNACHAL PRADESH,060000,60 KISAN ,101,54,47,101,54,47,0,0,0
C0116,12,000,00000,ARUNACHAL PRADESH,060002, Kisan,101,54,47,101,54,47,0,0,0
C0116,12,000,00000,ARUNACHAL PRADESH,061000,61 KOCH ,11,7,4,4,3,1,7,4,3
C0116,12,000,00000,ARUNACHAL PRADESH,061002, Koch,10,6,4,3,2,1,7,4,3
C0116,12,000,00000,ARUNACHAL PRADESH,061999,61 Others,1,1,0,1,1,0,0,0,0
C0116,12,000,00000,ARUNACHAL PRADESH,064000,64 KOM,2,0,2,2,0,2,0,0,0
C0116,12,000,00000,ARUNACHAL PRADESH,064001, Kom,2,0,2,2,0,2,0,0,0
C0116,12,000,00000,ARUNACHAL PRADESH,066000,66 KONYAK ,8,6,2,7,5,2,1,1,0
C0116,12,000,00000,ARUNACHAL PRADESH,066001, Konyak,8,6,2,7,5,2,1,1,0
C0116,12,000,00000,ARUNACHAL PRADESH,067000,67 KORKU ,8,4,4,1,1,0,7,3,4
C0116,12,000,00000,ARUNACHAL PRADESH,067001, Korku,7,3,4,0,0,0,7,3,4
C0116,12,000,00000,ARUNACHAL PRADESH,067999,67 Others ,1,1,0,1,1,0,0,0,0
C0116,12,000,00000,ARUNACHAL PRADESH,068000,68 KORWA ,69,39,30,69,39,30,0,0,0
C0116,12,000,00000,ARUNACHAL PRADESH,068999,68 Others ,69,39,30,69,39,30,0,0,0
C0116,12,000,00000,ARUNACHAL PRADESH,069000,69 KOYA ,1,1,0,1,1,0,0,0,0
C0116,12,000,00000,ARUNACHAL PRADESH,069002, Koya,1,1,0,1,1,0,0,0,0
C0116,12,000,00000,ARUNACHAL PRADESH,070000,70 KUI ,1,1,0,0,0,0,1,1,0
C0116,12,000,00000,ARUNACHAL PRADESH,070001, Kui,1,1,0,0,0,0,1,1,0
C0116,12,000,00000,ARUNACHAL PRADESH,071000,71 KUKI,121,87,34,38,28,10,83,59,24
C0116,12,000,00000,ARUNACHAL PRADESH,071008, Kuki,119,86,33,38,28,10,81,58,23
C0116,12,000,00000,ARUNACHAL PRADESH,071999,71 Others ,2,1,1,0,0,0,2,1,1
C0116,12,000,00000,ARUNACHAL PRADESH,072000,72 KURUKH/ORAON ,969,561,408,700,420,280,269,141,128
C0116,12,000,00000,ARUNACHAL PRADESH,072024, Kurukh/Oraon,969,561,408,700,420,280,269,141,128
C0116,12,000,00000,ARUNACHAL PRADESH,073000,73 LADAKHI ,17,15,2,6,6,0,11,9,2
C0116,12,000,00000,ARUNACHAL PRADESH,073003, Ladakhi,17,15,2,6,6,0,11,9,2
C0116,12,000,00000,ARUNACHAL PRADESH,074000,74 LAHAULI ,12,9,3,12,9,3,0,0,0
C0116,12,000,00000,ARUNACHAL PRADESH,074002, Lahauli,11,8,3,11,8,3,0,0,0
C0116,12,000,00000,ARUNACHAL PRADESH,074999,74 Others ,1,1,0,1,1,0,0,0,0
C0116,12,000,00000,ARUNACHAL PRADESH,075000,75 LAHNDA ,2,2,0,0,0,0,2,2,0
C0116,12,000,00000,ARUNACHAL PRADESH,075999,75 Others ,2,2,0,0,0,0,2,2,0
C0116,12,000,00000,ARUNACHAL PRADESH,076000,76 LAKHER,10,7,3,3,3,0,7,4,3
C0116,12,000,00000,ARUNACHAL PRADESH,076002, Mara,4,4,0,2,2,0,2,2,0
C0116,12,000,00000,ARUNACHAL PRADESH,076999,76 Others ,6,3,3,1,1,0,5,2,3
C0116,12,000,00000,ARUNACHAL PRADESH,077000,77 LALUNG ,10,8,2,9,7,2,1,1,0
C0116,12,000,00000,ARUNACHAL PRADESH,077001, Lalung,10,8,2,9,7,2,1,1,0
C0116,12,000,00000,ARUNACHAL PRADESH,078000,78 LEPCHA ,10,6,4,2,2,0,8,4,4
C0116,12,000,00000,ARUNACHAL PRADESH,078001, Lepcha,10,6,4,2,2,0,8,4,4
C0116,12,000,00000,ARUNACHAL PRADESH,079000,79 LIANGMEI ,1,1,0,0,0,0,1,1,0
C0116,12,000,00000,ARUNACHAL PRADESH,079002, Liangmei,1,1,0,0,0,0,1,1,0
C0116,12,000,00000,ARUNACHAL PRADESH,080000,80 LIMBU ,120,66,54,68,37,31,52,29,23
C0116,12,000,00000,ARUNACHAL PRADESH,080002, Limbu,118,65,53,66,36,30,52,29,23
C0116,12,000,00000,ARUNACHAL PRADESH,080999,80 Others ,2,1,1,2,1,1,0,0,0
C0116,12,000,00000,ARUNACHAL PRADESH,081000,81 LOTHA ,54,35,19,38,26,12,16,9,7
C0116,12,000,00000,ARUNACHAL PRADESH,081001, Lotha,54,35,19,38,26,12,16,9,7
C0116,12,000,00000,ARUNACHAL PRADESH,082000,82 LUSHAI/MIZO ,1431,696,735,998,461,537,433,235,198
C0116,12,000,00000,ARUNACHAL PRADESH,082005, Lushai/Mizo,1431,696,735,998,461,537,433,235,198
C0116,12,000,00000,ARUNACHAL PRADESH,083000,83 MALTO ,2,2,0,2,2,0,0,0,0
C0116,12,000,00000,ARUNACHAL PRADESH,083002, Pahariya,1,1,0,1,1,0,0,0,0
C0116,12,000,00000,ARUNACHAL PRADESH,083999,83 Others,1,1,0,1,1,0,0,0,0
C0116,12,000,00000,ARUNACHAL PRADESH,084000,84 MAO,89,30,59,29,11,18,60,19,41
C0116,12,000,00000,ARUNACHAL PRADESH,084001, Mao,78,29,49,27,11,16,51,18,33
C0116,12,000,00000,ARUNACHAL PRADESH,084003, Paola,11,1,10,2,0,2,9,1,8
C0116,12,000,00000,ARUNACHAL PRADESH,085000,85 MARAM,49,25,24,41,21,20,8,4,4
C0116,12,000,00000,ARUNACHAL PRADESH,085001, Maram ,49,25,24,41,21,20,8,4,4
C0116,12,000,00000,ARUNACHAL PRADESH,086000,86 MARING ,1,1,0,0,0,0,1,1,0
C0116,12,000,00000,ARUNACHAL PRADESH,086001, Maring,1,1,0,0,0,0,1,1,0
C0116,12,000,00000,ARUNACHAL PRADESH,087000,87 MIRI/MISHING,10402,5248,5154,7872,3990,3882,2530,1258,1272
C0116,12,000,00000,ARUNACHAL PRADESH,087003, Miri/Mishing,10402,5248,5154,7872,3990,3882,2530,1258,1272
C0116,12,000,00000,ARUNACHAL PRADESH,088000,88 MISHMI ,42017,20634,21383,37044,18224,18820,4973,2410,2563
C0116,12,000,00000,ARUNACHAL PRADESH,088007, Mishmi,15756,7782,7974,13808,6807,7001,1948,975,973
C0116,12,000,00000,ARUNACHAL PRADESH,088999,88 Others ,26261,12852,13409,23236,11417,11819,3025,1435,1590
C0116,12,000,00000,ARUNACHAL PRADESH,089000,89 MOGH ,55,49,6,47,45,2,8,4,4
C0116,12,000,00000,ARUNACHAL PRADESH,089004, Mogh,55,49,6,47,45,2,8,4,4
C0116,12,000,00000,ARUNACHAL PRADESH,090000,90 MONPA ,12398,5958,6440,8966,4248,4718,3432,1710,1722
C0116,12,000,00000,ARUNACHAL PRADESH,090003, Monpa,12398,5958,6440,8966,4248,4718,3432,1710,1722
C0116,12,000,00000,ARUNACHAL PRADESH,091000,91 MUNDA,1427,790,637,1178,662,516,249,128,121
C0116,12,000,00000,ARUNACHAL PRADESH,091009, Munda,1424,788,636,1175,660,515,249,128,121
C0116,12,000,00000,ARUNACHAL PRADESH,091999,91 Others ,3,2,1,3,2,1,0,0,0
C0116,12,000,00000,ARUNACHAL PRADESH,092000,92 MUNDARI ,1378,726,652,1294,675,619,84,51,33
C0116,12,000,00000,ARUNACHAL PRADESH,092005, Mundari,1378,726,652,1294,675,619,84,51,33
C0116,12,000,00000,ARUNACHAL PRADESH,093000,93 NICOBARESE ,1,1,0,0,0,0,1,1,0
C0116,12,000,00000,ARUNACHAL PRADESH,093001, Nicobarese,1,1,0,0,0,0,1,1,0
C0116,12,000,00000,ARUNACHAL PRADESH,094000,94 NISSI/DAFLA ,395745,193228,202517,319442,156360,163082,76303,36868,39435
C0116,12,000,00000,ARUNACHAL PRADESH,094001, Apatani,44353,21566,22787,28872,14341,14531,15481,7225,8256
C0116,12,000,00000,ARUNACHAL PRADESH,094007, Nissi/Dafla,286770,139781,146989,238160,116110,122050,48610,23671,24939
C0116,12,000,00000,ARUNACHAL PRADESH,094008, Tagin,62729,30928,31801,50870,25136,25734,11859,5792,6067
C0116,12,000,00000,ARUNACHAL PRADESH,094999,94 Others ,1893,953,940,1540,773,767,353,180,173
C0116,12,000,00000,ARUNACHAL PRADESH,095000,95 NOCTE ,30308,15096,15212,24141,12194,11947,6167,2902,3265
C0116,12,000,00000,ARUNACHAL PRADESH,095003, Nocte,29293,14602,14691,23262,11757,11505,6031,2845,3186
C0116,12,000,00000,ARUNACHAL PRADESH,095999,95 Others ,1015,494,521,879,437,442,136,57,79
C0116,12,000,00000,ARUNACHAL PRADESH,096000,96 PAITE,60,35,25,27,11,16,33,24,9
C0116,12,000,00000,ARUNACHAL PRADESH,096002, Paite,58,33,25,25,9,16,33,24,9
C0116,12,000,00000,ARUNACHAL PRADESH,096999,96 Others ,2,2,0,2,2,0,0,0,0
C0116,12,000,00000,ARUNACHAL PRADESH,097000,97 PARJI ,89,45,44,88,45,43,1,0,1
C0116,12,000,00000,ARUNACHAL PRADESH,097999,97 Others ,89,45,44,88,45,43,1,0,1
C0116,12,000,00000,ARUNACHAL PRADESH,100000,100 PHOM ,649,357,292,642,353,289,7,4,3
C0116,12,000,00000,ARUNACHAL PRADESH,100001, Phom,649,357,292,642,353,289,7,4,3
C0116,12,000,00000,ARUNACHAL PRADESH,102000,102 RABHA ,89,50,39,57,31,26,32,19,13
C0116,12,000,00000,ARUNACHAL PRADESH,102002, Rabha,89,50,39,57,31,26,32,19,13
C0116,12,000,00000,ARUNACHAL PRADESH,103000,103 RAI ,3897,2030,1867,3795,1980,1815,102,50,52
C0116,12,000,00000,ARUNACHAL PRADESH,103003, Rai,79,38,41,73,34,39,6,4,2
C0116,12,000,00000,ARUNACHAL PRADESH,103999,103 Others ,3818,1992,1826,3722,1946,1776,96,46,50
C0116,12,000,00000,ARUNACHAL PRADESH,104000,104 RENGMA ,30,15,15,2,1,1,28,14,14
C0116,12,000,00000,ARUNACHAL PRADESH,104001, Rengma,30,15,15,2,1,1,28,14,14
C0116,12,000,00000,ARUNACHAL PRADESH,105000,105 SANGTAM ,3,3,0,3,3,0,0,0,0
C0116,12,000,00000,ARUNACHAL PRADESH,105004, Sangtam,1,1,0,1,1,0,0,0,0
C0116,12,000,00000,ARUNACHAL PRADESH,105999,105 Others ,2,2,0,2,2,0,0,0,0
C0116,12,000,00000,ARUNACHAL PRADESH,106000,106 SAVARA,243,138,105,101,64,37,142,74,68
C0116,12,000,00000,ARUNACHAL PRADESH,106004, Savara,243,138,105,101,64,37,142,74,68
C0116,12,000,00000,ARUNACHAL PRADESH,107000,107 SEMA,93,44,49,73,33,40,20,11,9
C0116,12,000,00000,ARUNACHAL PRADESH,107002, Sema,93,44,49,73,33,40,20,11,9
C0116,12,000,00000,ARUNACHAL PRADESH,108000,108 SHERPA ,211,119,92,131,77,54,80,42,38
C0116,12,000,00000,ARUNACHAL PRADESH,108001, Sherpa,211,119,92,131,77,54,80,42,38
C0116,12,000,00000,ARUNACHAL PRADESH,111000,111 TAMANG ,1057,550,507,696,368,328,361,182,179
C0116,12,000,00000,ARUNACHAL PRADESH,111001, Tamang,1057,550,507,696,368,328,361,182,179
C0116,12,000,00000,ARUNACHAL PRADESH,112000,112 TANGKHUL ,50,30,20,15,12,3,35,18,17
C0116,12,000,00000,ARUNACHAL PRADESH,112008, Tangkhul,50,30,20,15,12,3,35,18,17
C0116,12,000,00000,ARUNACHAL PRADESH,113000,113 TANGSA,36546,18434,18112,33121,16764,16357,3425,1670,1755
C0116,12,000,00000,ARUNACHAL PRADESH,113024, Tutcha Tangsa,10208,5290,4918,9391,4884,4507,817,406,411
C0116,12,000,00000,ARUNACHAL PRADESH,113999,113 Others,26338,13144,13194,23730,11880,11850,2608,1264,1344
C0116,12,000,00000,ARUNACHAL PRADESH,114000,114 THADO ,58,35,23,34,20,14,24,15,9
C0116,12,000,00000,ARUNACHAL PRADESH,114015, Thado,25,17,8,7,5,2,18,12,6
C0116,12,000,00000,ARUNACHAL PRADESH,114999,114 Others,33,18,15,27,15,12,6,3,3
C0116,12,000,00000,ARUNACHAL PRADESH,115000,115 TIBETAN ,4557,2225,2332,3609,1764,1845,948,461,487
C0116,12,000,00000,ARUNACHAL PRADESH,115008, Tibetan,2096,962,1134,1905,883,1022,191,79,112
C0116,12,000,00000,ARUNACHAL PRADESH,115011, Purkhi,397,218,179,397,218,179,0,0,0
C0116,12,000,00000,ARUNACHAL PRADESH,115999,115 Others,2064,1045,1019,1307,663,644,757,382,375
C0116,12,000,00000,ARUNACHAL PRADESH,116000,116 TRIPURI ,90,67,23,35,31,4,55,36,19
C0116,12,000,00000,ARUNACHAL PRADESH,116007, Kokbarak,47,34,13,17,14,3,30,20,10
C0116,12,000,00000,ARUNACHAL PRADESH,116011, Reang,10,8,2,2,2,0,8,6,2
C0116,12,000,00000,ARUNACHAL PRADESH,116014, Tripuri,30,24,6,16,15,1,14,9,5
C0116,12,000,00000,ARUNACHAL PRADESH,116999,116 Others ,3,1,2,0,0,0,3,1,2
C0116,12,000,00000,ARUNACHAL PRADESH,117000,117 TULU ,1,1,0,0,0,0,1,1,0
C0116,12,000,00000,ARUNACHAL PRADESH,117009, Tulu,1,1,0,0,0,0,1,1,0
C0116,12,000,00000,ARUNACHAL PRADESH,118000,118 VAIPHEI ,9,7,2,5,4,1,4,3,1
C0116,12,000,00000,ARUNACHAL PRADESH,118002, Vaiphei,9,7,2,5,4,1,4,3,1
C0116,12,000,00000,ARUNACHAL PRADESH,119000,119 WANCHO,58450,29341,29109,52985,26551,26434,5465,2790,2675
C0116,12,000,00000,ARUNACHAL PRADESH,119001, Wancho,58450,29341,29109,52985,26551,26434,5465,2790,2675
C0116,12,000,00000,ARUNACHAL PRADESH,120000,120 YIMCHUNGRE,5,5,0,1,1,0,4,4,0
C0116,12,000,00000,ARUNACHAL PRADESH,120001, Chirr,1,1,0,0,0,0,1,1,0
C0116,12,000,00000,ARUNACHAL PRADESH,120005, Yimchungre,4,4,0,1,1,0,3,3,0
C0116,12,000,00000,ARUNACHAL PRADESH,121000,121 ZELIANG ,6,2,4,5,2,3,1,0,1
C0116,12,000,00000,ARUNACHAL PRADESH,121001, Zeliang,6,2,4,5,2,3,1,0,1
C0116,12,000,00000,ARUNACHAL PRADESH,122000,122 ZEMI ,3,3,0,2,2,0,1,1,0
C0116,12,000,00000,ARUNACHAL PRADESH,122003, Zemi,3,3,0,2,2,0,1,1,0
C0116,12,000,00000,ARUNACHAL PRADESH,123000,123 ZOU ,2,1,1,2,1,1,0,0,0
C0116,12,000,00000,ARUNACHAL PRADESH,123001, Zou,2,1,1,2,1,1,0,0,0
C0116,12,000,00000,ARUNACHAL PRADESH,124000,124 OTHERS,75606,38405,37201,66040,33649,32391,9566,4756,4810
C0116,13,000,00000,NAGALAND,001000,1 ASSAMESE,17201,10457,6744,8861,5417,3444,8340,5040,3300
C0116,13,000,00000,NAGALAND,001002, Assamese,13103,8237,4866,6724,4270,2454,6379,3967,2412
C0116,13,000,00000,NAGALAND,001999,1 Others,4098,2220,1878,2137,1147,990,1961,1073,888
C0116,13,000,00000,NAGALAND,002000,2 BENGALI ,74753,42111,32642,23777,13109,10668,50976,29002,21974
C0116,13,000,00000,NAGALAND,002007, Bengali,74561,41991,32570,23709,13059,10650,50852,28932,21920
C0116,13,000,00000,NAGALAND,002011, Chakma,156,97,59,60,44,16,96,53,43
C0116,13,000,00000,NAGALAND,002015, Haijong/Hajong,22,12,10,3,2,1,19,10,9
C0116,13,000,00000,NAGALAND,002044, Rajbangsi,13,11,2,5,4,1,8,7,1
C0116,13,000,00000,NAGALAND,002999,2 Others,1,0,1,0,0,0,1,0,1
C0116,13,000,00000,NAGALAND,003000,3 BODO ,7372,3854,3518,4713,2451,2262,2659,1403,1256
C0116,13,000,00000,NAGALAND,003001, Bodo/Boro,2490,1341,1149,1725,901,824,765,440,325
C0116,13,000,00000,NAGALAND,003003, Kachari,4863,2502,2361,2972,1539,1433,1891,963,928
C0116,13,000,00000,NAGALAND,003004, Mech/Mechhia,19,11,8,16,11,5,3,0,3
C0116,13,000,00000,NAGALAND,004000,4 DOGRI ,1269,1077,192,662,596,66,607,481,126
C0116,13,000,00000,NAGALAND,004001, Dogri,1269,1077,192,662,596,66,607,481,126
C0116,13,000,00000,NAGALAND,005000,5 GUJARATI,277,217,60,87,77,10,190,140,50
C0116,13,000,00000,NAGALAND,005018, Gujarati,239,193,46,73,67,6,166,126,40
C0116,13,000,00000,NAGALAND,005054, Ponchi,2,0,2,0,0,0,2,0,2
C0116,13,000,00000,NAGALAND,005999,5 Others,36,24,12,14,10,4,22,14,8
C0116,13,000,00000,NAGALAND,006000,6 HINDI ,62942,41971,20971,17280,12195,5085,45662,29776,15886
C0116,13,000,00000,NAGALAND,006030, Awadhi,46,38,8,28,22,6,18,16,2
C0116,13,000,00000,NAGALAND,006042, Bagheli/Baghel Khandi,8,8,0,3,3,0,5,5,0
C0116,13,000,00000,NAGALAND,006086, Bhadrawahi,11,7,4,1,1,0,10,6,4
C0116,13,000,00000,NAGALAND,006102, Bhojpuri,14289,9349,4940,2883,1989,894,11406,7360,4046
C0116,13,000,00000,NAGALAND,006123, Brajbhasha,35,27,8,22,17,5,13,10,3
C0116,13,000,00000,NAGALAND,006125, Bundeli/Bundel khandi,27,24,3,4,4,0,23,20,3
C0116,13,000,00000,NAGALAND,006142, Chhattisgarhi,114,88,26,49,45,4,65,43,22
C0116,13,000,00000,NAGALAND,006173, Dhundhari,1,1,0,0,0,0,1,1,0
C0116,13,000,00000,NAGALAND,006195, Garhwali,965,744,221,343,260,83,622,484,138
C0116,13,000,00000,NAGALAND,006207, Gojri/Gujjari/Gujar,7,6,1,0,0,0,7,6,1
C0116,13,000,00000,NAGALAND,006235, Haryanvi,297,246,51,163,147,16,134,99,35
C0116,13,000,00000,NAGALAND,006240, Hindi,31441,21708,9733,8680,6569,2111,22761,15139,7622
C0116,13,000,00000,NAGALAND,006265, Jaunpuri/Jaunsari,3,2,1,2,1,1,1,1,0
C0116,13,000,00000,NAGALAND,006291, Kangri,4,2,2,0,0,0,4,2,2
C0116,13,000,00000,NAGALAND,006311, Khari Boli,2,1,1,0,0,0,2,1,1
C0116,13,000,00000,NAGALAND,006320, Khortha/Khotta,73,50,23,49,36,13,24,14,10
C0116,13,000,00000,NAGALAND,006340, Kumauni,922,712,210,393,297,96,529,415,114
C0116,13,000,00000,NAGALAND,006345, Kurmali Thar,3,1,2,0,0,0,3,1,2
C0116,13,000,00000,NAGALAND,006353, Lamani/Lambadi,3,1,2,0,0,0,3,1,2
C0116,13,000,00000,NAGALAND,006358, Lodhi,2,2,0,0,0,0,2,2,0
C0116,13,000,00000,NAGALAND,006376, Magadhi/Magahi,56,46,10,15,14,1,41,32,9
C0116,13,000,00000,NAGALAND,006391, Malvi,1,1,0,1,1,0,0,0,0
C0116,13,000,00000,NAGALAND,006394, Mandeali,31,15,16,23,10,13,8,5,3
C0116,13,000,00000,NAGALAND,006400, Marwari,2473,1433,1040,126,96,30,2347,1337,1010
C0116,13,000,00000,NAGALAND,006409, Mewati,2,2,0,0,0,0,2,2,0
C0116,13,000,00000,NAGALAND,006420, Nagpuria,30,18,12,26,16,10,4,2,2
C0116,13,000,00000,NAGALAND,006439, Pahari,60,42,18,30,25,5,30,17,13
C0116,13,000,00000,NAGALAND,006454, Pangwali,27,17,10,3,2,1,24,15,9
C0116,13,000,00000,NAGALAND,006489, Rajasthani,672,508,164,227,190,37,445,318,127
C0116,13,000,00000,NAGALAND,006503, Sadan/Sadri,2385,1317,1068,2179,1213,966,206,104,102
C0116,13,000,00000,NAGALAND,006547, Surgujia,4,1,3,4,1,3,0,0,0
C0116,13,000,00000,NAGALAND,006548, Surjapuri,2,2,0,1,1,0,1,1,0
C0116,13,000,00000,NAGALAND,006999,6 Others,8946,5552,3394,2025,1235,790,6921,4317,2604
C0116,13,000,00000,NAGALAND,007000,7 KANNADA,337,264,73,152,123,29,185,141,44
C0116,13,000,00000,NAGALAND,007016, Kannada,328,259,69,147,120,27,181,139,42
C0116,13,000,00000,NAGALAND,007041, Prakritha/Prakritha Bhasha,1,0,1,0,0,0,1,0,1
C0116,13,000,00000,NAGALAND,007999,7 Others,8,5,3,5,3,2,3,2,1
C0116,13,000,00000,NAGALAND,008000,8 KASHMIRI ,77,66,11,39,37,2,38,29,9
C0116,13,000,00000,NAGALAND,008005, Kashmiri,77,66,11,39,37,2,38,29,9
C0116,13,000,00000,NAGALAND,009000,9 KONKANI,51,20,31,24,10,14,27,10,17
C0116,13,000,00000,NAGALAND,009011, Konkani,33,9,24,14,3,11,19,6,13
C0116,13,000,00000,NAGALAND,009016, Malwani,2,2,0,0,0,0,2,2,0
C0116,13,000,00000,NAGALAND,009020, Nawait,1,1,0,0,0,0,1,1,0
C0116,13,000,00000,NAGALAND,009999,9 Others,15,8,7,10,7,3,5,1,4
C0116,13,000,00000,NAGALAND,010000,10 MAITHILI ,1473,1001,472,319,210,109,1154,791,363
C0116,13,000,00000,NAGALAND,010008, Maithili,1473,1001,472,319,210,109,1154,791,363
C0116,13,000,00000,NAGALAND,011000,11 MALAYALAM,2916,1995,921,929,691,238,1987,1304,683
C0116,13,000,00000,NAGALAND,011016, Malayalam,2914,1993,921,929,691,238,1985,1302,683
C0116,13,000,00000,NAGALAND,011999,11 Others,2,2,0,0,0,0,2,2,0
C0116,13,000,00000,NAGALAND,012000,12 MANIPURI ,9511,5564,3947,2430,1502,928,7081,4062,3019
C0116,13,000,00000,NAGALAND,012003, Manipuri,9500,5558,3942,2430,1502,928,7070,4056,3014
C0116,13,000,00000,NAGALAND,012999,12 Others,11,6,5,0,0,0,11,6,5
C0116,13,000,00000,NAGALAND,013000,13 MARATHI ,2659,1763,896,1072,704,368,1587,1059,528
C0116,13,000,00000,NAGALAND,013060, Koli,3,3,0,0,0,0,3,3,0
C0116,13,000,00000,NAGALAND,013071, Marathi,2606,1734,872,1059,698,361,1547,1036,511
C0116,13,000,00000,NAGALAND,013999,13 Others,50,26,24,13,6,7,37,20,17
C0116,13,000,00000,NAGALAND,014000,14 NEPALI ,43481,23823,19658,21746,11889,9857,21735,11934,9801
C0116,13,000,00000,NAGALAND,014011, Nepali,43481,23823,19658,21746,11889,9857,21735,11934,9801
C0116,13,000,00000,NAGALAND,015000,15 ODIA ,4565,2722,1843,2278,1331,947,2287,1391,896
C0116,13,000,00000,NAGALAND,015043, Odia,3847,2357,1490,1597,986,611,2250,1371,879
C0116,13,000,00000,NAGALAND,015058, Sambalpuri,2,2,0,1,1,0,1,1,0
C0116,13,000,00000,NAGALAND,015999,15 Others,716,363,353,680,344,336,36,19,17
C0116,13,000,00000,NAGALAND,016000,16 PUNJABI ,2249,1856,393,1199,1118,81,1050,738,312
C0116,13,000,00000,NAGALAND,016038, Punjabi,2236,1850,386,1190,1114,76,1046,736,310
C0116,13,000,00000,NAGALAND,016999,16 Others,13,6,7,9,4,5,4,2,2
C0116,13,000,00000,NAGALAND,018000,18 SANTALI ,156,104,52,119,79,40,37,25,12
C0116,13,000,00000,NAGALAND,018011, Mahili,1,1,0,1,1,0,0,0,0
C0116,13,000,00000,NAGALAND,018040, Santali,155,103,52,118,78,40,37,25,12
C0116,13,000,00000,NAGALAND,019000,19 SINDHI,82,40,42,66,30,36,16,10,6
C0116,13,000,00000,NAGALAND,019008, Kachchhi,2,1,1,0,0,0,2,1,1
C0116,13,000,00000,NAGALAND,019014, Sindhi,15,9,6,1,0,1,14,9,5
C0116,13,000,00000,NAGALAND,019999,19 Others,65,30,35,65,30,35,0,0,0
C0116,13,000,00000,NAGALAND,020000,20 TAMIL ,1127,864,263,364,326,38,763,538,225
C0116,13,000,00000,NAGALAND,020009, Kaikadi,1,0,1,1,0,1,0,0,0
C0116,13,000,00000,NAGALAND,020027, Tamil,1125,863,262,363,326,37,762,537,225
C0116,13,000,00000,NAGALAND,020999,20 Others,1,1,0,0,0,0,1,1,0
C0116,13,000,00000,NAGALAND,021000,21 TELUGU ,1188,835,353,358,290,68,830,545,285
C0116,13,000,00000,NAGALAND,021046, Telugu,1150,808,342,336,273,63,814,535,279
C0116,13,000,00000,NAGALAND,021999,21 Others,38,27,11,22,17,5,16,10,6
C0116,13,000,00000,NAGALAND,022000,22 URDU,1095,683,412,326,203,123,769,480,289
C0116,13,000,00000,NAGALAND,022015, Urdu,1056,655,401,313,192,121,743,463,280
C0116,13,000,00000,NAGALAND,022999,22 Others,39,28,11,13,11,2,26,17,9
C0116,13,000,00000,NAGALAND,023000,23 ADI ,95,63,32,48,33,15,47,30,17
C0116,13,000,00000,NAGALAND,023003, Adi,60,37,23,27,17,10,33,20,13
C0116,13,000,00000,NAGALAND,023006, Adi Gallong/Gallong,6,4,2,5,3,2,1,1,0
C0116,13,000,00000,NAGALAND,023040, Talgalo,20,16,4,12,10,2,8,6,2
C0116,13,000,00000,NAGALAND,023999,23 Others,9,6,3,4,3,1,5,3,2
C0116,13,000,00000,NAGALAND,024000,24 AFGHANI/KABULI/PASHTO ,5,5,0,0,0,0,5,5,0
C0116,13,000,00000,NAGALAND,024001, Afghani/Kabuli/Pashto,5,5,0,0,0,0,5,5,0
C0116,13,000,00000,NAGALAND,025000,25 ANAL ,184,90,94,106,51,55,78,39,39
C0116,13,000,00000,NAGALAND,025001, Anal,176,86,90,104,49,55,72,37,35
C0116,13,000,00000,NAGALAND,025999,25 Others,8,4,4,2,2,0,6,2,4
C0116,13,000,00000,NAGALAND,026000,26 ANGAMI ,151883,74357,77526,98152,48637,49515,53731,25720,28011
C0116,13,000,00000,NAGALAND,026002, Angami,40008,19583,20425,25535,12617,12918,14473,6966,7507
C0116,13,000,00000,NAGALAND,026999,26 Others,111875,54774,57101,72617,36020,36597,39258,18754,20504
C0116,13,000,00000,NAGALAND,027000,27 AO ,231084,115739,115345,144211,73170,71041,86873,42569,44304
C0116,13,000,00000,NAGALAND,027001, Ao,114588,56712,57876,43490,22003,21487,71098,34709,36389
C0116,13,000,00000,NAGALAND,027003, Chungli,69045,35058,33987,58070,29590,28480,10975,5468,5507
C0116,13,000,00000,NAGALAND,027005, Mongsen,47304,23893,23411,42635,21566,21069,4669,2327,2342
C0116,13,000,00000,NAGALAND,027999,27 Others,147,76,71,16,11,5,131,65,66
C0116,13,000,00000,NAGALAND,028000,28 ARABIC/ARBI ,21,11,10,5,4,1,16,7,9
C0116,13,000,00000,NAGALAND,028001, Arabic/Arbi,21,11,10,5,4,1,16,7,9
C0116,13,000,00000,NAGALAND,030000,30 BHILI/BHILODI ,20,9,11,5,2,3,15,7,8
C0116,13,000,00000,NAGALAND,030007, Bhili/Bhilodi,17,7,10,3,1,2,14,6,8
C0116,13,000,00000,NAGALAND,030011, Chodhari,1,1,0,1,1,0,0,0,0
C0116,13,000,00000,NAGALAND,030070, Rathi,1,0,1,1,0,1,0,0,0
C0116,13,000,00000,NAGALAND,030999,30 Others,1,1,0,0,0,0,1,1,0
C0116,13,000,00000,NAGALAND,031000,31 BHOTIA ,136,72,64,3,3,0,133,69,64
C0116,13,000,00000,NAGALAND,031001, Bhotia,126,66,60,3,3,0,123,63,60
C0116,13,000,00000,NAGALAND,031999,31 Others,10,6,4,0,0,0,10,6,4
C0116,13,000,00000,NAGALAND,032000,32 BHUMIJ ,10,5,5,0,0,0,10,5,5
C0116,13,000,00000,NAGALAND,032999,32 Others,10,5,5,0,0,0,10,5,5
C0116,13,000,00000,NAGALAND,033000,33 BISHNUPURIYA,125,68,57,11,6,5,114,62,52
C0116,13,000,00000,NAGALAND,033003, Bishnupriya Manipuri/Manipuri Bishnupriya,54,28,26,10,5,5,44,23,21
C0116,13,000,00000,NAGALAND,033999,33 Others,71,40,31,1,1,0,70,39,31
C0116,13,000,00000,NAGALAND,034000,34 CHAKHESANG ,17919,9141,8778,10317,5345,4972,7602,3796,3806
C0116,13,000,00000,NAGALAND,034001, Chakhesang,17919,9141,8778,10317,5345,4972,7602,3796,3806
C0116,13,000,00000,NAGALAND,035000,35 CHAKRU/CHOKRI ,91010,46052,44958,77489,39171,38318,13521,6881,6640
C0116,13,000,00000,NAGALAND,035001, Chakru/Chokri,91010,46052,44958,77489,39171,38318,13521,6881,6640
C0116,13,000,00000,NAGALAND,036000,36 CHANG ,65632,33895,31737,47984,24850,23134,17648,9045,8603
C0116,13,000,00000,NAGALAND,036001, Chang,65632,33895,31737,47984,24850,23134,17648,9045,8603
C0116,13,000,00000,NAGALAND,037000,37 COORGI/KODAGU ,2,2,0,1,1,0,1,1,0
C0116,13,000,00000,NAGALAND,037001, Coorgi/Kodagu,2,2,0,1,1,0,1,1,0
C0116,13,000,00000,NAGALAND,038000,38 DEORI ,5,5,0,3,3,0,2,2,0
C0116,13,000,00000,NAGALAND,038001, Deori,5,5,0,3,3,0,2,2,0
C0116,13,000,00000,NAGALAND,039000,39 DIMASA ,4871,2407,2464,4731,2327,2404,140,80,60
C0116,13,000,00000,NAGALAND,039002, Dimasa,4855,2396,2459,4722,2323,2399,133,73,60
C0116,13,000,00000,NAGALAND,039999,39 Others,16,11,5,9,4,5,7,7,0
C0116,13,000,00000,NAGALAND,040000,40 ENGLISH ,419,206,213,163,87,76,256,119,137
C0116,13,000,00000,NAGALAND,040001, English,419,206,213,163,87,76,256,119,137
C0116,13,000,00000,NAGALAND,042000,42 GANGTE ,10,5,5,0,0,0,10,5,5
C0116,13,000,00000,NAGALAND,042001, Gangte,10,5,5,0,0,0,10,5,5
C0116,13,000,00000,NAGALAND,043000,43 GARO ,2351,1277,1074,1592,855,737,759,422,337
C0116,13,000,00000,NAGALAND,043005, Garo,2330,1263,1067,1576,845,731,754,418,336
C0116,13,000,00000,NAGALAND,043999,43 Others,21,14,7,16,10,6,5,4,1
C0116,13,000,00000,NAGALAND,044000,44 GONDI,17,10,7,7,6,1,10,4,6
C0116,13,000,00000,NAGALAND,044013, Kalari,1,0,1,0,0,0,1,0,1
C0116,13,000,00000,NAGALAND,044017, Maria/ Muria,1,1,0,1,1,0,0,0,0
C0116,13,000,00000,NAGALAND,044999,44 Others,15,9,6,6,5,1,9,4,5
C0116,13,000,00000,NAGALAND,046000,46 HALAM ,4,4,0,2,2,0,2,2,0
C0116,13,000,00000,NAGALAND,046003, Halam,1,1,0,1,1,0,0,0,0
C0116,13,000,00000,NAGALAND,046999,46 Others,3,3,0,1,1,0,2,2,0
C0116,13,000,00000,NAGALAND,047000,47 HMAR,61,29,32,7,5,2,54,24,30
C0116,13,000,00000,NAGALAND,047001, Hmar,61,29,32,7,5,2,54,24,30
C0116,13,000,00000,NAGALAND,048000,48 HO,11,8,3,2,2,0,9,6,3
C0116,13,000,00000,NAGALAND,048004, Ho,9,6,3,1,1,0,8,5,3
C0116,13,000,00000,NAGALAND,048007, Lohara,2,2,0,1,1,0,1,1,0
C0116,13,000,00000,NAGALAND,050000,50 JUANG ,1,0,1,1,0,1,0,0,0
C0116,13,000,00000,NAGALAND,050001, Juang,1,0,1,1,0,1,0,0,0
C0116,13,000,00000,NAGALAND,051000,51 KABUI ,6968,3500,3468,3814,1965,1849,3154,1535,1619
C0116,13,000,00000,NAGALAND,051003, Kabui,25,11,14,16,8,8,9,3,6
C0116,13,000,00000,NAGALAND,051005, Rongmei,6940,3488,3452,3798,1957,1841,3142,1531,1611
C0116,13,000,00000,NAGALAND,051999,51 Others ,3,1,2,0,0,0,3,1,2
C0116,13,000,00000,NAGALAND,052000,52 KARBI/MIKIR ,584,343,241,276,159,117,308,184,124
C0116,13,000,00000,NAGALAND,052002, Karbi/Mikir,584,343,241,276,159,117,308,184,124
C0116,13,000,00000,NAGALAND,053000,53 KHANDESHI,5,3,2,1,1,0,4,2,2
C0116,13,000,00000,NAGALAND,053002, Ahirani,1,1,0,0,0,0,1,1,0
C0116,13,000,00000,NAGALAND,053004, Dangi,1,1,0,1,1,0,0,0,0
C0116,13,000,00000,NAGALAND,053999,53 Others,3,1,2,0,0,0,3,1,2
C0116,13,000,00000,NAGALAND,054000,54 KHARIA ,164,80,84,134,59,75,30,21,9
C0116,13,000,00000,NAGALAND,054005, Kharia,164,80,84,134,59,75,30,21,9
C0116,13,000,00000,NAGALAND,055000,55 KHASI ,721,354,367,486,241,245,235,113,122
C0116,13,000,00000,NAGALAND,055007, Khasi,664,322,342,438,214,224,226,108,118
C0116,13,000,00000,NAGALAND,055012, Pnar/Synteng,20,12,8,13,7,6,7,5,2
C0116,13,000,00000,NAGALAND,055015, War,6,1,5,4,1,3,2,0,2
C0116,13,000,00000,NAGALAND,055999,55 Others ,31,19,12,31,19,12,0,0,0
C0116,13,000,00000,NAGALAND,056000,56 KHEZHA ,34218,17277,16941,26700,13523,13177,7518,3754,3764
C0116,13,000,00000,NAGALAND,056003, Khezha,34118,17226,16892,26639,13490,13149,7479,3736,3743
C0116,13,000,00000,NAGALAND,056999,56 Others ,100,51,49,61,33,28,39,18,21
C0116,13,000,00000,NAGALAND,057000,57 KHIEMNUNGAN,61906,32369,29537,55212,28812,26400,6694,3557,3137
C0116,13,000,00000,NAGALAND,057001, Khiemnungan,61906,32369,29537,55212,28812,26400,6694,3557,3137
C0116,13,000,00000,NAGALAND,058000,58 KHOND/KONDH ,1,1,0,0,0,0,1,1,0
C0116,13,000,00000,NAGALAND,058001, Khond/Kondh,1,1,0,0,0,0,1,1,0
C0116,13,000,00000,NAGALAND,059000,59 KINNAURI ,5,5,0,5,5,0,0,0,0
C0116,13,000,00000,NAGALAND,059003, Kinnauri,5,5,0,5,5,0,0,0,0
C0116,13,000,00000,NAGALAND,060000,60 KISAN ,8,6,2,0,0,0,8,6,2
C0116,13,000,00000,NAGALAND,060002, Kisan,8,6,2,0,0,0,8,6,2
C0116,13,000,00000,NAGALAND,061000,61 KOCH ,8,7,1,5,5,0,3,2,1
C0116,13,000,00000,NAGALAND,061002, Koch,8,7,1,5,5,0,3,2,1
C0116,13,000,00000,NAGALAND,064000,64 KOM,49,32,17,23,19,4,26,13,13
C0116,13,000,00000,NAGALAND,064001, Kom,49,32,17,23,19,4,26,13,13
C0116,13,000,00000,NAGALAND,066000,66 KONYAK ,244135,127561,116574,211736,110903,100833,32399,16658,15741
C0116,13,000,00000,NAGALAND,066001, Konyak,244135,127561,116574,211736,110903,100833,32399,16658,15741
C0116,13,000,00000,NAGALAND,069000,69 KOYA ,3,3,0,0,0,0,3,3,0
C0116,13,000,00000,NAGALAND,069002, Koya,3,3,0,0,0,0,3,3,0
C0116,13,000,00000,NAGALAND,071000,71 KUKI,18392,9291,9101,15177,7674,7503,3215,1617,1598
C0116,13,000,00000,NAGALAND,071008, Kuki,18389,9288,9101,15177,7674,7503,3212,1614,1598
C0116,13,000,00000,NAGALAND,071999,71 Others ,3,3,0,0,0,0,3,3,0
C0116,13,000,00000,NAGALAND,072000,72 KURUKH/ORAON ,993,536,457,738,398,340,255,138,117
C0116,13,000,00000,NAGALAND,072024, Kurukh/Oraon,993,536,457,738,398,340,255,138,117
C0116,13,000,00000,NAGALAND,075000,75 LAHNDA ,3,2,1,2,2,0,1,0,1
C0116,13,000,00000,NAGALAND,075999,75 Others ,3,2,1,2,2,0,1,0,1
C0116,13,000,00000,NAGALAND,076000,76 LAKHER,12,6,6,9,4,5,3,2,1
C0116,13,000,00000,NAGALAND,076002, Mara,11,5,6,8,3,5,3,2,1
C0116,13,000,00000,NAGALAND,076999,76 Others ,1,1,0,1,1,0,0,0,0
C0116,13,000,00000,NAGALAND,077000,77 LALUNG ,24,12,12,17,11,6,7,1,6
C0116,13,000,00000,NAGALAND,077001, Lalung,24,12,12,17,11,6,7,1,6
C0116,13,000,00000,NAGALAND,078000,78 LEPCHA ,45,26,19,7,5,2,38,21,17
C0116,13,000,00000,NAGALAND,078001, Lepcha,45,26,19,7,5,2,38,21,17
C0116,13,000,00000,NAGALAND,079000,79 LIANGMEI ,3923,2013,1910,3528,1814,1714,395,199,196
C0116,13,000,00000,NAGALAND,079002, Liangmei,3919,2011,1908,3525,1812,1713,394,199,195
C0116,13,000,00000,NAGALAND,079999,79 Others ,4,2,2,3,2,1,1,0,1
C0116,13,000,00000,NAGALAND,080000,80 LIMBU ,32,21,11,31,20,11,1,1,0
C0116,13,000,00000,NAGALAND,080002, Limbu,30,19,11,29,18,11,1,1,0
C0116,13,000,00000,NAGALAND,080999,80 Others ,2,2,0,2,2,0,0,0,0
C0116,13,000,00000,NAGALAND,081000,81 LOTHA ,177488,89256,88232,126859,64035,62824,50629,25221,25408
C0116,13,000,00000,NAGALAND,081001, Lotha,177488,89256,88232,126859,64035,62824,50629,25221,25408
C0116,13,000,00000,NAGALAND,082000,82 LUSHAI/MIZO ,1194,666,528,207,131,76,987,535,452
C0116,13,000,00000,NAGALAND,082005, Lushai/Mizo,1190,664,526,207,131,76,983,533,450
C0116,13,000,00000,NAGALAND,082999,82 Others ,4,2,2,0,0,0,4,2,2
C0116,13,000,00000,NAGALAND,084000,84 MAO,14490,7180,7310,8363,4254,4109,6127,2926,3201
C0116,13,000,00000,NAGALAND,084001, Mao,7250,3473,3777,1902,918,984,5348,2555,2793
C0116,13,000,00000,NAGALAND,084003, Paola,7239,3707,3532,6461,3336,3125,778,371,407
C0116,13,000,00000,NAGALAND,084999,84 Others ,1,0,1,0,0,0,1,0,1
C0116,13,000,00000,NAGALAND,085000,85 MARAM,240,104,136,70,28,42,170,76,94
C0116,13,000,00000,NAGALAND,085001, Maram ,240,104,136,70,28,42,170,76,94
C0116,13,000,00000,NAGALAND,086000,86 MARING ,96,47,49,37,18,19,59,29,30
C0116,13,000,00000,NAGALAND,086001, Maring,96,47,49,37,18,19,59,29,30
C0116,13,000,00000,NAGALAND,087000,87 MIRI/MISHING,86,61,25,59,39,20,27,22,5
C0116,13,000,00000,NAGALAND,087003, Miri/Mishing,86,61,25,59,39,20,27,22,5
C0116,13,000,00000,NAGALAND,088000,88 MISHMI ,33,19,14,28,16,12,5,3,2
C0116,13,000,00000,NAGALAND,088007, Mishmi,17,8,9,15,7,8,2,1,1
C0116,13,000,00000,NAGALAND,088999,88 Others ,16,11,5,13,9,4,3,2,1
C0116,13,000,00000,NAGALAND,089000,89 MOGH ,9,8,1,9,8,1,0,0,0
C0116,13,000,00000,NAGALAND,089004, Mogh,2,2,0,2,2,0,0,0,0
C0116,13,000,00000,NAGALAND,089999,89 Others ,7,6,1,7,6,1,0,0,0
C0116,13,000,00000,NAGALAND,090000,90 MONPA ,11,11,0,4,4,0,7,7,0
C0116,13,000,00000,NAGALAND,090003, Monpa,11,11,0,4,4,0,7,7,0
C0116,13,000,00000,NAGALAND,091000,91 MUNDA,279,185,94,157,109,48,122,76,46
C0116,13,000,00000,NAGALAND,091006, Kol,1,1,0,1,1,0,0,0,0
C0116,13,000,00000,NAGALAND,091009, Munda,236,143,93,127,80,47,109,63,46
C0116,13,000,00000,NAGALAND,091999,91 Others ,42,41,1,29,28,1,13,13,0
C0116,13,000,00000,NAGALAND,092000,92 MUNDARI ,219,147,72,169,120,49,50,27,23
C0116,13,000,00000,NAGALAND,092005, Mundari,214,146,68,169,120,49,45,26,19
C0116,13,000,00000,NAGALAND,092999,92 Others,5,1,4,0,0,0,5,1,4
C0116,13,000,00000,NAGALAND,094000,94 NISSI/DAFLA ,111,79,32,54,49,5,57,30,27
C0116,13,000,00000,NAGALAND,094001, Apatani,27,18,9,4,4,0,23,14,9
C0116,13,000,00000,NAGALAND,094007, Nissi/Dafla,38,23,15,16,13,3,22,10,12
C0116,13,000,00000,NAGALAND,094008, Tagin,42,34,8,32,30,2,10,4,6
C0116,13,000,00000,NAGALAND,094999,94 Others ,4,4,0,2,2,0,2,2,0
C0116,13,000,00000,NAGALAND,095000,95 NOCTE ,75,51,24,31,22,9,44,29,15
C0116,13,000,00000,NAGALAND,095003, Nocte,69,45,24,26,17,9,43,28,15
C0116,13,000,00000,NAGALAND,095999,95 Others ,6,6,0,5,5,0,1,1,0
C0116,13,000,00000,NAGALAND,096000,96 PAITE,150,77,73,58,28,30,92,49,43
C0116,13,000,00000,NAGALAND,096002, Paite,150,77,73,58,28,30,92,49,43
C0116,13,000,00000,NAGALAND,097000,97 PARJI ,9,6,3,0,0,0,9,6,3
C0116,13,000,00000,NAGALAND,097999,97 Others ,9,6,3,0,0,0,9,6,3
C0116,13,000,00000,NAGALAND,098000,98 PAWI ,9,7,2,8,6,2,1,1,0
C0116,13,000,00000,NAGALAND,098001, Pawi,9,7,2,8,6,2,1,1,0
C0116,13,000,00000,NAGALAND,100000,100 PHOM ,53674,27932,25742,43142,22554,20588,10532,5378,5154
C0116,13,000,00000,NAGALAND,100001, Phom,53674,27932,25742,43142,22554,20588,10532,5378,5154
C0116,13,000,00000,NAGALAND,101000,101 POCHURY,21446,10947,10499,20400,10388,10012,1046,559,487
C0116,13,000,00000,NAGALAND,101006, Pochury,21424,10938,10486,20399,10388,10011,1025,550,475
C0116,13,000,00000,NAGALAND,101999,101 Others ,22,9,13,1,0,1,21,9,12
C0116,13,000,00000,NAGALAND,102000,102 RABHA ,131,78,53,85,49,36,46,29,17
C0116,13,000,00000,NAGALAND,102002, Rabha,131,78,53,85,49,36,46,29,17
C0116,13,000,00000,NAGALAND,103000,103 RAI ,17,11,6,15,10,5,2,1,1
C0116,13,000,00000,NAGALAND,103003, Rai,6,4,2,4,3,1,2,1,1
C0116,13,000,00000,NAGALAND,103999,103 Others ,11,7,4,11,7,4,0,0,0
C0116,13,000,00000,NAGALAND,104000,104 RENGMA ,61537,30507,31030,51671,25652,26019,9866,4855,5011
C0116,13,000,00000,NAGALAND,104001, Rengma,61537,30507,31030,51671,25652,26019,9866,4855,5011
C0116,13,000,00000,NAGALAND,105000,105 SANGTAM ,75841,38559,37282,55054,28028,27026,20787,10531,10256
C0116,13,000,00000,NAGALAND,105004, Sangtam,75530,38409,37121,54982,27993,26989,20548,10416,10132
C0116,13,000,00000,NAGALAND,105999,105 Others ,311,150,161,72,35,37,239,115,124
C0116,13,000,00000,NAGALAND,106000,106 SAVARA,14,7,7,4,2,2,10,5,5
C0116,13,000,00000,NAGALAND,106004, Savara,14,7,7,4,2,2,10,5,5
C0116,13,000,00000,NAGALAND,107000,107 SEMA,8268,4168,4100,2544,1319,1225,5724,2849,2875
C0116,13,000,00000,NAGALAND,107002, Sema,8268,4168,4100,2544,1319,1225,5724,2849,2875
C0116,13,000,00000,NAGALAND,108000,108 SHERPA ,13,8,5,7,4,3,6,4,2
C0116,13,000,00000,NAGALAND,108001, Sherpa,13,8,5,7,4,3,6,4,2
C0116,13,000,00000,NAGALAND,111000,111 TAMANG ,135,73,62,40,27,13,95,46,49
C0116,13,000,00000,NAGALAND,111001, Tamang,135,73,62,40,27,13,95,46,49
C0116,13,000,00000,NAGALAND,112000,112 TANGKHUL ,2018,1022,996,619,324,295,1399,698,701
C0116,13,000,00000,NAGALAND,112008, Tangkhul,2018,1022,996,619,324,295,1399,698,701
C0116,13,000,00000,NAGALAND,113000,113 TANGSA,151,83,68,63,33,30,88,50,38
C0116,13,000,00000,NAGALAND,113024, Tutcha Tangsa,9,4,5,1,1,0,8,3,5
C0116,13,000,00000,NAGALAND,113999,113 Others,142,79,63,62,32,30,80,47,33
C0116,13,000,00000,NAGALAND,114000,114 THADO ,148,81,67,117,67,50,31,14,17
C0116,13,000,00000,NAGALAND,114015, Thado,15,10,5,9,5,4,6,5,1
C0116,13,000,00000,NAGALAND,114999,114 Others,133,71,62,108,62,46,25,9,16
C0116,13,000,00000,NAGALAND,115000,115 TIBETAN ,207,98,109,16,5,11,191,93,98
C0116,13,000,00000,NAGALAND,115008, Tibetan,172,80,92,2,1,1,170,79,91
C0116,13,000,00000,NAGALAND,115999,115 Others,35,18,17,14,4,10,21,14,7
C0116,13,000,00000,NAGALAND,116000,116 TRIPURI ,339,245,94,108,78,30,231,167,64
C0116,13,000,00000,NAGALAND,116007, Kokbarak,203,156,47,66,52,14,137,104,33
C0116,13,000,00000,NAGALAND,116011, Reang,6,6,0,4,4,0,2,2,0
C0116,13,000,00000,NAGALAND,116014, Tripuri,124,78,46,36,20,16,88,58,30
C0116,13,000,00000,NAGALAND,116999,116 Others ,6,5,1,2,2,0,4,3,1
C0116,13,000,00000,NAGALAND,117000,117 TULU ,1,1,0,1,1,0,0,0,0
C0116,13,000,00000,NAGALAND,117009, Tulu,1,1,0,1,1,0,0,0,0
C0116,13,000,00000,NAGALAND,118000,118 VAIPHEI ,107,58,49,8,7,1,99,51,48
C0116,13,000,00000,NAGALAND,118002, Vaiphei,107,58,49,8,7,1,99,51,48
C0116,13,000,00000,NAGALAND,119000,119 WANCHO,92,62,30,44,28,16,48,34,14
C0116,13,000,00000,NAGALAND,119001, Wancho,92,62,30,44,28,16,48,34,14
C0116,13,000,00000,NAGALAND,120000,120 YIMCHUNGRE,74156,37829,36327,60882,30974,29908,13274,6855,6419
C0116,13,000,00000,NAGALAND,120001, Chirr,3396,1754,1642,3336,1728,1608,60,26,34
C0116,13,000,00000,NAGALAND,120004, Tikhir,11028,5677,5351,9304,4755,4549,1724,922,802
C0116,13,000,00000,NAGALAND,120005, Yimchungre,56399,28664,27735,44925,22765,22160,11474,5899,5575
C0116,13,000,00000,NAGALAND,120999,120 Others ,3333,1734,1599,3317,1726,1591,16,8,8
C0116,13,000,00000,NAGALAND,121000,121 ZELIANG ,60399,30466,29933,46692,23887,22805,13707,6579,7128
C0116,13,000,00000,NAGALAND,121001, Zeliang,60399,30466,29933,46692,23887,22805,13707,6579,7128
C0116,13,000,00000,NAGALAND,122000,122 ZEMI ,11165,5700,5465,10123,5202,4921,1042,498,544
C0116,13,000,00000,NAGALAND,122003, Zemi,11165,5700,5465,10123,5202,4921,1042,498,544
C0116,13,000,00000,NAGALAND,123000,123 ZOU ,31,16,15,18,8,10,13,8,5
C0116,13,000,00000,NAGALAND,123001, Zou,31,16,15,18,8,10,13,8,5
C0116,13,000,00000,NAGALAND,124000,124 OTHERS,241257,120599,120658,190228,95390,94838,51029,25209,25820
C0116,14,000,00000,MANIPUR,001000,1 ASSAMESE,2453,1997,456,1627,1397,230,826,600,226
C0116,14,000,00000,MANIPUR,001002, Assamese,1882,1543,339,1197,1047,150,685,496,189
C0116,14,000,00000,MANIPUR,001999,1 Others,571,454,117,430,350,80,141,104,37
C0116,14,000,00000,MANIPUR,002000,2 BENGALI ,30611,16352,14259,25140,13309,11831,5471,3043,2428
C0116,14,000,00000,MANIPUR,002007, Bengali,30561,16313,14248,25106,13281,11825,5455,3032,2423
C0116,14,000,00000,MANIPUR,002011, Chakma,31,22,9,18,14,4,13,8,5
C0116,14,000,00000,MANIPUR,002015, Haijong/Hajong,7,7,0,4,4,0,3,3,0
C0116,14,000,00000,MANIPUR,002044, Rajbangsi,11,9,2,11,9,2,0,0,0
C0116,14,000,00000,MANIPUR,002999,2 Others,1,1,0,1,1,0,0,0,0
C0116,14,000,00000,MANIPUR,003000,3 BODO ,174,141,33,111,92,19,63,49,14
C0116,14,000,00000,MANIPUR,003001, Bodo/Boro,148,122,26,96,79,17,52,43,9
C0116,14,000,00000,MANIPUR,003003, Kachari,26,19,7,15,13,2,11,6,5
C0116,14,000,00000,MANIPUR,004000,4 DOGRI ,1853,1732,121,1675,1580,95,178,152,26
C0116,14,000,00000,MANIPUR,004001, Dogri,1853,1732,121,1675,1580,95,178,152,26
C0116,14,000,00000,MANIPUR,005000,5 GUJARATI,164,129,35,100,82,18,64,47,17
C0116,14,000,00000,MANIPUR,005018, Gujarati,156,125,31,93,79,14,63,46,17
C0116,14,000,00000,MANIPUR,005999,5 Others,8,4,4,7,3,4,1,1,0
C0116,14,000,00000,MANIPUR,006000,6 HINDI ,31703,23092,8611,15201,12567,2634,16502,10525,5977
C0116,14,000,00000,MANIPUR,006030, Awadhi,18,13,5,9,6,3,9,7,2
C0116,14,000,00000,MANIPUR,006042, Bagheli/Baghel Khandi,1,1,0,1,1,0,0,0,0
C0116,14,000,00000,MANIPUR,006066, Banjari,2,1,1,2,1,1,0,0,0
C0116,14,000,00000,MANIPUR,006086, Bhadrawahi,8,5,3,2,2,0,6,3,3
C0116,14,000,00000,MANIPUR,006102, Bhojpuri,5311,3474,1837,1575,1278,297,3736,2196,1540
C0116,14,000,00000,MANIPUR,006123, Brajbhasha,18,16,2,14,14,0,4,2,2
C0116,14,000,00000,MANIPUR,006125, Bundeli/Bundel khandi,3,3,0,3,3,0,0,0,0
C0116,14,000,00000,MANIPUR,006142, Chhattisgarhi,14,13,1,12,11,1,2,2,0
C0116,14,000,00000,MANIPUR,006173, Dhundhari,2,1,1,2,1,1,0,0,0
C0116,14,000,00000,MANIPUR,006195, Garhwali,723,641,82,541,488,53,182,153,29
C0116,14,000,00000,MANIPUR,006207, Gojri/Gujjari/Gujar,3,2,1,0,0,0,3,2,1
C0116,14,000,00000,MANIPUR,006231, Handuri,3,2,1,1,1,0,2,1,1
C0116,14,000,00000,MANIPUR,006232, Hara/Harauti,1,1,0,0,0,0,1,1,0
C0116,14,000,00000,MANIPUR,006235, Haryanvi,253,227,26,212,194,18,41,33,8
C0116,14,000,00000,MANIPUR,006240, Hindi,21096,15691,5405,10981,9033,1948,10115,6658,3457
C0116,14,000,00000,MANIPUR,006291, Kangri,1,1,0,1,1,0,0,0,0
C0116,14,000,00000,MANIPUR,006311, Khari Boli,1,0,1,1,0,1,0,0,0
C0116,14,000,00000,MANIPUR,006320, Khortha/Khotta,1,0,1,1,0,1,0,0,0
C0116,14,000,00000,MANIPUR,006340, Kumauni,1127,1046,81,910,866,44,217,180,37
C0116,14,000,00000,MANIPUR,006353, Lamani/Lambadi,8,4,4,1,1,0,7,3,4
C0116,14,000,00000,MANIPUR,006376, Magadhi/Magahi,19,15,4,13,10,3,6,5,1
C0116,14,000,00000,MANIPUR,006391, Malvi,1,1,0,1,1,0,0,0,0
C0116,14,000,00000,MANIPUR,006394, Mandeali,3,1,2,3,1,2,0,0,0
C0116,14,000,00000,MANIPUR,006400, Marwari,689,377,312,138,77,61,551,300,251
C0116,14,000,00000,MANIPUR,006420, Nagpuria,13,11,2,10,9,1,3,2,1
C0116,14,000,00000,MANIPUR,006439, Pahari,67,50,17,53,36,17,14,14,0
C0116,14,000,00000,MANIPUR,006454, Pangwali,1,1,0,1,1,0,0,0,0
C0116,14,000,00000,MANIPUR,006476, Puran/Puran Bhasha,1,0,1,1,0,1,0,0,0
C0116,14,000,00000,MANIPUR,006489, Rajasthani,407,322,85,228,192,36,179,130,49
C0116,14,000,00000,MANIPUR,006503, Sadan/Sadri,30,18,12,24,16,8,6,2,4
C0116,14,000,00000,MANIPUR,006999,6 Others,1878,1154,724,460,323,137,1418,831,587
C0116,14,000,00000,MANIPUR,007000,7 KANNADA,639,559,80,472,406,66,167,153,14
C0116,14,000,00000,MANIPUR,007016, Kannada,634,554,80,467,401,66,167,153,14
C0116,14,000,00000,MANIPUR,007999,7 Others,5,5,0,5,5,0,0,0,0
C0116,14,000,00000,MANIPUR,008000,8 KASHMIRI ,48,44,4,44,41,3,4,3,1
C0116,14,000,00000,MANIPUR,008005, Kashmiri,48,44,4,44,41,3,4,3,1
C0116,14,000,00000,MANIPUR,009000,9 KONKANI,32,19,13,24,17,7,8,2,6
C0116,14,000,00000,MANIPUR,009011, Konkani,11,4,7,5,4,1,6,0,6
C0116,14,000,00000,MANIPUR,009016, Malwani,8,7,1,7,6,1,1,1,0
C0116,14,000,00000,MANIPUR,009999,9 Others,13,8,5,12,7,5,1,1,0
C0116,14,000,00000,MANIPUR,010000,10 MAITHILI ,213,159,54,115,89,26,98,70,28
C0116,14,000,00000,MANIPUR,010008, Maithili,213,159,54,115,89,26,98,70,28
C0116,14,000,00000,MANIPUR,011000,11 MALAYALAM,1519,1320,199,901,793,108,618,527,91
C0116,14,000,00000,MANIPUR,011016, Malayalam,1519,1320,199,901,793,108,618,527,91
C0116,14,000,00000,MANIPUR,012000,12 MANIPURI ,1522132,751397,770735,833666,415253,418413,688466,336144,352322
C0116,14,000,00000,MANIPUR,012003, Manipuri,1522132,751397,770735,833666,415253,418413,688466,336144,352322
C0116,14,000,00000,MANIPUR,013000,13 MARATHI ,1583,1341,242,1358,1188,170,225,153,72
C0116,14,000,00000,MANIPUR,013071, Marathi,1552,1326,226,1328,1173,155,224,153,71
C0116,14,000,00000,MANIPUR,013999,13 Others,31,15,16,30,15,15,1,0,1
C0116,14,000,00000,MANIPUR,014000,14 NEPALI ,63756,34018,29738,57201,30328,26873,6555,3690,2865
C0116,14,000,00000,MANIPUR,014011, Nepali,63756,34018,29738,57201,30328,26873,6555,3690,2865
C0116,14,000,00000,MANIPUR,015000,15 ODIA ,931,773,158,594,533,61,337,240,97
C0116,14,000,00000,MANIPUR,015007, Bhuiya/Bhuyan[Ori],1,1,0,1,1,0,0,0,0
C0116,14,000,00000,MANIPUR,015043, Odia,925,768,157,588,528,60,337,240,97
C0116,14,000,00000,MANIPUR,015999,15 Others,5,4,1,5,4,1,0,0,0
C0116,14,000,00000,MANIPUR,016000,16 PUNJABI ,1370,996,374,661,560,101,709,436,273
C0116,14,000,00000,MANIPUR,016038, Punjabi,1370,996,374,661,560,101,709,436,273
C0116,14,000,00000,MANIPUR,017000,17 SANSKRIT ,1,1,0,0,0,0,1,1,0
C0116,14,000,00000,MANIPUR,017002, Sanskrit,1,1,0,0,0,0,1,1,0
C0116,14,000,00000,MANIPUR,018000,18 SANTALI ,18,15,3,15,12,3,3,3,0
C0116,14,000,00000,MANIPUR,018040, Santali,17,14,3,14,11,3,3,3,0
C0116,14,000,00000,MANIPUR,018999,18 Others,1,1,0,1,1,0,0,0,0
C0116,14,000,00000,MANIPUR,020000,20 TAMIL ,1657,1165,492,509,485,24,1148,680,468
C0116,14,000,00000,MANIPUR,020027, Tamil,1656,1164,492,508,484,24,1148,680,468
C0116,14,000,00000,MANIPUR,020999,20 Others,1,1,0,1,1,0,0,0,0
C0116,14,000,00000,MANIPUR,021000,21 TELUGU ,1098,924,174,665,585,80,433,339,94
C0116,14,000,00000,MANIPUR,021046, Telugu,1074,907,167,642,569,73,432,338,94
C0116,14,000,00000,MANIPUR,021999,21 Others,24,17,7,23,16,7,1,1,0
C0116,14,000,00000,MANIPUR,022000,22 URDU,247,183,64,168,130,38,79,53,26
C0116,14,000,00000,MANIPUR,022015, Urdu,207,157,50,130,106,24,77,51,26
C0116,14,000,00000,MANIPUR,022016, Bhansari,3,2,1,3,2,1,0,0,0
C0116,14,000,00000,MANIPUR,022999,22 Others,37,24,13,35,22,13,2,2,0
C0116,14,000,00000,MANIPUR,023000,23 ADI ,78,54,24,67,45,22,11,9,2
C0116,14,000,00000,MANIPUR,023003, Adi,20,18,2,15,13,2,5,5,0
C0116,14,000,00000,MANIPUR,023006, Adi Gallong/Gallong,3,1,2,0,0,0,3,1,2
C0116,14,000,00000,MANIPUR,023010, Adi Miniyong/Miniyong,2,2,0,2,2,0,0,0,0
C0116,14,000,00000,MANIPUR,023040, Talgalo,11,8,3,9,6,3,2,2,0
C0116,14,000,00000,MANIPUR,023999,23 Others,42,25,17,41,24,17,1,1,0
C0116,14,000,00000,MANIPUR,024000,24 AFGHANI/KABULI/PASHTO ,1,1,0,1,1,0,0,0,0
C0116,14,000,00000,MANIPUR,024001, Afghani/Kabuli/Pashto,1,1,0,1,1,0,0,0,0
C0116,14,000,00000,MANIPUR,025000,25 ANAL ,26508,12809,13699,25963,12570,13393,545,239,306
C0116,14,000,00000,MANIPUR,025001, Anal,23645,11485,12160,23182,11273,11909,463,212,251
C0116,14,000,00000,MANIPUR,025999,25 Others,2863,1324,1539,2781,1297,1484,82,27,55
C0116,14,000,00000,MANIPUR,026000,26 ANGAMI ,76,35,41,46,25,21,30,10,20
C0116,14,000,00000,MANIPUR,026002, Angami,74,33,41,45,24,21,29,9,20
C0116,14,000,00000,MANIPUR,026999,26 Others,2,2,0,1,1,0,1,1,0
C0116,14,000,00000,MANIPUR,027000,27 AO ,2529,1259,1270,2463,1217,1246,66,42,24
C0116,14,000,00000,MANIPUR,027001, Ao,146,101,45,111,80,31,35,21,14
C0116,14,000,00000,MANIPUR,027003, Chungli,1,1,0,1,1,0,0,0,0
C0116,14,000,00000,MANIPUR,027005, Mongsen,2381,1156,1225,2350,1135,1215,31,21,10
C0116,14,000,00000,MANIPUR,027999,27 Others,1,1,0,1,1,0,0,0,0
C0116,14,000,00000,MANIPUR,028000,28 ARABIC/ARBI ,5,4,1,2,1,1,3,3,0
C0116,14,000,00000,MANIPUR,028001, Arabic/Arbi,5,4,1,2,1,1,3,3,0
C0116,14,000,00000,MANIPUR,030000,30 BHILI/BHILODI ,2,2,0,2,2,0,0,0,0
C0116,14,000,00000,MANIPUR,030999,30 Others,2,2,0,2,2,0,0,0,0
C0116,14,000,00000,MANIPUR,031000,31 BHOTIA ,11,10,1,9,8,1,2,2,0
C0116,14,000,00000,MANIPUR,031001, Bhotia,5,4,1,4,3,1,1,1,0
C0116,14,000,00000,MANIPUR,031999,31 Others,6,6,0,5,5,0,1,1,0
C0116,14,000,00000,MANIPUR,033000,33 BISHNUPURIYA,1288,637,651,1084,548,536,204,89,115
C0116,14,000,00000,MANIPUR,033003, Bishnupriya Manipuri/Manipuri Bishnupriya,284,136,148,283,135,148,1,1,0
C0116,14,000,00000,MANIPUR,033999,33 Others,1004,501,503,801,413,388,203,88,115
C0116,14,000,00000,MANIPUR,034000,34 CHAKHESANG ,1146,593,553,1139,589,550,7,4,3
C0116,14,000,00000,MANIPUR,034001, Chakhesang,1146,593,553,1139,589,550,7,4,3
C0116,14,000,00000,MANIPUR,035000,35 CHAKRU/CHOKRI ,2,2,0,1,1,0,1,1,0
C0116,14,000,00000,MANIPUR,035001, Chakru/Chokri,2,2,0,1,1,0,1,1,0
C0116,14,000,00000,MANIPUR,036000,36 CHANG ,5,4,1,4,3,1,1,1,0
C0116,14,000,00000,MANIPUR,036001, Chang,5,4,1,4,3,1,1,1,0
C0116,14,000,00000,MANIPUR,037000,37 COORGI/KODAGU ,1,1,0,0,0,0,1,1,0
C0116,14,000,00000,MANIPUR,037001, Coorgi/Kodagu,1,1,0,0,0,0,1,1,0
C0116,14,000,00000,MANIPUR,038000,38 DEORI ,2,2,0,2,2,0,0,0,0
C0116,14,000,00000,MANIPUR,038001, Deori,2,2,0,2,2,0,0,0,0
C0116,14,000,00000,MANIPUR,039000,39 DIMASA ,36,26,10,27,19,8,9,7,2
C0116,14,000,00000,MANIPUR,039002, Dimasa,17,10,7,15,8,7,2,2,0
C0116,14,000,00000,MANIPUR,039999,39 Others,19,16,3,12,11,1,7,5,2
C0116,14,000,00000,MANIPUR,040000,40 ENGLISH ,331,186,145,238,129,109,93,57,36
C0116,14,000,00000,MANIPUR,040001, English,331,186,145,238,129,109,93,57,36
C0116,14,000,00000,MANIPUR,042000,42 GANGTE ,15274,7711,7563,13953,7057,6896,1321,654,667
C0116,14,000,00000,MANIPUR,042001, Gangte,15274,7711,7563,13953,7057,6896,1321,654,667
C0116,14,000,00000,MANIPUR,043000,43 GARO ,65,54,11,46,40,6,19,14,5
C0116,14,000,00000,MANIPUR,043005, Garo,62,51,11,44,38,6,18,13,5
C0116,14,000,00000,MANIPUR,043999,43 Others,3,3,0,2,2,0,1,1,0
C0116,14,000,00000,MANIPUR,044000,44 GONDI,3,1,2,1,1,0,2,0,2
C0116,14,000,00000,MANIPUR,044002, Dorli,1,1,0,1,1,0,0,0,0
C0116,14,000,00000,MANIPUR,044017, Maria/ Muria,2,0,2,0,0,0,2,0,2
C0116,14,000,00000,MANIPUR,046000,46 HALAM ,16,12,4,13,9,4,3,3,0
C0116,14,000,00000,MANIPUR,046003, Halam,14,10,4,12,8,4,2,2,0
C0116,14,000,00000,MANIPUR,046999,46 Others,2,2,0,1,1,0,1,1,0
C0116,14,000,00000,MANIPUR,047000,47 HMAR,49081,24223,24858,41011,20378,20633,8070,3845,4225
C0116,14,000,00000,MANIPUR,047001, Hmar,49081,24223,24858,41011,20378,20633,8070,3845,4225
C0116,14,000,00000,MANIPUR,048000,48 HO,2,2,0,2,2,0,0,0,0
C0116,14,000,00000,MANIPUR,048004, Ho,2,2,0,2,2,0,0,0,0
C0116,14,000,00000,MANIPUR,051000,51 KABUI ,109616,54620,54996,79426,39858,39568,30190,14762,15428
C0116,14,000,00000,MANIPUR,051003, Kabui,54038,26775,27263,38334,19220,19114,15704,7555,8149
C0116,14,000,00000,MANIPUR,051005, Rongmei,55578,27845,27733,41092,20638,20454,14486,7207,7279
C0116,14,000,00000,MANIPUR,052000,52 KARBI/MIKIR ,107,50,57,91,44,47,16,6,10
C0116,14,000,00000,MANIPUR,052002, Karbi/Mikir,107,50,57,91,44,47,16,6,10
C0116,14,000,00000,MANIPUR,053000,53 KHANDESHI,1,1,0,0,0,0,1,1,0
C0116,14,000,00000,MANIPUR,053002, Ahirani,1,1,0,0,0,0,1,1,0
C0116,14,000,00000,MANIPUR,054000,54 KHARIA ,20,17,3,17,15,2,3,2,1
C0116,14,000,00000,MANIPUR,054005, Kharia,20,17,3,17,15,2,3,2,1
C0116,14,000,00000,MANIPUR,055000,55 KHASI ,670,350,320,591,310,281,79,40,39
C0116,14,000,00000,MANIPUR,055007, Khasi,662,344,318,587,306,281,75,38,37
C0116,14,000,00000,MANIPUR,055009, Lyngngam,3,3,0,3,3,0,0,0,0
C0116,14,000,00000,MANIPUR,055012, Pnar/Synteng,2,2,0,1,1,0,1,1,0
C0116,14,000,00000,MANIPUR,055015, War,3,1,2,0,0,0,3,1,2
C0116,14,000,00000,MANIPUR,056000,56 KHEZHA ,6977,3620,3357,6965,3615,3350,12,5,7
C0116,14,000,00000,MANIPUR,056003, Khezha,1982,996,986,1978,994,984,4,2,2
C0116,14,000,00000,MANIPUR,056999,56 Others ,4995,2624,2371,4987,2621,2366,8,3,5
C0116,14,000,00000,MANIPUR,057000,57 KHIEMNUNGAN,2,2,0,1,1,0,1,1,0
C0116,14,000,00000,MANIPUR,057001, Khiemnungan,2,2,0,1,1,0,1,1,0
C0116,14,000,00000,MANIPUR,058000,58 KHOND/KONDH ,53,30,23,53,30,23,0,0,0
C0116,14,000,00000,MANIPUR,058006, Kuvi,53,30,23,53,30,23,0,0,0
C0116,14,000,00000,MANIPUR,059000,59 KINNAURI ,1,1,0,1,1,0,0,0,0
C0116,14,000,00000,MANIPUR,059003, Kinnauri,1,1,0,1,1,0,0,0,0
C0116,14,000,00000,MANIPUR,060000,60 KISAN ,179,93,86,179,93,86,0,0,0
C0116,14,000,00000,MANIPUR,060002, Kisan,179,93,86,179,93,86,0,0,0
C0116,14,000,00000,MANIPUR,061000,61 KOCH ,2,2,0,2,2,0,0,0,0
C0116,14,000,00000,MANIPUR,061002, Koch,2,2,0,2,2,0,0,0,0
C0116,14,000,00000,MANIPUR,064000,64 KOM,14621,7213,7408,13664,6776,6888,957,437,520
C0116,14,000,00000,MANIPUR,064001, Kom,14621,7213,7408,13664,6776,6888,957,437,520
C0116,14,000,00000,MANIPUR,066000,66 KONYAK ,36,28,8,30,24,6,6,4,2
C0116,14,000,00000,MANIPUR,066001, Konyak,36,28,8,30,24,6,6,4,2
C0116,14,000,00000,MANIPUR,071000,71 KUKI,37805,18969,18836,32424,16316,16108,5381,2653,2728
C0116,14,000,00000,MANIPUR,071008, Kuki,36808,18482,18326,31448,15838,15610,5360,2644,2716
C0116,14,000,00000,MANIPUR,071999,71 Others ,997,487,510,976,478,498,21,9,12
C0116,14,000,00000,MANIPUR,072000,72 KURUKH/ORAON ,36,28,8,28,23,5,8,5,3
C0116,14,000,00000,MANIPUR,072024, Kurukh/Oraon,36,28,8,28,23,5,8,5,3
C0116,14,000,00000,MANIPUR,073000,73 LADAKHI ,3,3,0,2,2,0,1,1,0
C0116,14,000,00000,MANIPUR,073003, Ladakhi,3,3,0,2,2,0,1,1,0
C0116,14,000,00000,MANIPUR,076000,76 LAKHER,4,3,1,4,3,1,0,0,0
C0116,14,000,00000,MANIPUR,076002, Mara,2,1,1,2,1,1,0,0,0
C0116,14,000,00000,MANIPUR,076999,76 Others ,2,2,0,2,2,0,0,0,0
C0116,14,000,00000,MANIPUR,078000,78 LEPCHA ,16,16,0,10,10,0,6,6,0
C0116,14,000,00000,MANIPUR,078001, Lepcha,16,16,0,10,10,0,6,6,0
C0116,14,000,00000,MANIPUR,079000,79 LIANGMEI ,45546,23384,22162,43312,22309,21003,2234,1075,1159
C0116,14,000,00000,MANIPUR,079002, Liangmei,44311,22746,21565,42150,21704,20446,2161,1042,1119
C0116,14,000,00000,MANIPUR,079999,79 Others ,1235,638,597,1162,605,557,73,33,40
C0116,14,000,00000,MANIPUR,080000,80 LIMBU ,169,97,72,167,96,71,2,1,1
C0116,14,000,00000,MANIPUR,080002, Limbu,169,97,72,167,96,71,2,1,1
C0116,14,000,00000,MANIPUR,081000,81 LOTHA ,69,33,36,58,29,29,11,4,7
C0116,14,000,00000,MANIPUR,081001, Lotha,69,33,36,58,29,29,11,4,7
C0116,14,000,00000,MANIPUR,082000,82 LUSHAI/MIZO ,6500,3202,3298,4797,2376,2421,1703,826,877
C0116,14,000,00000,MANIPUR,082005, Lushai/Mizo,6500,3202,3298,4797,2376,2421,1703,826,877
C0116,14,000,00000,MANIPUR,084000,84 MAO,224361,116512,107849,223575,116138,107437,786,374,412
C0116,14,000,00000,MANIPUR,084001, Mao,89011,45518,43493,88244,45155,43089,767,363,404
C0116,14,000,00000,MANIPUR,084003, Paola,135349,70993,64356,135330,70982,64348,19,11,8
C0116,14,000,00000,MANIPUR,084999,84 Others ,1,1,0,1,1,0,0,0,0
C0116,14,000,00000,MANIPUR,085000,85 MARAM,32098,16425,15673,32029,16384,15645,69,41,28
C0116,14,000,00000,MANIPUR,085001, Maram ,32098,16425,15673,32029,16384,15645,69,41,28
C0116,14,000,00000,MANIPUR,086000,86 MARING ,25657,12971,12686,25239,12756,12483,418,215,203
C0116,14,000,00000,MANIPUR,086001, Maring,25657,12971,12686,25239,12756,12483,418,215,203
C0116,14,000,00000,MANIPUR,087000,87 MIRI/MISHING,10,7,3,10,7,3,0,0,0
C0116,14,000,00000,MANIPUR,087003, Miri/Mishing,10,7,3,10,7,3,0,0,0
C0116,14,000,00000,MANIPUR,088000,88 MISHMI ,11,9,2,11,9,2,0,0,0
C0116,14,000,00000,MANIPUR,088007, Mishmi,6,6,0,6,6,0,0,0,0
C0116,14,000,00000,MANIPUR,088999,88 Others ,5,3,2,5,3,2,0,0,0
C0116,14,000,00000,MANIPUR,089000,89 MOGH ,7,6,1,6,5,1,1,1,0
C0116,14,000,00000,MANIPUR,089004, Mogh,7,6,1,6,5,1,1,1,0
C0116,14,000,00000,MANIPUR,090000,90 MONPA ,27,25,2,22,22,0,5,3,2
C0116,14,000,00000,MANIPUR,090003, Monpa,27,25,2,22,22,0,5,3,2
C0116,14,000,00000,MANIPUR,091000,91 MUNDA,29,22,7,26,20,6,3,2,1
C0116,14,000,00000,MANIPUR,091009, Munda,24,17,7,21,15,6,3,2,1
C0116,14,000,00000,MANIPUR,091999,91 Others ,5,5,0,5,5,0,0,0,0
C0116,14,000,00000,MANIPUR,092000,92 MUNDARI ,4,4,0,3,3,0,1,1,0
C0116,14,000,00000,MANIPUR,092005, Mundari,4,4,0,3,3,0,1,1,0
C0116,14,000,00000,MANIPUR,093000,93 NICOBARESE ,2,1,1,0,0,0,2,1,1
C0116,14,000,00000,MANIPUR,093001, Nicobarese,2,1,1,0,0,0,2,1,1
C0116,14,000,00000,MANIPUR,094000,94 NISSI/DAFLA ,21,17,4,17,14,3,4,3,1
C0116,14,000,00000,MANIPUR,094001, Apatani,14,12,2,11,9,2,3,3,0
C0116,14,000,00000,MANIPUR,094007, Nissi/Dafla,5,3,2,4,3,1,1,0,1
C0116,14,000,00000,MANIPUR,094008, Tagin,2,2,0,2,2,0,0,0,0
C0116,14,000,00000,MANIPUR,095000,95 NOCTE ,44,43,1,40,39,1,4,4,0
C0116,14,000,00000,MANIPUR,095003, Nocte,43,42,1,39,38,1,4,4,0
C0116,14,000,00000,MANIPUR,095999,95 Others ,1,1,0,1,1,0,0,0,0
C0116,14,000,00000,MANIPUR,096000,96 PAITE,55031,27062,27969,50354,24818,25536,4677,2244,2433
C0116,14,000,00000,MANIPUR,096002, Paite,55031,27062,27969,50354,24818,25536,4677,2244,2433
C0116,14,000,00000,MANIPUR,100000,100 PHOM ,16,10,6,3,3,0,13,7,6
C0116,14,000,00000,MANIPUR,100001, Phom,16,10,6,3,3,0,13,7,6
C0116,14,000,00000,MANIPUR,101000,101 POCHURY,69,41,28,69,41,28,0,0,0
C0116,14,000,00000,MANIPUR,101006, Pochury,57,34,23,57,34,23,0,0,0
C0116,14,000,00000,MANIPUR,101999,101 Others ,12,7,5,12,7,5,0,0,0
C0116,14,000,00000,MANIPUR,102000,102 RABHA ,18,17,1,13,13,0,5,4,1
C0116,14,000,00000,MANIPUR,102002, Rabha,18,17,1,13,13,0,5,4,1
C0116,14,000,00000,MANIPUR,103000,103 RAI ,146,82,64,146,82,64,0,0,0
C0116,14,000,00000,MANIPUR,103003, Rai,81,49,32,81,49,32,0,0,0
C0116,14,000,00000,MANIPUR,103999,103 Others ,65,33,32,65,33,32,0,0,0
C0116,14,000,00000,MANIPUR,104000,104 RENGMA ,3,3,0,1,1,0,2,2,0
C0116,14,000,00000,MANIPUR,104001, Rengma,3,3,0,1,1,0,2,2,0
C0116,14,000,00000,MANIPUR,105000,105 SANGTAM ,10,10,0,10,10,0,0,0,0
C0116,14,000,00000,MANIPUR,105004, Sangtam,10,10,0,10,10,0,0,0,0
C0116,14,000,00000,MANIPUR,107000,107 SEMA,104,60,44,97,54,43,7,6,1
C0116,14,000,00000,MANIPUR,107002, Sema,104,60,44,97,54,43,7,6,1
C0116,14,000,00000,MANIPUR,108000,108 SHERPA ,26,16,10,24,14,10,2,2,0
C0116,14,000,00000,MANIPUR,108001, Sherpa,26,16,10,24,14,10,2,2,0
C0116,14,000,00000,MANIPUR,111000,111 TAMANG ,537,272,265,523,265,258,14,7,7
C0116,14,000,00000,MANIPUR,111001, Tamang,537,272,265,523,265,258,14,7,7
C0116,14,000,00000,MANIPUR,112000,112 TANGKHUL ,183091,92434,90657,153333,77742,75591,29758,14692,15066
C0116,14,000,00000,MANIPUR,112008, Tangkhul,183091,92434,90657,153333,77742,75591,29758,14692,15066
C0116,14,000,00000,MANIPUR,113000,113 TANGSA,49,30,19,39,23,16,10,7,3
C0116,14,000,00000,MANIPUR,113999,113 Others,49,30,19,39,23,16,10,7,3
C0116,14,000,00000,MANIPUR,114000,114 THADO ,223779,111799,111980,208044,104135,103909,15735,7664,8071
C0116,14,000,00000,MANIPUR,114015, Thado,223171,111477,111694,207544,103868,103676,15627,7609,8018
C0116,14,000,00000,MANIPUR,114999,114 Others,608,322,286,500,267,233,108,55,53
C0116,14,000,00000,MANIPUR,115000,115 TIBETAN ,3,1,2,2,1,1,1,0,1
C0116,14,000,00000,MANIPUR,115999,115 Others,3,1,2,2,1,1,1,0,1
C0116,14,000,00000,MANIPUR,116000,116 TRIPURI ,208,178,30,144,125,19,64,53,11
C0116,14,000,00000,MANIPUR,116007, Kokbarak,132,116,16,84,74,10,48,42,6
C0116,14,000,00000,MANIPUR,116011, Reang,15,12,3,13,12,1,2,0,2
C0116,14,000,00000,MANIPUR,116014, Tripuri,56,46,10,44,36,8,12,10,2
C0116,14,000,00000,MANIPUR,116999,116 Others ,5,4,1,3,3,0,2,1,1
C0116,14,000,00000,MANIPUR,117000,117 TULU ,15,7,8,13,6,7,2,1,1
C0116,14,000,00000,MANIPUR,117999,117 Others ,15,7,8,13,6,7,2,1,1
C0116,14,000,00000,MANIPUR,118000,118 VAIPHEI ,39902,19870,20032,36751,18351,18400,3151,1519,1632
C0116,14,000,00000,MANIPUR,118002, Vaiphei,39902,19870,20032,36751,18351,18400,3151,1519,1632
C0116,14,000,00000,MANIPUR,119000,119 WANCHO,42,40,2,34,32,2,8,8,0
C0116,14,000,00000,MANIPUR,119001, Wancho,42,40,2,34,32,2,8,8,0
C0116,14,000,00000,MANIPUR,120000,120 YIMCHUNGRE,8497,4362,4135,8188,4189,3999,309,173,136
C0116,14,000,00000,MANIPUR,120001, Chirr,8475,4346,4129,8171,4177,3994,304,169,135
C0116,14,000,00000,MANIPUR,120004, Tikhir,6,2,4,6,2,4,0,0,0
C0116,14,000,00000,MANIPUR,120005, Yimchungre,16,14,2,11,10,1,5,4,1
C0116,14,000,00000,MANIPUR,121000,121 ZELIANG ,2727,1453,1274,2724,1452,1272,3,1,2
C0116,14,000,00000,MANIPUR,121001, Zeliang,2727,1453,1274,2724,1452,1272,3,1,2
C0116,14,000,00000,MANIPUR,122000,122 ZEMI ,18795,9640,9155,17686,9087,8599,1109,553,556
C0116,14,000,00000,MANIPUR,122003, Zemi,18795,9640,9155,17686,9087,8599,1109,553,556
C0116,14,000,00000,MANIPUR,123000,123 ZOU ,25861,12884,12977,23620,11820,11800,2241,1064,1177
C0116,14,000,00000,MANIPUR,123001, Zou,25861,12884,12977,23620,11820,11800,2241,1064,1177
C0116,14,000,00000,MANIPUR,124000,124 OTHERS,33497,16526,16971,30701,15196,15505,2796,1330,1466
C0116,15,000,00000,MIZORAM,001000,1 ASSAMESE,1266,954,312,258,215,43,1008,739,269
C0116,15,000,00000,MIZORAM,001002, Assamese,1143,853,290,241,201,40,902,652,250
C0116,15,000,00000,MIZORAM,001999,1 Others,123,101,22,17,14,3,106,87,19
C0116,15,000,00000,MIZORAM,002000,2 BENGALI ,107840,58044,49796,96777,50278,46499,11063,7766,3297
C0116,15,000,00000,MIZORAM,002007, Bengali,14986,10158,4828,5303,3113,2190,9683,7045,2638
C0116,15,000,00000,MIZORAM,002011, Chakma,92850,47885,44965,91471,47164,44307,1379,721,658
C0116,15,000,00000,MIZORAM,002015, Haijong/Hajong,1,0,1,1,0,1,0,0,0
C0116,15,000,00000,MIZORAM,002044, Rajbangsi,3,1,2,2,1,1,1,0,1
C0116,15,000,00000,MIZORAM,003000,3 BODO ,203,132,71,25,19,6,178,113,65
C0116,15,000,00000,MIZORAM,003001, Bodo/Boro,75,61,14,9,9,0,66,52,14
C0116,15,000,00000,MIZORAM,003003, Kachari,128,71,57,16,10,6,112,61,51
C0116,15,000,00000,MIZORAM,004000,4 DOGRI ,193,180,13,41,41,0,152,139,13
C0116,15,000,00000,MIZORAM,004001, Dogri,193,180,13,41,41,0,152,139,13
C0116,15,000,00000,MIZORAM,005000,5 GUJARATI,59,58,1,17,17,0,42,41,1
C0116,15,000,00000,MIZORAM,005018, Gujarati,58,57,1,17,17,0,41,40,1
C0116,15,000,00000,MIZORAM,005999,5 Others,1,1,0,0,0,0,1,1,0
C0116,15,000,00000,MIZORAM,006000,6 HINDI ,10677,8500,2177,2069,1781,288,8608,6719,1889
C0116,15,000,00000,MIZORAM,006030, Awadhi,2,2,0,1,1,0,1,1,0
C0116,15,000,00000,MIZORAM,006042, Bagheli/Baghel Khandi,1,1,0,0,0,0,1,1,0
C0116,15,000,00000,MIZORAM,006066, Banjari,1,1,0,0,0,0,1,1,0
C0116,15,000,00000,MIZORAM,006102, Bhojpuri,279,212,67,48,36,12,231,176,55
C0116,15,000,00000,MIZORAM,006123, Brajbhasha,2,2,0,0,0,0,2,2,0
C0116,15,000,00000,MIZORAM,006125, Bundeli/Bundel khandi,1,1,0,1,1,0,0,0,0
C0116,15,000,00000,MIZORAM,006142, Chhattisgarhi,6,6,0,3,3,0,3,3,0
C0116,15,000,00000,MIZORAM,006195, Garhwali,46,43,3,11,10,1,35,33,2
C0116,15,000,00000,MIZORAM,006207, Gojri/Gujjari/Gujar,1,1,0,1,1,0,0,0,0
C0116,15,000,00000,MIZORAM,006235, Haryanvi,55,43,12,22,18,4,33,25,8
C0116,15,000,00000,MIZORAM,006240, Hindi,8929,7205,1724,1765,1539,226,7164,5666,1498
C0116,15,000,00000,MIZORAM,006265, Jaunpuri/Jaunsari,1,1,0,0,0,0,1,1,0
C0116,15,000,00000,MIZORAM,006291, Kangri,2,2,0,0,0,0,2,2,0
C0116,15,000,00000,MIZORAM,006320, Khortha/Khotta,28,26,2,20,20,0,8,6,2
C0116,15,000,00000,MIZORAM,006340, Kumauni,138,125,13,22,19,3,116,106,10
C0116,15,000,00000,MIZORAM,006353, Lamani/Lambadi,3,3,0,1,1,0,2,2,0
C0116,15,000,00000,MIZORAM,006376, Magadhi/Magahi,6,6,0,3,3,0,3,3,0
C0116,15,000,00000,MIZORAM,006400, Marwari,9,7,2,3,2,1,6,5,1
C0116,15,000,00000,MIZORAM,006420, Nagpuria,2,2,0,2,2,0,0,0,0
C0116,15,000,00000,MIZORAM,006439, Pahari,135,68,67,9,9,0,126,59,67
C0116,15,000,00000,MIZORAM,006466, Pawari/Powari,8,4,4,0,0,0,8,4,4
C0116,15,000,00000,MIZORAM,006489, Rajasthani,67,67,0,4,4,0,63,63,0
C0116,15,000,00000,MIZORAM,006503, Sadan/Sadri,92,58,34,18,14,4,74,44,30
C0116,15,000,00000,MIZORAM,006548, Surjapuri,19,10,9,6,3,3,13,7,6
C0116,15,000,00000,MIZORAM,006999,6 Others,844,604,240,129,95,34,715,509,206
C0116,15,000,00000,MIZORAM,007000,7 KANNADA,189,177,12,34,34,0,155,143,12
C0116,15,000,00000,MIZORAM,007016, Kannada,188,176,12,33,33,0,155,143,12
C0116,15,000,00000,MIZORAM,007999,7 Others,1,1,0,1,1,0,0,0,0
C0116,15,000,00000,MIZORAM,008000,8 KASHMIRI ,23,22,1,7,7,0,16,15,1
C0116,15,000,00000,MIZORAM,008005, Kashmiri,23,22,1,7,7,0,16,15,1
C0116,15,000,00000,MIZORAM,009000,9 KONKANI,54,15,39,11,1,10,43,14,29
C0116,15,000,00000,MIZORAM,009011, Konkani,49,13,36,7,0,7,42,13,29
C0116,15,000,00000,MIZORAM,009999,9 Others,5,2,3,4,1,3,1,1,0
C0116,15,000,00000,MIZORAM,010000,10 MAITHILI ,111,83,28,26,18,8,85,65,20
C0116,15,000,00000,MIZORAM,010008, Maithili,111,83,28,26,18,8,85,65,20
C0116,15,000,00000,MIZORAM,011000,11 MALAYALAM,718,521,197,103,88,15,615,433,182
C0116,15,000,00000,MIZORAM,011016, Malayalam,704,511,193,102,88,14,602,423,179
C0116,15,000,00000,MIZORAM,011999,11 Others,14,10,4,1,0,1,13,10,3
C0116,15,000,00000,MIZORAM,012000,12 MANIPURI ,2242,1414,828,253,191,62,1989,1223,766
C0116,15,000,00000,MIZORAM,012003, Manipuri,2242,1414,828,253,191,62,1989,1223,766
C0116,15,000,00000,MIZORAM,013000,13 MARATHI ,408,334,74,192,145,47,216,189,27
C0116,15,000,00000,MIZORAM,013071, Marathi,401,330,71,187,142,45,214,188,26
C0116,15,000,00000,MIZORAM,013999,13 Others,7,4,3,5,3,2,2,1,1
C0116,15,000,00000,MIZORAM,014000,14 NEPALI ,8994,5015,3979,871,633,238,8123,4382,3741
C0116,15,000,00000,MIZORAM,014011, Nepali,8990,5012,3978,867,630,237,8123,4382,3741
C0116,15,000,00000,MIZORAM,014999,14 Others,4,3,1,4,3,1,0,0,0
C0116,15,000,00000,MIZORAM,015000,15 ODIA ,277,231,46,43,39,4,234,192,42
C0116,15,000,00000,MIZORAM,015043, Odia,265,223,42,37,35,2,228,188,40
C0116,15,000,00000,MIZORAM,015999,15 Others,12,8,4,6,4,2,6,4,2
C0116,15,000,00000,MIZORAM,016000,16 PUNJABI ,349,315,34,84,79,5,265,236,29
C0116,15,000,00000,MIZORAM,016005, Bhateali,4,4,0,0,0,0,4,4,0
C0116,15,000,00000,MIZORAM,016038, Punjabi,344,310,34,84,79,5,260,231,29
C0116,15,000,00000,MIZORAM,016999,16 Others,1,1,0,0,0,0,1,1,0
C0116,15,000,00000,MIZORAM,018000,18 SANTALI ,1150,881,269,442,354,88,708,527,181
C0116,15,000,00000,MIZORAM,018040, Santali,1144,877,267,441,353,88,703,524,179
C0116,15,000,00000,MIZORAM,018999,18 Others,6,4,2,1,1,0,5,3,2
C0116,15,000,00000,MIZORAM,020000,20 TAMIL ,306,274,32,79,72,7,227,202,25
C0116,15,000,00000,MIZORAM,020027, Tamil,306,274,32,79,72,7,227,202,25
C0116,15,000,00000,MIZORAM,021000,21 TELUGU ,334,264,70,104,89,15,230,175,55
C0116,15,000,00000,MIZORAM,021046, Telugu,333,263,70,103,88,15,230,175,55
C0116,15,000,00000,MIZORAM,021999,21 Others,1,1,0,1,1,0,0,0,0
C0116,15,000,00000,MIZORAM,022000,22 URDU,113,80,33,35,24,11,78,56,22
C0116,15,000,00000,MIZORAM,022015, Urdu,89,64,25,17,12,5,72,52,20
C0116,15,000,00000,MIZORAM,022999,22 Others,24,16,8,18,12,6,6,4,2
C0116,15,000,00000,MIZORAM,023000,23 ADI ,26,14,12,2,0,2,24,14,10
C0116,15,000,00000,MIZORAM,023003, Adi,17,7,10,1,0,1,16,7,9
C0116,15,000,00000,MIZORAM,023006, Adi Gallong/Gallong,2,2,0,0,0,0,2,2,0
C0116,15,000,00000,MIZORAM,023010, Adi Miniyong/Miniyong,1,1,0,0,0,0,1,1,0
C0116,15,000,00000,MIZORAM,023040, Talgalo,3,2,1,1,0,1,2,2,0
C0116,15,000,00000,MIZORAM,023999,23 Others,3,2,1,0,0,0,3,2,1
C0116,15,000,00000,MIZORAM,025000,25 ANAL ,4,3,1,1,1,0,3,2,1
C0116,15,000,00000,MIZORAM,025001, Anal,3,2,1,1,1,0,2,1,1
C0116,15,000,00000,MIZORAM,025999,25 Others,1,1,0,0,0,0,1,1,0
C0116,15,000,00000,MIZORAM,026000,26 ANGAMI ,10,8,2,1,1,0,9,7,2
C0116,15,000,00000,MIZORAM,026002, Angami,9,7,2,1,1,0,8,6,2
C0116,15,000,00000,MIZORAM,026999,26 Others,1,1,0,0,0,0,1,1,0
C0116,15,000,00000,MIZORAM,027000,27 AO ,39,23,16,4,4,0,35,19,16
C0116,15,000,00000,MIZORAM,027001, Ao,30,16,14,3,3,0,27,13,14
C0116,15,000,00000,MIZORAM,027005, Mongsen,5,4,1,0,0,0,5,4,1
C0116,15,000,00000,MIZORAM,027999,27 Others,4,3,1,1,1,0,3,2,1
C0116,15,000,00000,MIZORAM,028000,28 ARABIC/ARBI ,35,22,13,0,0,0,35,22,13
C0116,15,000,00000,MIZORAM,028001, Arabic/Arbi,35,22,13,0,0,0,35,22,13
C0116,15,000,00000,MIZORAM,030000,30 BHILI/BHILODI ,17,14,3,7,4,3,10,10,0
C0116,15,000,00000,MIZORAM,030002, Baori,10,10,0,1,1,0,9,9,0
C0116,15,000,00000,MIZORAM,030076, Vasava,5,2,3,5,2,3,0,0,0
C0116,15,000,00000,MIZORAM,030999,30 Others,2,2,0,1,1,0,1,1,0
C0116,15,000,00000,MIZORAM,031000,31 BHOTIA ,1,1,0,0,0,0,1,1,0
C0116,15,000,00000,MIZORAM,031001, Bhotia,1,1,0,0,0,0,1,1,0
C0116,15,000,00000,MIZORAM,032000,32 BHUMIJ ,559,293,266,550,290,260,9,3,6
C0116,15,000,00000,MIZORAM,032999,32 Others,559,293,266,550,290,260,9,3,6
C0116,15,000,00000,MIZORAM,033000,33 BISHNUPURIYA,42,23,19,0,0,0,42,23,19
C0116,15,000,00000,MIZORAM,033003, Bishnupriya Manipuri/Manipuri Bishnupriya,33,17,16,0,0,0,33,17,16
C0116,15,000,00000,MIZORAM,033999,33 Others,9,6,3,0,0,0,9,6,3
C0116,15,000,00000,MIZORAM,034000,34 CHAKHESANG ,6,3,3,3,2,1,3,1,2
C0116,15,000,00000,MIZORAM,034001, Chakhesang,6,3,3,3,2,1,3,1,2
C0116,15,000,00000,MIZORAM,035000,35 CHAKRU/CHOKRI ,5,1,4,0,0,0,5,1,4
C0116,15,000,00000,MIZORAM,035001, Chakru/Chokri,5,1,4,0,0,0,5,1,4
C0116,15,000,00000,MIZORAM,036000,36 CHANG ,1,0,1,1,0,1,0,0,0
C0116,15,000,00000,MIZORAM,036001, Chang,1,0,1,1,0,1,0,0,0
C0116,15,000,00000,MIZORAM,037000,37 COORGI/KODAGU ,1,1,0,0,0,0,1,1,0
C0116,15,000,00000,MIZORAM,037001, Coorgi/Kodagu,1,1,0,0,0,0,1,1,0
C0116,15,000,00000,MIZORAM,038000,38 DEORI ,3,2,1,1,0,1,2,2,0
C0116,15,000,00000,MIZORAM,038001, Deori,3,2,1,1,0,1,2,2,0
C0116,15,000,00000,MIZORAM,039000,39 DIMASA ,36,19,17,14,4,10,22,15,7
C0116,15,000,00000,MIZORAM,039002, Dimasa,25,12,13,13,4,9,12,8,4
C0116,15,000,00000,MIZORAM,039999,39 Others,11,7,4,1,0,1,10,7,3
C0116,15,000,00000,MIZORAM,040000,40 ENGLISH ,61,34,27,13,8,5,48,26,22
C0116,15,000,00000,MIZORAM,040001, English,61,34,27,13,8,5,48,26,22
C0116,15,000,00000,MIZORAM,042000,42 GANGTE ,705,376,329,502,274,228,203,102,101
C0116,15,000,00000,MIZORAM,042001, Gangte,705,376,329,502,274,228,203,102,101
C0116,15,000,00000,MIZORAM,043000,43 GARO ,94,59,35,26,17,9,68,42,26
C0116,15,000,00000,MIZORAM,043005, Garo,82,51,31,17,10,7,65,41,24
C0116,15,000,00000,MIZORAM,043999,43 Others,12,8,4,9,7,2,3,1,2
C0116,15,000,00000,MIZORAM,045000,45 HALABI,1,1,0,1,1,0,0,0,0
C0116,15,000,00000,MIZORAM,045001, Halabi,1,1,0,1,1,0,0,0,0
C0116,15,000,00000,MIZORAM,046000,46 HALAM ,375,172,203,287,122,165,88,50,38
C0116,15,000,00000,MIZORAM,046003, Halam,242,99,143,203,77,126,39,22,17
C0116,15,000,00000,MIZORAM,046999,46 Others,133,73,60,84,45,39,49,28,21
C0116,15,000,00000,MIZORAM,047000,47 HMAR,17981,9156,8825,14166,7273,6893,3815,1883,1932
C0116,15,000,00000,MIZORAM,047001, Hmar,17981,9156,8825,14166,7273,6893,3815,1883,1932
C0116,15,000,00000,MIZORAM,048000,48 HO,2,1,1,0,0,0,2,1,1
C0116,15,000,00000,MIZORAM,048004, Ho,2,1,1,0,0,0,2,1,1
C0116,15,000,00000,MIZORAM,051000,51 KABUI ,15,10,5,2,2,0,13,8,5
C0116,15,000,00000,MIZORAM,051003, Kabui,2,2,0,1,1,0,1,1,0
C0116,15,000,00000,MIZORAM,051005, Rongmei,13,8,5,1,1,0,12,7,5
C0116,15,000,00000,MIZORAM,052000,52 KARBI/MIKIR ,8,5,3,1,1,0,7,4,3
C0116,15,000,00000,MIZORAM,052002, Karbi/Mikir,8,5,3,1,1,0,7,4,3
C0116,15,000,00000,MIZORAM,054000,54 KHARIA ,6,2,4,0,0,0,6,2,4
C0116,15,000,00000,MIZORAM,054005, Kharia,6,2,4,0,0,0,6,2,4
C0116,15,000,00000,MIZORAM,055000,55 KHASI ,707,363,344,181,96,85,526,267,259
C0116,15,000,00000,MIZORAM,055007, Khasi,654,334,320,138,73,65,516,261,255
C0116,15,000,00000,MIZORAM,055012, Pnar/Synteng,42,23,19,39,22,17,3,1,2
C0116,15,000,00000,MIZORAM,055015, War,6,2,4,4,1,3,2,1,1
C0116,15,000,00000,MIZORAM,055999,55 Others ,5,4,1,0,0,0,5,4,1
C0116,15,000,00000,MIZORAM,059000,59 KINNAURI ,1,1,0,0,0,0,1,1,0
C0116,15,000,00000,MIZORAM,059003, Kinnauri,1,1,0,0,0,0,1,1,0
C0116,15,000,00000,MIZORAM,060000,60 KISAN ,1,0,1,0,0,0,1,0,1
C0116,15,000,00000,MIZORAM,060002, Kisan,1,0,1,0,0,0,1,0,1
C0116,15,000,00000,MIZORAM,061000,61 KOCH ,3,2,1,1,1,0,2,1,1
C0116,15,000,00000,MIZORAM,061002, Koch,3,2,1,1,1,0,2,1,1
C0116,15,000,00000,MIZORAM,064000,64 KOM,1,0,1,0,0,0,1,0,1
C0116,15,000,00000,MIZORAM,064001, Kom,1,0,1,0,0,0,1,0,1
C0116,15,000,00000,MIZORAM,066000,66 KONYAK ,7,7,0,2,2,0,5,5,0
C0116,15,000,00000,MIZORAM,066001, Konyak,7,7,0,2,2,0,5,5,0
C0116,15,000,00000,MIZORAM,071000,71 KUKI,295,162,133,108,52,56,187,110,77
C0116,15,000,00000,MIZORAM,071008, Kuki,295,162,133,108,52,56,187,110,77
C0116,15,000,00000,MIZORAM,072000,72 KURUKH/ORAON ,42,20,22,4,4,0,38,16,22
C0116,15,000,00000,MIZORAM,072024, Kurukh/Oraon,42,20,22,4,4,0,38,16,22
C0116,15,000,00000,MIZORAM,073000,73 LADAKHI ,4,4,0,1,1,0,3,3,0
C0116,15,000,00000,MIZORAM,073003, Ladakhi,4,4,0,1,1,0,3,3,0
C0116,15,000,00000,MIZORAM,074000,74 LAHAULI ,1,1,0,1,1,0,0,0,0
C0116,15,000,00000,MIZORAM,074999,74 Others ,1,1,0,1,1,0,0,0,0
C0116,15,000,00000,MIZORAM,076000,76 LAKHER,41876,20915,20961,27826,13902,13924,14050,7013,7037
C0116,15,000,00000,MIZORAM,076002, Mara,38177,19109,19068,25722,12894,12828,12455,6215,6240
C0116,15,000,00000,MIZORAM,076999,76 Others ,3699,1806,1893,2104,1008,1096,1595,798,797
C0116,15,000,00000,MIZORAM,078000,78 LEPCHA ,3,3,0,0,0,0,3,3,0
C0116,15,000,00000,MIZORAM,078001, Lepcha,3,3,0,0,0,0,3,3,0
C0116,15,000,00000,MIZORAM,079000,79 LIANGMEI ,1,1,0,1,1,0,0,0,0
C0116,15,000,00000,MIZORAM,079002, Liangmei,1,1,0,1,1,0,0,0,0
C0116,15,000,00000,MIZORAM,080000,80 LIMBU ,1,1,0,0,0,0,1,1,0
C0116,15,000,00000,MIZORAM,080002, Limbu,1,1,0,0,0,0,1,1,0
C0116,15,000,00000,MIZORAM,081000,81 LOTHA ,9,8,1,2,2,0,7,6,1
C0116,15,000,00000,MIZORAM,081001, Lotha,9,8,1,2,2,0,7,6,1
C0116,15,000,00000,MIZORAM,082000,82 LUSHAI/MIZO ,802763,397516,405247,303332,153787,149545,499431,243729,255702
C0116,15,000,00000,MIZORAM,082005, Lushai/Mizo,797839,395061,402778,298472,151371,147101,499367,243690,255677
C0116,15,000,00000,MIZORAM,082999,82 Others ,4924,2455,2469,4860,2416,2444,64,39,25
C0116,15,000,00000,MIZORAM,084000,84 MAO,13,9,4,2,1,1,11,8,3
C0116,15,000,00000,MIZORAM,084001, Mao,9,7,2,1,1,0,8,6,2
C0116,15,000,00000,MIZORAM,084003, Paola,3,2,1,0,0,0,3,2,1
C0116,15,000,00000,MIZORAM,084999,84 Others ,1,0,1,1,0,1,0,0,0
C0116,15,000,00000,MIZORAM,085000,85 MARAM,2,2,0,0,0,0,2,2,0
C0116,15,000,00000,MIZORAM,085001, Maram ,2,2,0,0,0,0,2,2,0
C0116,15,000,00000,MIZORAM,086000,86 MARING ,2,2,0,0,0,0,2,2,0
C0116,15,000,00000,MIZORAM,086001, Maring,2,2,0,0,0,0,2,2,0
C0116,15,000,00000,MIZORAM,087000,87 MIRI/MISHING,18,14,4,9,8,1,9,6,3
C0116,15,000,00000,MIZORAM,087003, Miri/Mishing,18,14,4,9,8,1,9,6,3
C0116,15,000,00000,MIZORAM,088000,88 MISHMI ,4,2,2,2,0,2,2,2,0
C0116,15,000,00000,MIZORAM,088007, Mishmi,1,1,0,0,0,0,1,1,0
C0116,15,000,00000,MIZORAM,088999,88 Others ,3,1,2,2,0,2,1,1,0
C0116,15,000,00000,MIZORAM,089000,89 MOGH ,330,161,169,214,113,101,116,48,68
C0116,15,000,00000,MIZORAM,089004, Mogh,330,161,169,214,113,101,116,48,68
C0116,15,000,00000,MIZORAM,090000,90 MONPA ,4,2,2,0,0,0,4,2,2
C0116,15,000,00000,MIZORAM,090003, Monpa,4,2,2,0,0,0,4,2,2
C0116,15,000,00000,MIZORAM,091000,91 MUNDA,26,19,7,12,9,3,14,10,4
C0116,15,000,00000,MIZORAM,091009, Munda,26,19,7,12,9,3,14,10,4
C0116,15,000,00000,MIZORAM,092000,92 MUNDARI ,7,5,2,4,4,0,3,1,2
C0116,15,000,00000,MIZORAM,092005, Mundari,7,5,2,4,4,0,3,1,2
C0116,15,000,00000,MIZORAM,094000,94 NISSI/DAFLA ,22,9,13,1,1,0,21,8,13
C0116,15,000,00000,MIZORAM,094001, Apatani,18,7,11,0,0,0,18,7,11
C0116,15,000,00000,MIZORAM,094007, Nissi/Dafla,4,2,2,1,1,0,3,1,2
C0116,15,000,00000,MIZORAM,095000,95 NOCTE ,4,4,0,0,0,0,4,4,0
C0116,15,000,00000,MIZORAM,095003, Nocte,4,4,0,0,0,0,4,4,0
C0116,15,000,00000,MIZORAM,096000,96 PAITE,22214,11183,11031,17637,8865,8772,4577,2318,2259
C0116,15,000,00000,MIZORAM,096002, Paite,22190,11171,11019,17625,8860,8765,4565,2311,2254
C0116,15,000,00000,MIZORAM,096999,96 Others ,24,12,12,12,5,7,12,7,5
C0116,15,000,00000,MIZORAM,098000,98 PAWI ,28624,14282,14342,19123,9615,9508,9501,4667,4834
C0116,15,000,00000,MIZORAM,098001, Pawi,28624,14282,14342,19123,9615,9508,9501,4667,4834
C0116,15,000,00000,MIZORAM,102000,102 RABHA ,8,4,4,1,1,0,7,3,4
C0116,15,000,00000,MIZORAM,102002, Rabha,8,4,4,1,1,0,7,3,4
C0116,15,000,00000,MIZORAM,103000,103 RAI ,23,11,12,3,1,2,20,10,10
C0116,15,000,00000,MIZORAM,103003, Rai,23,11,12,3,1,2,20,10,10
C0116,15,000,00000,MIZORAM,104000,104 RENGMA ,7,3,4,0,0,0,7,3,4
C0116,15,000,00000,MIZORAM,104001, Rengma,7,3,4,0,0,0,7,3,4
C0116,15,000,00000,MIZORAM,105000,105 SANGTAM ,1,1,0,0,0,0,1,1,0
C0116,15,000,00000,MIZORAM,105004, Sangtam,1,1,0,0,0,0,1,1,0
C0116,15,000,00000,MIZORAM,106000,106 SAVARA,1,1,0,0,0,0,1,1,0
C0116,15,000,00000,MIZORAM,106004, Savara,1,1,0,0,0,0,1,1,0
C0116,15,000,00000,MIZORAM,107000,107 SEMA,5,5,0,0,0,0,5,5,0
C0116,15,000,00000,MIZORAM,107002, Sema,5,5,0,0,0,0,5,5,0
C0116,15,000,00000,MIZORAM,111000,111 TAMANG ,17,9,8,3,1,2,14,8,6
C0116,15,000,00000,MIZORAM,111001, Tamang,17,9,8,3,1,2,14,8,6
C0116,15,000,00000,MIZORAM,112000,112 TANGKHUL ,20,11,9,2,2,0,18,9,9
C0116,15,000,00000,MIZORAM,112008, Tangkhul,20,11,9,2,2,0,18,9,9
C0116,15,000,00000,MIZORAM,113000,113 TANGSA,5,3,2,2,1,1,3,2,1
C0116,15,000,00000,MIZORAM,113999,113 Others,5,3,2,2,1,1,3,2,1
C0116,15,000,00000,MIZORAM,114000,114 THADO ,476,245,231,213,112,101,263,133,130
C0116,15,000,00000,MIZORAM,114015, Thado,458,235,223,201,106,95,257,129,128
C0116,15,000,00000,MIZORAM,114999,114 Others,18,10,8,12,6,6,6,4,2
C0116,15,000,00000,MIZORAM,115000,115 TIBETAN ,1,1,0,0,0,0,1,1,0
C0116,15,000,00000,MIZORAM,115999,115 Others,1,1,0,0,0,0,1,1,0
C0116,15,000,00000,MIZORAM,116000,116 TRIPURI ,32634,16813,15821,31459,16190,15269,1175,623,552
C0116,15,000,00000,MIZORAM,116007, Kokbarak,15712,8150,7562,14854,7698,7156,858,452,406
C0116,15,000,00000,MIZORAM,116011, Reang,16437,8402,8035,16182,8278,7904,255,124,131
C0116,15,000,00000,MIZORAM,116014, Tripuri,478,255,223,422,214,208,56,41,15
C0116,15,000,00000,MIZORAM,116999,116 Others ,7,6,1,1,0,1,6,6,0
C0116,15,000,00000,MIZORAM,117000,117 TULU ,6,5,1,6,5,1,0,0,0
C0116,15,000,00000,MIZORAM,117999,117 Others ,6,5,1,6,5,1,0,0,0
C0116,15,000,00000,MIZORAM,118000,118 VAIPHEI ,339,182,157,172,96,76,167,86,81
C0116,15,000,00000,MIZORAM,118002, Vaiphei,339,182,157,172,96,76,167,86,81
C0116,15,000,00000,MIZORAM,119000,119 WANCHO,57,24,33,8,2,6,49,22,27
C0116,15,000,00000,MIZORAM,119001, Wancho,57,24,33,8,2,6,49,22,27
C0116,15,000,00000,MIZORAM,121000,121 ZELIANG ,9,8,1,1,1,0,8,7,1
C0116,15,000,00000,MIZORAM,121001, Zeliang,9,8,1,1,1,0,8,7,1
C0116,15,000,00000,MIZORAM,122000,122 ZEMI ,26,15,11,11,6,5,15,9,6
C0116,15,000,00000,MIZORAM,122003, Zemi,26,15,11,11,6,5,15,9,6
C0116,15,000,00000,MIZORAM,123000,123 ZOU ,128,69,59,118,64,54,10,5,5
C0116,15,000,00000,MIZORAM,123001, Zou,128,69,59,118,64,54,10,5,5
C0116,15,000,00000,MIZORAM,124000,124 OTHERS,10919,5494,5425,7920,4059,3861,2999,1435,1564
C0116,16,000,00000,TRIPURA,001000,1 ASSAMESE,2129,1680,449,1041,853,188,1088,827,261
C0116,16,000,00000,TRIPURA,001002, Assamese,1888,1472,416,874,715,159,1014,757,257
C0116,16,000,00000,TRIPURA,001999,1 Others,241,208,33,167,138,29,74,70,4
C0116,16,000,00000,TRIPURA,002000,2 BENGALI ,2414774,1227492,1187282,1532133,783687,748446,882641,443805,438836
C0116,16,000,00000,TRIPURA,002007, Bengali,2330452,1184595,1145857,1453530,743659,709871,876922,440936,435986
C0116,16,000,00000,TRIPURA,002011, Chakma,84269,42864,41405,78551,39996,38555,5718,2868,2850
C0116,16,000,00000,TRIPURA,002015, Haijong/Hajong,8,5,3,8,5,3,0,0,0
C0116,16,000,00000,TRIPURA,002044, Rajbangsi,25,16,9,24,15,9,1,1,0
C0116,16,000,00000,TRIPURA,002999,2 Others,20,12,8,20,12,8,0,0,0
C0116,16,000,00000,TRIPURA,003000,3 BODO ,511,290,221,408,226,182,103,64,39
C0116,16,000,00000,TRIPURA,003001, Bodo/Boro,500,283,217,402,222,180,98,61,37
C0116,16,000,00000,TRIPURA,003003, Kachari,9,5,4,4,2,2,5,3,2
C0116,16,000,00000,TRIPURA,003004, Mech/Mechhia,2,2,0,2,2,0,0,0,0
C0116,16,000,00000,TRIPURA,004000,4 DOGRI ,534,488,46,315,297,18,219,191,28
C0116,16,000,00000,TRIPURA,004001, Dogri,533,487,46,314,296,18,219,191,28
C0116,16,000,00000,TRIPURA,004999,4 Others,1,1,0,1,1,0,0,0,0
C0116,16,000,00000,TRIPURA,005000,5 GUJARATI,1384,889,495,1201,741,460,183,148,35
C0116,16,000,00000,TRIPURA,005018, Gujarati,403,371,32,259,248,11,144,123,21
C0116,16,000,00000,TRIPURA,005999,5 Others,981,518,463,942,493,449,39,25,14
C0116,16,000,00000,TRIPURA,006000,6 HINDI ,77701,47597,30104,56503,34331,22172,21198,13266,7932
C0116,16,000,00000,TRIPURA,006030, Awadhi,1,1,0,0,0,0,1,1,0
C0116,16,000,00000,TRIPURA,006040, Baghati/Baghati Pahari,5,4,1,5,4,1,0,0,0
C0116,16,000,00000,TRIPURA,006066, Banjari,5,2,3,2,2,0,3,0,3
C0116,16,000,00000,TRIPURA,006086, Bhadrawahi,1,0,1,1,0,1,0,0,0
C0116,16,000,00000,TRIPURA,006096, Bharmauri/Gaddi,2,2,0,2,2,0,0,0,0
C0116,16,000,00000,TRIPURA,006102, Bhojpuri,13278,7185,6093,9171,4881,4290,4107,2304,1803
C0116,16,000,00000,TRIPURA,006123, Brajbhasha,11,11,0,3,3,0,8,8,0
C0116,16,000,00000,TRIPURA,006125, Bundeli/Bundel khandi,7,7,0,1,1,0,6,6,0
C0116,16,000,00000,TRIPURA,006142, Chhattisgarhi,164,101,63,143,85,58,21,16,5
C0116,16,000,00000,TRIPURA,006173, Dhundhari,2,1,1,1,1,0,1,0,1
C0116,16,000,00000,TRIPURA,006195, Garhwali,272,202,70,153,124,29,119,78,41
C0116,16,000,00000,TRIPURA,006207, Gojri/Gujjari/Gujar,7,5,2,7,5,2,0,0,0
C0116,16,000,00000,TRIPURA,006235, Haryanvi,632,398,234,465,274,191,167,124,43
C0116,16,000,00000,TRIPURA,006240, Hindi,56696,35864,20832,41075,25864,15211,15621,10000,5621
C0116,16,000,00000,TRIPURA,006265, Jaunpuri/Jaunsari,1,1,0,0,0,0,1,1,0
C0116,16,000,00000,TRIPURA,006320, Khortha/Khotta,30,16,14,29,15,14,1,1,0
C0116,16,000,00000,TRIPURA,006340, Kumauni,206,183,23,133,113,20,73,70,3
C0116,16,000,00000,TRIPURA,006345, Kurmali Thar,12,12,0,12,12,0,0,0,0
C0116,16,000,00000,TRIPURA,006353, Lamani/Lambadi,4,3,1,1,1,0,3,2,1
C0116,16,000,00000,TRIPURA,006376, Magadhi/Magahi,34,27,7,15,15,0,19,12,7
C0116,16,000,00000,TRIPURA,006391, Malvi,10,5,5,10,5,5,0,0,0
C0116,16,000,00000,TRIPURA,006400, Marwari,165,102,63,62,41,21,103,61,42
C0116,16,000,00000,TRIPURA,006420, Nagpuria,161,86,75,160,85,75,1,1,0
C0116,16,000,00000,TRIPURA,006439, Pahari,45,36,9,26,22,4,19,14,5
C0116,16,000,00000,TRIPURA,006489, Rajasthani,253,202,51,105,101,4,148,101,47
C0116,16,000,00000,TRIPURA,006503, Sadan/Sadri,2305,1250,1055,2163,1176,987,142,74,68
C0116,16,000,00000,TRIPURA,006999,6 Others,3392,1891,1501,2758,1499,1259,634,392,242
C0116,16,000,00000,TRIPURA,007000,7 KANNADA,675,558,117,479,407,72,196,151,45
C0116,16,000,00000,TRIPURA,007016, Kannada,665,549,116,472,401,71,193,148,45
C0116,16,000,00000,TRIPURA,007999,7 Others,10,9,1,7,6,1,3,3,0
C0116,16,000,00000,TRIPURA,008000,8 KASHMIRI ,161,154,7,135,130,5,26,24,2
C0116,16,000,00000,TRIPURA,008005, Kashmiri,161,154,7,135,130,5,26,24,2
C0116,16,000,00000,TRIPURA,009000,9 KONKANI,44,22,22,40,18,22,4,4,0
C0116,16,000,00000,TRIPURA,009011, Konkani,14,8,6,10,4,6,4,4,0
C0116,16,000,00000,TRIPURA,009020, Nawait,23,10,13,23,10,13,0,0,0
C0116,16,000,00000,TRIPURA,009999,9 Others,7,4,3,7,4,3,0,0,0
C0116,16,000,00000,TRIPURA,010000,10 MAITHILI ,294,184,110,180,101,79,114,83,31
C0116,16,000,00000,TRIPURA,010008, Maithili,114,75,39,31,23,8,83,52,31
C0116,16,000,00000,TRIPURA,010013, Thati,180,109,71,149,78,71,31,31,0
C0116,16,000,00000,TRIPURA,011000,11 MALAYALAM,1173,975,198,600,539,61,573,436,137
C0116,16,000,00000,TRIPURA,011016, Malayalam,1171,973,198,599,538,61,572,435,137
C0116,16,000,00000,TRIPURA,011999,11 Others,2,2,0,1,1,0,1,1,0
C0116,16,000,00000,TRIPURA,012000,12 MANIPURI ,23779,12111,11668,16894,8599,8295,6885,3512,3373
C0116,16,000,00000,TRIPURA,012003, Manipuri,23779,12111,11668,16894,8599,8295,6885,3512,3373
C0116,16,000,00000,TRIPURA,013000,13 MARATHI ,1412,1098,314,862,716,146,550,382,168
C0116,16,000,00000,TRIPURA,013060, Koli,1,1,0,1,1,0,0,0,0
C0116,16,000,00000,TRIPURA,013071, Marathi,1396,1088,308,846,706,140,550,382,168
C0116,16,000,00000,TRIPURA,013999,13 Others,15,9,6,15,9,6,0,0,0
C0116,16,000,00000,TRIPURA,014000,14 NEPALI ,2787,1659,1128,961,631,330,1826,1028,798
C0116,16,000,00000,TRIPURA,014011, Nepali,2784,1657,1127,961,631,330,1823,1026,797
C0116,16,000,00000,TRIPURA,014999,14 Others,3,2,1,0,0,0,3,2,1
C0116,16,000,00000,TRIPURA,015000,15 ODIA ,25967,13448,12519,23911,12323,11588,2056,1125,931
C0116,16,000,00000,TRIPURA,015007, Bhuiya/Bhuyan[Ori],3,0,3,3,0,3,0,0,0
C0116,16,000,00000,TRIPURA,015043, Odia,25941,13436,12505,23885,12311,11574,2056,1125,931
C0116,16,000,00000,TRIPURA,015058, Sambalpuri,5,2,3,5,2,3,0,0,0
C0116,16,000,00000,TRIPURA,015999,15 Others,18,10,8,18,10,8,0,0,0
C0116,16,000,00000,TRIPURA,016000,16 PUNJABI ,997,892,105,636,597,39,361,295,66
C0116,16,000,00000,TRIPURA,016038, Punjabi,996,892,104,635,597,38,361,295,66
C0116,16,000,00000,TRIPURA,016999,16 Others,1,0,1,1,0,1,0,0,0
C0116,16,000,00000,TRIPURA,017000,17 SANSKRIT ,12,7,5,11,6,5,1,1,0
C0116,16,000,00000,TRIPURA,017002, Sanskrit,12,7,5,11,6,5,1,1,0
C0116,16,000,00000,TRIPURA,018000,18 SANTALI ,3975,2042,1933,3864,1979,1885,111,63,48
C0116,16,000,00000,TRIPURA,018010, Karmali,14,9,5,10,6,4,4,3,1
C0116,16,000,00000,TRIPURA,018040, Santali,3834,1965,1869,3732,1908,1824,102,57,45
C0116,16,000,00000,TRIPURA,018999,18 Others,127,68,59,122,65,57,5,3,2
C0116,16,000,00000,TRIPURA,019000,19 SINDHI,30,15,15,26,12,14,4,3,1
C0116,16,000,00000,TRIPURA,019008, Kachchhi,26,12,14,26,12,14,0,0,0
C0116,16,000,00000,TRIPURA,019014, Sindhi,4,3,1,0,0,0,4,3,1
C0116,16,000,00000,TRIPURA,020000,20 TAMIL ,929,804,125,569,521,48,360,283,77
C0116,16,000,00000,TRIPURA,020027, Tamil,929,804,125,569,521,48,360,283,77
C0116,16,000,00000,TRIPURA,021000,21 TELUGU ,3845,2268,1577,3398,1972,1426,447,296,151
C0116,16,000,00000,TRIPURA,021046, Telugu,3838,2264,1574,3396,1970,1426,442,294,148
C0116,16,000,00000,TRIPURA,021999,21 Others,7,4,3,2,2,0,5,2,3
C0116,16,000,00000,TRIPURA,022000,22 URDU,526,354,172,427,282,145,99,72,27
C0116,16,000,00000,TRIPURA,022015, Urdu,494,332,162,400,264,136,94,68,26
C0116,16,000,00000,TRIPURA,022999,22 Others,32,22,10,27,18,9,5,4,1
C0116,16,000,00000,TRIPURA,023000,23 ADI ,17,11,6,10,6,4,7,5,2
C0116,16,000,00000,TRIPURA,023003, Adi,3,3,0,0,0,0,3,3,0
C0116,16,000,00000,TRIPURA,023010, Adi Miniyong/Miniyong,2,0,2,0,0,0,2,0,2
C0116,16,000,00000,TRIPURA,023040, Talgalo,11,7,4,9,5,4,2,2,0
C0116,16,000,00000,TRIPURA,023999,23 Others,1,1,0,1,1,0,0,0,0
C0116,16,000,00000,TRIPURA,024000,24 AFGHANI/KABULI/PASHTO ,2,2,0,1,1,0,1,1,0
C0116,16,000,00000,TRIPURA,024001, Afghani/Kabuli/Pashto,2,2,0,1,1,0,1,1,0
C0116,16,000,00000,TRIPURA,025000,25 ANAL ,2,0,2,0,0,0,2,0,2
C0116,16,000,00000,TRIPURA,025001, Anal,2,0,2,0,0,0,2,0,2
C0116,16,000,00000,TRIPURA,026000,26 ANGAMI ,3,3,0,1,1,0,2,2,0
C0116,16,000,00000,TRIPURA,026002, Angami,3,3,0,1,1,0,2,2,0
C0116,16,000,00000,TRIPURA,027000,27 AO ,19316,9689,9627,19235,9644,9591,81,45,36
C0116,16,000,00000,TRIPURA,027001, Ao,12,9,3,8,5,3,4,4,0
C0116,16,000,00000,TRIPURA,027003, Chungli,17,7,10,17,7,10,0,0,0
C0116,16,000,00000,TRIPURA,027005, Mongsen,19278,9670,9608,19210,9632,9578,68,38,30
C0116,16,000,00000,TRIPURA,027999,27 Others,9,3,6,0,0,0,9,3,6
C0116,16,000,00000,TRIPURA,028000,28 ARABIC/ARBI ,347,176,171,175,89,86,172,87,85
C0116,16,000,00000,TRIPURA,028001, Arabic/Arbi,347,176,171,175,89,86,172,87,85
C0116,16,000,00000,TRIPURA,030000,30 BHILI/BHILODI ,397,202,195,388,197,191,9,5,4
C0116,16,000,00000,TRIPURA,030002, Baori,56,24,32,52,22,30,4,2,2
C0116,16,000,00000,TRIPURA,030007, Bhili/Bhilodi,339,176,163,335,174,161,4,2,2
C0116,16,000,00000,TRIPURA,030075, Varli,1,1,0,1,1,0,0,0,0
C0116,16,000,00000,TRIPURA,030999,30 Others,1,1,0,0,0,0,1,1,0
C0116,16,000,00000,TRIPURA,031000,31 BHOTIA ,3,3,0,0,0,0,3,3,0
C0116,16,000,00000,TRIPURA,031001, Bhotia,3,3,0,0,0,0,3,3,0
C0116,16,000,00000,TRIPURA,032000,32 BHUMIJ ,312,168,144,312,168,144,0,0,0
C0116,16,000,00000,TRIPURA,032002, Bhumij,151,76,75,151,76,75,0,0,0
C0116,16,000,00000,TRIPURA,032999,32 Others,161,92,69,161,92,69,0,0,0
C0116,16,000,00000,TRIPURA,033000,33 BISHNUPURIYA,22112,10983,11129,20400,10144,10256,1712,839,873
C0116,16,000,00000,TRIPURA,033003, Bishnupriya Manipuri/Manipuri Bishnupriya,21716,10787,10929,20060,9980,10080,1656,807,849
C0116,16,000,00000,TRIPURA,033999,33 Others,396,196,200,340,164,176,56,32,24
C0116,16,000,00000,TRIPURA,035000,35 CHAKRU/CHOKRI ,29,15,14,29,15,14,0,0,0
C0116,16,000,00000,TRIPURA,035001, Chakru/Chokri,29,15,14,29,15,14,0,0,0
C0116,16,000,00000,TRIPURA,038000,38 DEORI ,2,2,0,1,1,0,1,1,0
C0116,16,000,00000,TRIPURA,038001, Deori,2,2,0,1,1,0,1,1,0
C0116,16,000,00000,TRIPURA,039000,39 DIMASA ,16,8,8,5,3,2,11,5,6
C0116,16,000,00000,TRIPURA,039002, Dimasa,15,7,8,4,2,2,11,5,6
C0116,16,000,00000,TRIPURA,039999,39 Others,1,1,0,1,1,0,0,0,0
C0116,16,000,00000,TRIPURA,040000,40 ENGLISH ,54,28,26,27,16,11,27,12,15
C0116,16,000,00000,TRIPURA,040001, English,54,28,26,27,16,11,27,12,15
C0116,16,000,00000,TRIPURA,042000,42 GANGTE ,18,12,6,18,12,6,0,0,0
C0116,16,000,00000,TRIPURA,042001, Gangte,18,12,6,18,12,6,0,0,0
C0116,16,000,00000,TRIPURA,043000,43 GARO ,21019,10495,10524,19816,9913,9903,1203,582,621
C0116,16,000,00000,TRIPURA,043005, Garo,12701,6311,6390,11850,5905,5945,851,406,445
C0116,16,000,00000,TRIPURA,043999,43 Others,8318,4184,4134,7966,4008,3958,352,176,176
C0116,16,000,00000,TRIPURA,044000,44 GONDI,634,329,305,620,322,298,14,7,7
C0116,16,000,00000,TRIPURA,044999,44 Others,634,329,305,620,322,298,14,7,7
C0116,16,000,00000,TRIPURA,045000,45 HALABI,9,7,2,5,4,1,4,3,1
C0116,16,000,00000,TRIPURA,045001, Halabi,9,7,2,5,4,1,4,3,1
C0116,16,000,00000,TRIPURA,046000,46 HALAM ,23089,11652,11437,21778,10999,10779,1311,653,658
C0116,16,000,00000,TRIPURA,046003, Halam,16379,8291,8088,15119,7663,7456,1260,628,632
C0116,16,000,00000,TRIPURA,046999,46 Others,6710,3361,3349,6659,3336,3323,51,25,26
C0116,16,000,00000,TRIPURA,047000,47 HMAR,171,92,79,167,90,77,4,2,2
C0116,16,000,00000,TRIPURA,047001, Hmar,171,92,79,167,90,77,4,2,2
C0116,16,000,00000,TRIPURA,048000,48 HO,12,6,6,8,4,4,4,2,2
C0116,16,000,00000,TRIPURA,048004, Ho,6,4,2,2,2,0,4,2,2
C0116,16,000,00000,TRIPURA,048007, Lohara,6,2,4,6,2,4,0,0,0
C0116,16,000,00000,TRIPURA,051000,51 KABUI ,10,2,8,2,0,2,8,2,6
C0116,16,000,00000,TRIPURA,051003, Kabui,8,1,7,2,0,2,6,1,5
C0116,16,000,00000,TRIPURA,051005, Rongmei,2,1,1,0,0,0,2,1,1
C0116,16,000,00000,TRIPURA,052000,52 KARBI/MIKIR ,12,6,6,10,6,4,2,0,2
C0116,16,000,00000,TRIPURA,052002, Karbi/Mikir,12,6,6,10,6,4,2,0,2
C0116,16,000,00000,TRIPURA,053000,53 KHANDESHI,3,3,0,3,3,0,0,0,0
C0116,16,000,00000,TRIPURA,053005, Gujari,3,3,0,3,3,0,0,0,0
C0116,16,000,00000,TRIPURA,054000,54 KHARIA ,265,141,124,263,139,124,2,2,0
C0116,16,000,00000,TRIPURA,054005, Kharia,265,141,124,263,139,124,2,2,0
C0116,16,000,00000,TRIPURA,055000,55 KHASI ,1257,630,627,1232,617,615,25,13,12
C0116,16,000,00000,TRIPURA,055007, Khasi,1137,575,562,1112,562,550,25,13,12
C0116,16,000,00000,TRIPURA,055015, War,6,0,6,6,0,6,0,0,0
C0116,16,000,00000,TRIPURA,055999,55 Others ,114,55,59,114,55,59,0,0,0
C0116,16,000,00000,TRIPURA,056000,56 KHEZHA ,5,2,3,0,0,0,5,2,3
C0116,16,000,00000,TRIPURA,056003, Khezha,5,2,3,0,0,0,5,2,3
C0116,16,000,00000,TRIPURA,057000,57 KHIEMNUNGAN,2,2,0,2,2,0,0,0,0
C0116,16,000,00000,TRIPURA,057001, Khiemnungan,2,2,0,2,2,0,0,0,0
C0116,16,000,00000,TRIPURA,058000,58 KHOND/KONDH ,3,1,2,3,1,2,0,0,0
C0116,16,000,00000,TRIPURA,058001, Khond/Kondh,3,1,2,3,1,2,0,0,0
C0116,16,000,00000,TRIPURA,059000,59 KINNAURI ,1,1,0,0,0,0,1,1,0
C0116,16,000,00000,TRIPURA,059003, Kinnauri,1,1,0,0,0,0,1,1,0
C0116,16,000,00000,TRIPURA,061000,61 KOCH ,67,35,32,66,34,32,1,1,0
C0116,16,000,00000,TRIPURA,061002, Koch,67,35,32,66,34,32,1,1,0
C0116,16,000,00000,TRIPURA,062000,62 KODA/KORA ,64,29,35,64,29,35,0,0,0
C0116,16,000,00000,TRIPURA,062003, Koda/Kora,9,3,6,9,3,6,0,0,0
C0116,16,000,00000,TRIPURA,062999,62 Others ,55,26,29,55,26,29,0,0,0
C0116,16,000,00000,TRIPURA,064000,64 KOM,1,1,0,0,0,0,1,1,0
C0116,16,000,00000,TRIPURA,064001, Kom,1,1,0,0,0,0,1,1,0
C0116,16,000,00000,TRIPURA,065000,65 KONDA,6,5,1,6,5,1,0,0,0
C0116,16,000,00000,TRIPURA,065003, Konda,6,5,1,6,5,1,0,0,0
C0116,16,000,00000,TRIPURA,066000,66 KONYAK ,2,2,0,1,1,0,1,1,0
C0116,16,000,00000,TRIPURA,066001, Konyak,2,2,0,1,1,0,1,1,0
C0116,16,000,00000,TRIPURA,068000,68 KORWA ,6,3,3,3,2,1,3,1,2
C0116,16,000,00000,TRIPURA,068999,68 Others ,6,3,3,3,2,1,3,1,2
C0116,16,000,00000,TRIPURA,071000,71 KUKI,1693,864,829,1598,806,792,95,58,37
C0116,16,000,00000,TRIPURA,071008, Kuki,1691,863,828,1598,806,792,93,57,36
C0116,16,000,00000,TRIPURA,071999,71 Others ,2,1,1,0,0,0,2,1,1
C0116,16,000,00000,TRIPURA,072000,72 KURUKH/ORAON ,7145,3798,3347,6785,3571,3214,360,227,133
C0116,16,000,00000,TRIPURA,072024, Kurukh/Oraon,7145,3798,3347,6785,3571,3214,360,227,133
C0116,16,000,00000,TRIPURA,073000,73 LADAKHI ,1,1,0,0,0,0,1,1,0
C0116,16,000,00000,TRIPURA,073003, Ladakhi,1,1,0,0,0,0,1,1,0
C0116,16,000,00000,TRIPURA,075000,75 LAHNDA ,6,5,1,6,5,1,0,0,0
C0116,16,000,00000,TRIPURA,075999,75 Others ,6,5,1,6,5,1,0,0,0
C0116,16,000,00000,TRIPURA,076000,76 LAKHER,8,4,4,4,2,2,4,2,2
C0116,16,000,00000,TRIPURA,076002, Mara,8,4,4,4,2,2,4,2,2
C0116,16,000,00000,TRIPURA,077000,77 LALUNG ,4,2,2,4,2,2,0,0,0
C0116,16,000,00000,TRIPURA,077001, Lalung,4,2,2,4,2,2,0,0,0
C0116,16,000,00000,TRIPURA,078000,78 LEPCHA ,1,1,0,1,1,0,0,0,0
C0116,16,000,00000,TRIPURA,078001, Lepcha,1,1,0,1,1,0,0,0,0
C0116,16,000,00000,TRIPURA,079000,79 LIANGMEI ,11,7,4,10,7,3,1,0,1
C0116,16,000,00000,TRIPURA,079002, Liangmei,11,7,4,10,7,3,1,0,1
C0116,16,000,00000,TRIPURA,080000,80 LIMBU ,2,2,0,1,1,0,1,1,0
C0116,16,000,00000,TRIPURA,080002, Limbu,1,1,0,1,1,0,0,0,0
C0116,16,000,00000,TRIPURA,080999,80 Others ,1,1,0,0,0,0,1,1,0
C0116,16,000,00000,TRIPURA,081000,81 LOTHA ,4,3,1,1,1,0,3,2,1
C0116,16,000,00000,TRIPURA,081001, Lotha,4,3,1,1,1,0,3,2,1
C0116,16,000,00000,TRIPURA,082000,82 LUSHAI/MIZO ,5639,2815,2824,5389,2689,2700,250,126,124
C0116,16,000,00000,TRIPURA,082005, Lushai/Mizo,5639,2815,2824,5389,2689,2700,250,126,124
C0116,16,000,00000,TRIPURA,083000,83 MALTO ,105,58,47,105,58,47,0,0,0
C0116,16,000,00000,TRIPURA,083999,83 Others,105,58,47,105,58,47,0,0,0
C0116,16,000,00000,TRIPURA,084000,84 MAO,11,6,5,6,3,3,5,3,2
C0116,16,000,00000,TRIPURA,084001, Mao,11,6,5,6,3,3,5,3,2
C0116,16,000,00000,TRIPURA,086000,86 MARING ,1,1,0,1,1,0,0,0,0
C0116,16,000,00000,TRIPURA,086001, Maring,1,1,0,1,1,0,0,0,0
C0116,16,000,00000,TRIPURA,087000,87 MIRI/MISHING,6,4,2,5,3,2,1,1,0
C0116,16,000,00000,TRIPURA,087003, Miri/Mishing,6,4,2,5,3,2,1,1,0
C0116,16,000,00000,TRIPURA,088000,88 MISHMI ,14,10,4,14,10,4,0,0,0
C0116,16,000,00000,TRIPURA,088007, Mishmi,9,9,0,9,9,0,0,0,0
C0116,16,000,00000,TRIPURA,088999,88 Others ,5,1,4,5,1,4,0,0,0
C0116,16,000,00000,TRIPURA,089000,89 MOGH ,35722,17950,17772,34895,17524,17371,827,426,401
C0116,16,000,00000,TRIPURA,089004, Mogh,35722,17950,17772,34895,17524,17371,827,426,401
C0116,16,000,00000,TRIPURA,090000,90 MONPA ,1,1,0,0,0,0,1,1,0
C0116,16,000,00000,TRIPURA,090003, Monpa,1,1,0,0,0,0,1,1,0
C0116,16,000,00000,TRIPURA,091000,91 MUNDA,9644,4845,4799,9570,4801,4769,74,44,30
C0116,16,000,00000,TRIPURA,091006, Kol,198,91,107,194,89,105,4,2,2
C0116,16,000,00000,TRIPURA,091009, Munda,9414,4735,4679,9344,4693,4651,70,42,28
C0116,16,000,00000,TRIPURA,091999,91 Others ,32,19,13,32,19,13,0,0,0
C0116,16,000,00000,TRIPURA,092000,92 MUNDARI ,185,107,78,174,100,74,11,7,4
C0116,16,000,00000,TRIPURA,092005, Mundari,185,107,78,174,100,74,11,7,4
C0116,16,000,00000,TRIPURA,093000,93 NICOBARESE ,1,1,0,1,1,0,0,0,0
C0116,16,000,00000,TRIPURA,093001, Nicobarese,1,1,0,1,1,0,0,0,0
C0116,16,000,00000,TRIPURA,094000,94 NISSI/DAFLA ,14,10,4,8,7,1,6,3,3
C0116,16,000,00000,TRIPURA,094001, Apatani,8,5,3,3,3,0,5,2,3
C0116,16,000,00000,TRIPURA,094008, Tagin,6,5,1,5,4,1,1,1,0
C0116,16,000,00000,TRIPURA,095000,95 NOCTE ,3,3,0,0,0,0,3,3,0
C0116,16,000,00000,TRIPURA,095003, Nocte,3,3,0,0,0,0,3,3,0
C0116,16,000,00000,TRIPURA,096000,96 PAITE,30,14,16,21,10,11,9,4,5
C0116,16,000,00000,TRIPURA,096002, Paite,30,14,16,21,10,11,9,4,5
C0116,16,000,00000,TRIPURA,101000,101 POCHURY,1,1,0,1,1,0,0,0,0
C0116,16,000,00000,TRIPURA,101999,101 Others ,1,1,0,1,1,0,0,0,0
C0116,16,000,00000,TRIPURA,102000,102 RABHA ,43,23,20,43,23,20,0,0,0
C0116,16,000,00000,TRIPURA,102002, Rabha,42,23,19,42,23,19,0,0,0
C0116,16,000,00000,TRIPURA,102999,102 Others ,1,0,1,1,0,1,0,0,0
C0116,16,000,00000,TRIPURA,105000,105 SANGTAM ,2,2,0,1,1,0,1,1,0
C0116,16,000,00000,TRIPURA,105004, Sangtam,2,2,0,1,1,0,1,1,0
C0116,16,000,00000,TRIPURA,106000,106 SAVARA,4620,2373,2247,4272,2203,2069,348,170,178
C0116,16,000,00000,TRIPURA,106004, Savara,4572,2353,2219,4224,2183,2041,348,170,178
C0116,16,000,00000,TRIPURA,106999,106 Others ,48,20,28,48,20,28,0,0,0
C0116,16,000,00000,TRIPURA,107000,107 SEMA,3,2,1,2,2,0,1,0,1
C0116,16,000,00000,TRIPURA,107002, Sema,3,2,1,2,2,0,1,0,1
C0116,16,000,00000,TRIPURA,112000,112 TANGKHUL ,27,18,9,9,8,1,18,10,8
C0116,16,000,00000,TRIPURA,112008, Tangkhul,27,18,9,9,8,1,18,10,8
C0116,16,000,00000,TRIPURA,113000,113 TANGSA,4,2,2,0,0,0,4,2,2
C0116,16,000,00000,TRIPURA,113999,113 Others,4,2,2,0,0,0,4,2,2
C0116,16,000,00000,TRIPURA,114000,114 THADO ,9,6,3,5,3,2,4,3,1
C0116,16,000,00000,TRIPURA,114015, Thado,9,6,3,5,3,2,4,3,1
C0116,16,000,00000,TRIPURA,115000,115 TIBETAN ,2,2,0,1,1,0,1,1,0
C0116,16,000,00000,TRIPURA,115008, Tibetan,1,1,0,0,0,0,1,1,0
C0116,16,000,00000,TRIPURA,115011, Purkhi,1,1,0,1,1,0,0,0,0
C0116,16,000,00000,TRIPURA,116000,116 TRIPURI ,950875,479010,471865,915423,461408,454015,35452,17602,17850
C0116,16,000,00000,TRIPURA,116007, Kokbarak,887336,446907,440429,853150,429888,423262,34186,17019,17167
C0116,16,000,00000,TRIPURA,116011, Reang,33529,16914,16615,32604,16495,16109,925,419,506
C0116,16,000,00000,TRIPURA,116014, Tripuri,28406,14352,14054,28104,14208,13896,302,144,158
C0116,16,000,00000,TRIPURA,116999,116 Others ,1604,837,767,1565,817,748,39,20,19
C0116,16,000,00000,TRIPURA,117000,117 TULU ,6,4,2,3,1,2,3,3,0
C0116,16,000,00000,TRIPURA,117009, Tulu,1,1,0,0,0,0,1,1,0
C0116,16,000,00000,TRIPURA,117999,117 Others ,5,3,2,3,1,2,2,2,0
C0116,16,000,00000,TRIPURA,118000,118 VAIPHEI ,2,1,1,0,0,0,2,1,1
C0116,16,000,00000,TRIPURA,118002, Vaiphei,2,1,1,0,0,0,2,1,1
C0116,16,000,00000,TRIPURA,119000,119 WANCHO,3,2,1,0,0,0,3,2,1
C0116,16,000,00000,TRIPURA,119001, Wancho,3,2,1,0,0,0,3,2,1
C0116,16,000,00000,TRIPURA,120000,120 YIMCHUNGRE,8,5,3,8,5,3,0,0,0
C0116,16,000,00000,TRIPURA,120001, Chirr,8,5,3,8,5,3,0,0,0
C0116,16,000,00000,TRIPURA,121000,121 ZELIANG ,10,6,4,10,6,4,0,0,0
C0116,16,000,00000,TRIPURA,121001, Zeliang,10,6,4,10,6,4,0,0,0
C0116,16,000,00000,TRIPURA,123000,123 ZOU ,4,1,3,1,1,0,3,0,3
C0116,16,000,00000,TRIPURA,123001, Zou,4,1,3,1,1,0,3,0,3
C0116,16,000,00000,TRIPURA,124000,124 OTHERS,5140,2633,2507,4841,2471,2370,299,162,137
C0116,17,000,00000,MEGHALAYA,001000,1 ASSAMESE,39628,21288,18340,28208,14740,13468,11420,6548,4872
C0116,17,000,00000,MEGHALAYA,001002, Assamese,38261,20571,17690,27156,14238,12918,11105,6333,4772
C0116,17,000,00000,MEGHALAYA,001999,1 Others,1367,717,650,1052,502,550,315,215,100
C0116,17,000,00000,MEGHALAYA,002000,2 BENGALI ,232525,119597,112928,171655,87793,83862,60870,31804,29066
C0116,17,000,00000,MEGHALAYA,002007, Bengali,190882,98573,92309,134196,68893,65303,56686,29680,27006
C0116,17,000,00000,MEGHALAYA,002011, Chakma,159,91,68,20,12,8,139,79,60
C0116,17,000,00000,MEGHALAYA,002015, Haijong/Hajong,41414,20884,20530,37409,18868,18541,4005,2016,1989
C0116,17,000,00000,MEGHALAYA,002044, Rajbangsi,69,48,21,30,20,10,39,28,11
C0116,17,000,00000,MEGHALAYA,002999,2 Others,1,1,0,0,0,0,1,1,0
C0116,17,000,00000,MEGHALAYA,003000,3 BODO ,4879,2615,2264,2939,1562,1377,1940,1053,887
C0116,17,000,00000,MEGHALAYA,003001, Bodo/Boro,4715,2511,2204,2840,1501,1339,1875,1010,865
C0116,17,000,00000,MEGHALAYA,003003, Kachari,161,101,60,97,59,38,64,42,22
C0116,17,000,00000,MEGHALAYA,003004, Mech/Mechhia,3,3,0,2,2,0,1,1,0
C0116,17,000,00000,MEGHALAYA,004000,4 DOGRI ,426,311,115,218,175,43,208,136,72
C0116,17,000,00000,MEGHALAYA,004001, Dogri,426,311,115,218,175,43,208,136,72
C0116,17,000,00000,MEGHALAYA,005000,5 GUJARATI,343,243,100,132,103,29,211,140,71
C0116,17,000,00000,MEGHALAYA,005018, Gujarati,268,197,71,76,69,7,192,128,64
C0116,17,000,00000,MEGHALAYA,005019, Gujrao/Gujrau,2,2,0,2,2,0,0,0,0
C0116,17,000,00000,MEGHALAYA,005999,5 Others,73,44,29,54,32,22,19,12,7
C0116,17,000,00000,MEGHALAYA,006000,6 HINDI ,62905,38730,24175,18465,11602,6863,44440,27128,17312
C0116,17,000,00000,MEGHALAYA,006030, Awadhi,17,13,4,10,8,2,7,5,2
C0116,17,000,00000,MEGHALAYA,006042, Bagheli/Baghel Khandi,1,1,0,1,1,0,0,0,0
C0116,17,000,00000,MEGHALAYA,006086, Bhadrawahi,14,8,6,6,4,2,8,4,4
C0116,17,000,00000,MEGHALAYA,006096, Bharmauri/Gaddi,8,8,0,6,6,0,2,2,0
C0116,17,000,00000,MEGHALAYA,006102, Bhojpuri,9995,6042,3953,2007,1190,817,7988,4852,3136
C0116,17,000,00000,MEGHALAYA,006123, Brajbhasha,13,12,1,1,1,0,12,11,1
C0116,17,000,00000,MEGHALAYA,006125, Bundeli/Bundel khandi,17,13,4,7,6,1,10,7,3
C0116,17,000,00000,MEGHALAYA,006142, Chhattisgarhi,7,7,0,4,4,0,3,3,0
C0116,17,000,00000,MEGHALAYA,006173, Dhundhari,14,10,4,3,2,1,11,8,3
C0116,17,000,00000,MEGHALAYA,006195, Garhwali,527,344,183,166,111,55,361,233,128
C0116,17,000,00000,MEGHALAYA,006207, Gojri/Gujjari/Gujar,3,3,0,0,0,0,3,3,0
C0116,17,000,00000,MEGHALAYA,006235, Haryanvi,186,132,54,91,67,24,95,65,30
C0116,17,000,00000,MEGHALAYA,006240, Hindi,35215,22196,13019,12957,8287,4670,22258,13909,8349
C0116,17,000,00000,MEGHALAYA,006265, Jaunpuri/Jaunsari,2,2,0,1,1,0,1,1,0
C0116,17,000,00000,MEGHALAYA,006291, Kangri,1,1,0,0,0,0,1,1,0
C0116,17,000,00000,MEGHALAYA,006311, Khari Boli,2,1,1,2,1,1,0,0,0
C0116,17,000,00000,MEGHALAYA,006320, Khortha/Khotta,19,15,4,4,4,0,15,11,4
C0116,17,000,00000,MEGHALAYA,006340, Kumauni,496,281,215,330,197,133,166,84,82
C0116,17,000,00000,MEGHALAYA,006353, Lamani/Lambadi,6,4,2,0,0,0,6,4,2
C0116,17,000,00000,MEGHALAYA,006358, Lodhi,4,2,2,0,0,0,4,2,2
C0116,17,000,00000,MEGHALAYA,006376, Magadhi/Magahi,64,45,19,18,16,2,46,29,17
C0116,17,000,00000,MEGHALAYA,006394, Mandeali,6,6,0,6,6,0,0,0,0
C0116,17,000,00000,MEGHALAYA,006400, Marwari,2359,1303,1056,111,93,18,2248,1210,1038
C0116,17,000,00000,MEGHALAYA,006420, Nagpuria,27,16,11,14,8,6,13,8,5
C0116,17,000,00000,MEGHALAYA,006439, Pahari,62,42,20,21,17,4,41,25,16
C0116,17,000,00000,MEGHALAYA,006451, Panch Pargania,1,1,0,0,0,0,1,1,0
C0116,17,000,00000,MEGHALAYA,006489, Rajasthani,877,552,325,136,107,29,741,445,296
C0116,17,000,00000,MEGHALAYA,006503, Sadan/Sadri,93,52,41,19,12,7,74,40,34
C0116,17,000,00000,MEGHALAYA,006999,6 Others,12869,7618,5251,2544,1453,1091,10325,6165,4160
C0116,17,000,00000,MEGHALAYA,007000,7 KANNADA,454,346,108,114,96,18,340,250,90
C0116,17,000,00000,MEGHALAYA,007016, Kannada,440,338,102,113,95,18,327,243,84
C0116,17,000,00000,MEGHALAYA,007999,7 Others,14,8,6,1,1,0,13,7,6
C0116,17,000,00000,MEGHALAYA,008000,8 KASHMIRI ,79,74,5,53,50,3,26,24,2
C0116,17,000,00000,MEGHALAYA,008005, Kashmiri,75,71,4,50,48,2,25,23,2
C0116,17,000,00000,MEGHALAYA,008010, Kishtwari,1,1,0,0,0,0,1,1,0
C0116,17,000,00000,MEGHALAYA,008999,8 Others,3,2,1,3,2,1,0,0,0
C0116,17,000,00000,MEGHALAYA,009000,9 KONKANI,68,38,30,15,6,9,53,32,21
C0116,17,000,00000,MEGHALAYA,009011, Konkani,58,29,29,15,6,9,43,23,20
C0116,17,000,00000,MEGHALAYA,009016, Malwani,4,3,1,0,0,0,4,3,1
C0116,17,000,00000,MEGHALAYA,009028, Gorboli/Goru/Gorwani,4,4,0,0,0,0,4,4,0
C0116,17,000,00000,MEGHALAYA,009999,9 Others,2,2,0,0,0,0,2,2,0
C0116,17,000,00000,MEGHALAYA,010000,10 MAITHILI ,881,572,309,92,56,36,789,516,273
C0116,17,000,00000,MEGHALAYA,010008, Maithili,881,572,309,92,56,36,789,516,273
C0116,17,000,00000,MEGHALAYA,011000,11 MALAYALAM,1789,1146,643,594,385,209,1195,761,434
C0116,17,000,00000,MEGHALAYA,011016, Malayalam,1788,1145,643,593,384,209,1195,761,434
C0116,17,000,00000,MEGHALAYA,011999,11 Others,1,1,0,1,1,0,0,0,0
C0116,17,000,00000,MEGHALAYA,012000,12 MANIPURI ,4451,2595,1856,943,546,397,3508,2049,1459
C0116,17,000,00000,MEGHALAYA,012003, Manipuri,4435,2586,1849,931,539,392,3504,2047,1457
C0116,17,000,00000,MEGHALAYA,012999,12 Others,16,9,7,12,7,5,4,2,2
C0116,17,000,00000,MEGHALAYA,013000,13 MARATHI ,20751,10609,10142,16602,8415,8187,4149,2194,1955
C0116,17,000,00000,MEGHALAYA,013071, Marathi,1399,937,462,566,379,187,833,558,275
C0116,17,000,00000,MEGHALAYA,013999,13 Others,19352,9672,9680,16036,8036,8000,3316,1636,1680
C0116,17,000,00000,MEGHALAYA,014000,14 NEPALI ,54716,28515,26201,17829,9575,8254,36887,18940,17947
C0116,17,000,00000,MEGHALAYA,014011, Nepali,54716,28515,26201,17829,9575,8254,36887,18940,17947
C0116,17,000,00000,MEGHALAYA,015000,15 ODIA ,1518,900,618,830,477,353,688,423,265
C0116,17,000,00000,MEGHALAYA,015007, Bhuiya/Bhuyan[Ori],4,3,1,0,0,0,4,3,1
C0116,17,000,00000,MEGHALAYA,015014, Desia,1,1,0,1,1,0,0,0,0
C0116,17,000,00000,MEGHALAYA,015043, Odia,1510,893,617,826,473,353,684,420,264
C0116,17,000,00000,MEGHALAYA,015999,15 Others,3,3,0,3,3,0,0,0,0
C0116,17,000,00000,MEGHALAYA,016000,16 PUNJABI ,4540,2498,2042,660,437,223,3880,2061,1819
C0116,17,000,00000,MEGHALAYA,016002, Bagri,2,2,0,2,2,0,0,0,0
C0116,17,000,00000,MEGHALAYA,016038, Punjabi,4536,2495,2041,656,434,222,3880,2061,1819
C0116,17,000,00000,MEGHALAYA,016999,16 Others,2,1,1,2,1,1,0,0,0
C0116,17,000,00000,MEGHALAYA,017000,17 SANSKRIT ,9,5,4,6,4,2,3,1,2
C0116,17,000,00000,MEGHALAYA,017002, Sanskrit,9,5,4,6,4,2,3,1,2
C0116,17,000,00000,MEGHALAYA,018000,18 SANTALI ,240,127,113,168,83,85,72,44,28
C0116,17,000,00000,MEGHALAYA,018040, Santali,234,124,110,162,80,82,72,44,28
C0116,17,000,00000,MEGHALAYA,018999,18 Others,6,3,3,6,3,3,0,0,0
C0116,17,000,00000,MEGHALAYA,019000,19 SINDHI,236,119,117,6,3,3,230,116,114
C0116,17,000,00000,MEGHALAYA,019008, Kachchhi,2,2,0,0,0,0,2,2,0
C0116,17,000,00000,MEGHALAYA,019014, Sindhi,234,117,117,6,3,3,228,114,114
C0116,17,000,00000,MEGHALAYA,020000,20 TAMIL ,913,690,223,256,188,68,657,502,155
C0116,17,000,00000,MEGHALAYA,020027, Tamil,911,688,223,255,187,68,656,501,155
C0116,17,000,00000,MEGHALAYA,020999,20 Others,2,2,0,1,1,0,1,1,0
C0116,17,000,00000,MEGHALAYA,021000,21 TELUGU ,1277,874,403,509,337,172,768,537,231
C0116,17,000,00000,MEGHALAYA,021046, Telugu,1117,792,325,353,257,96,764,535,229
C0116,17,000,00000,MEGHALAYA,021999,21 Others,160,82,78,156,80,76,4,2,2
C0116,17,000,00000,MEGHALAYA,022000,22 URDU,2129,1194,935,290,158,132,1839,1036,803
C0116,17,000,00000,MEGHALAYA,022015, Urdu,1978,1129,849,154,99,55,1824,1030,794
C0116,17,000,00000,MEGHALAYA,022999,22 Others,151,65,86,136,59,77,15,6,9
C0116,17,000,00000,MEGHALAYA,023000,23 ADI ,390,329,61,53,32,21,337,297,40
C0116,17,000,00000,MEGHALAYA,023003, Adi,207,183,24,12,9,3,195,174,21
C0116,17,000,00000,MEGHALAYA,023006, Adi Gallong/Gallong,77,57,20,34,17,17,43,40,3
C0116,17,000,00000,MEGHALAYA,023010, Adi Miniyong/Miniyong,12,8,4,0,0,0,12,8,4
C0116,17,000,00000,MEGHALAYA,023040, Talgalo,66,54,12,6,6,0,60,48,12
C0116,17,000,00000,MEGHALAYA,023999,23 Others,28,27,1,1,0,1,27,27,0
C0116,17,000,00000,MEGHALAYA,024000,24 AFGHANI/KABULI/PASHTO ,7,6,1,1,0,1,6,6,0
C0116,17,000,00000,MEGHALAYA,024001, Afghani/Kabuli/Pashto,7,6,1,1,0,1,6,6,0
C0116,17,000,00000,MEGHALAYA,025000,25 ANAL ,219,113,106,39,22,17,180,91,89
C0116,17,000,00000,MEGHALAYA,025001, Anal,209,110,99,39,22,17,170,88,82
C0116,17,000,00000,MEGHALAYA,025999,25 Others,10,3,7,0,0,0,10,3,7
C0116,17,000,00000,MEGHALAYA,026000,26 ANGAMI ,89,49,40,19,16,3,70,33,37
C0116,17,000,00000,MEGHALAYA,026002, Angami,80,42,38,15,13,2,65,29,36
C0116,17,000,00000,MEGHALAYA,026999,26 Others,9,7,2,4,3,1,5,4,1
C0116,17,000,00000,MEGHALAYA,027000,27 AO ,423,231,192,28,16,12,395,215,180
C0116,17,000,00000,MEGHALAYA,027001, Ao,350,196,154,18,12,6,332,184,148
C0116,17,000,00000,MEGHALAYA,027003, Chungli,8,6,2,4,2,2,4,4,0
C0116,17,000,00000,MEGHALAYA,027005, Mongsen,21,8,13,3,0,3,18,8,10
C0116,17,000,00000,MEGHALAYA,027999,27 Others,44,21,23,3,2,1,41,19,22
C0116,17,000,00000,MEGHALAYA,028000,28 ARABIC/ARBI ,7,5,2,3,3,0,4,2,2
C0116,17,000,00000,MEGHALAYA,028001, Arabic/Arbi,6,5,1,3,3,0,3,2,1
C0116,17,000,00000,MEGHALAYA,028999,28 Others,1,0,1,0,0,0,1,0,1
C0116,17,000,00000,MEGHALAYA,030000,30 BHILI/BHILODI ,13,9,4,7,4,3,6,5,1
C0116,17,000,00000,MEGHALAYA,030015, Dhodia,1,1,0,1,1,0,0,0,0
C0116,17,000,00000,MEGHALAYA,030020, Gamti/Gavit,3,3,0,0,0,0,3,3,0
C0116,17,000,00000,MEGHALAYA,030035, Kokna/Kokni/Kukna,1,1,0,0,0,0,1,1,0
C0116,17,000,00000,MEGHALAYA,030049, Mawchi,1,0,1,0,0,0,1,0,1
C0116,17,000,00000,MEGHALAYA,030076, Vasava,1,1,0,0,0,0,1,1,0
C0116,17,000,00000,MEGHALAYA,030999,30 Others,6,3,3,6,3,3,0,0,0
C0116,17,000,00000,MEGHALAYA,031000,31 BHOTIA ,207,128,79,30,18,12,177,110,67
C0116,17,000,00000,MEGHALAYA,031001, Bhotia,164,99,65,28,18,10,136,81,55
C0116,17,000,00000,MEGHALAYA,031999,31 Others,43,29,14,2,0,2,41,29,12
C0116,17,000,00000,MEGHALAYA,033000,33 BISHNUPURIYA,332,194,138,56,30,26,276,164,112
C0116,17,000,00000,MEGHALAYA,033003, Bishnupriya Manipuri/Manipuri Bishnupriya,114,62,52,24,13,11,90,49,41
C0116,17,000,00000,MEGHALAYA,033999,33 Others,218,132,86,32,17,15,186,115,71
C0116,17,000,00000,MEGHALAYA,034000,34 CHAKHESANG ,25,17,8,3,3,0,22,14,8
C0116,17,000,00000,MEGHALAYA,034001, Chakhesang,25,17,8,3,3,0,22,14,8
C0116,17,000,00000,MEGHALAYA,035000,35 CHAKRU/CHOKRI ,17,11,6,7,6,1,10,5,5
C0116,17,000,00000,MEGHALAYA,035001, Chakru/Chokri,17,11,6,7,6,1,10,5,5
C0116,17,000,00000,MEGHALAYA,036000,36 CHANG ,10,5,5,1,1,0,9,4,5
C0116,17,000,00000,MEGHALAYA,036001, Chang,10,5,5,1,1,0,9,4,5
C0116,17,000,00000,MEGHALAYA,037000,37 COORGI/KODAGU ,1,1,0,0,0,0,1,1,0
C0116,17,000,00000,MEGHALAYA,037001, Coorgi/Kodagu,1,1,0,0,0,0,1,1,0
C0116,17,000,00000,MEGHALAYA,038000,38 DEORI ,26,10,16,5,1,4,21,9,12
C0116,17,000,00000,MEGHALAYA,038001, Deori,26,10,16,5,1,4,21,9,12
C0116,17,000,00000,MEGHALAYA,039000,39 DIMASA ,284,148,136,218,106,112,66,42,24
C0116,17,000,00000,MEGHALAYA,039002, Dimasa,63,42,21,8,7,1,55,35,20
C0116,17,000,00000,MEGHALAYA,039999,39 Others,221,106,115,210,99,111,11,7,4
C0116,17,000,00000,MEGHALAYA,040000,40 ENGLISH ,311,173,138,105,51,54,206,122,84
C0116,17,000,00000,MEGHALAYA,040001, English,311,173,138,105,51,54,206,122,84
C0116,17,000,00000,MEGHALAYA,042000,42 GANGTE ,281,143,138,6,3,3,275,140,135
C0116,17,000,00000,MEGHALAYA,042001, Gangte,281,143,138,6,3,3,275,140,135
C0116,17,000,00000,MEGHALAYA,043000,43 GARO ,936496,471336,465160,823172,415830,407342,113324,55506,57818
C0116,17,000,00000,MEGHALAYA,043005, Garo,930619,468388,462231,817983,413218,404765,112636,55170,57466
C0116,17,000,00000,MEGHALAYA,043999,43 Others,5877,2948,2929,5189,2612,2577,688,336,352
C0116,17,000,00000,MEGHALAYA,046000,46 HALAM ,108,56,52,56,28,28,52,28,24
C0116,17,000,00000,MEGHALAYA,046003, Halam,55,28,27,11,5,6,44,23,21
C0116,17,000,00000,MEGHALAYA,046999,46 Others,53,28,25,45,23,22,8,5,3
C0116,17,000,00000,MEGHALAYA,047000,47 HMAR,1994,968,1026,643,324,319,1351,644,707
C0116,17,000,00000,MEGHALAYA,047001, Hmar,1994,968,1026,643,324,319,1351,644,707
C0116,17,000,00000,MEGHALAYA,048000,48 HO,2,2,0,0,0,0,2,2,0
C0116,17,000,00000,MEGHALAYA,048004, Ho,1,1,0,0,0,0,1,1,0
C0116,17,000,00000,MEGHALAYA,048007, Lohara,1,1,0,0,0,0,1,1,0
C0116,17,000,00000,MEGHALAYA,049000,49 JATAPU ,1,1,0,0,0,0,1,1,0
C0116,17,000,00000,MEGHALAYA,049999,49 Others,1,1,0,0,0,0,1,1,0
C0116,17,000,00000,MEGHALAYA,051000,51 KABUI ,208,106,102,51,22,29,157,84,73
C0116,17,000,00000,MEGHALAYA,051003, Kabui,22,13,9,4,2,2,18,11,7
C0116,17,000,00000,MEGHALAYA,051005, Rongmei,186,93,93,47,20,27,139,73,66
C0116,17,000,00000,MEGHALAYA,052000,52 KARBI/MIKIR ,14380,7174,7206,14209,7098,7111,171,76,95
C0116,17,000,00000,MEGHALAYA,052002, Karbi/Mikir,14380,7174,7206,14209,7098,7111,171,76,95
C0116,17,000,00000,MEGHALAYA,053000,53 KHANDESHI,1,1,0,1,1,0,0,0,0
C0116,17,000,00000,MEGHALAYA,053005, Gujari,1,1,0,1,1,0,0,0,0
C0116,17,000,00000,MEGHALAYA,054000,54 KHARIA ,20,11,9,9,5,4,11,6,5
C0116,17,000,00000,MEGHALAYA,054005, Kharia,18,10,8,9,5,4,9,5,4
C0116,17,000,00000,MEGHALAYA,054999,54 Others,2,1,1,0,0,0,2,1,1
C0116,17,000,00000,MEGHALAYA,055000,55 KHASI ,1382278,679035,703243,1094313,544020,550293,287965,135015,152950
C0116,17,000,00000,MEGHALAYA,055007, Khasi,996733,489583,507150,743688,370628,373060,253045,118955,134090
C0116,17,000,00000,MEGHALAYA,055009, Lyngngam,11555,5821,5734,11541,5814,5727,14,7,7
C0116,17,000,00000,MEGHALAYA,055012, Pnar/Synteng,316863,155636,161227,287245,141886,145359,29618,13750,15868
C0116,17,000,00000,MEGHALAYA,055015, War,51418,25447,25971,50093,24848,25245,1325,599,726
C0116,17,000,00000,MEGHALAYA,055999,55 Others ,5709,2548,3161,1746,844,902,3963,1704,2259
C0116,17,000,00000,MEGHALAYA,056000,56 KHEZHA ,17,10,7,1,1,0,16,9,7
C0116,17,000,00000,MEGHALAYA,056003, Khezha,14,8,6,1,1,0,13,7,6
C0116,17,000,00000,MEGHALAYA,056999,56 Others ,3,2,1,0,0,0,3,2,1
C0116,17,000,00000,MEGHALAYA,057000,57 KHIEMNUNGAN,2,2,0,2,2,0,0,0,0
C0116,17,000,00000,MEGHALAYA,057001, Khiemnungan,2,2,0,2,2,0,0,0,0
C0116,17,000,00000,MEGHALAYA,058000,58 KHOND/KONDH ,1,0,1,0,0,0,1,0,1
C0116,17,000,00000,MEGHALAYA,058006, Kuvi,1,0,1,0,0,0,1,0,1
C0116,17,000,00000,MEGHALAYA,061000,61 KOCH ,23199,11611,11588,22069,11072,10997,1130,539,591
C0116,17,000,00000,MEGHALAYA,061002, Koch,22167,11081,11086,21072,10560,10512,1095,521,574
C0116,17,000,00000,MEGHALAYA,061999,61 Others,1032,530,502,997,512,485,35,18,17
C0116,17,000,00000,MEGHALAYA,062000,62 KODA/KORA ,3,2,1,0,0,0,3,2,1
C0116,17,000,00000,MEGHALAYA,062003, Koda/Kora,3,2,1,0,0,0,3,2,1
C0116,17,000,00000,MEGHALAYA,064000,64 KOM,79,44,35,34,19,15,45,25,20
C0116,17,000,00000,MEGHALAYA,064001, Kom,79,44,35,34,19,15,45,25,20
C0116,17,000,00000,MEGHALAYA,065000,65 KONDA,1,1,0,1,1,0,0,0,0
C0116,17,000,00000,MEGHALAYA,065003, Konda,1,1,0,1,1,0,0,0,0
C0116,17,000,00000,MEGHALAYA,066000,66 KONYAK ,27,24,3,3,3,0,24,21,3
C0116,17,000,00000,MEGHALAYA,066001, Konyak,27,24,3,3,3,0,24,21,3
C0116,17,000,00000,MEGHALAYA,068000,68 KORWA ,4,1,3,4,1,3,0,0,0
C0116,17,000,00000,MEGHALAYA,068999,68 Others ,4,1,3,4,1,3,0,0,0
C0116,17,000,00000,MEGHALAYA,069000,69 KOYA ,1,1,0,0,0,0,1,1,0
C0116,17,000,00000,MEGHALAYA,069002, Koya,1,1,0,0,0,0,1,1,0
C0116,17,000,00000,MEGHALAYA,070000,70 KUI ,1,1,0,0,0,0,1,1,0
C0116,17,000,00000,MEGHALAYA,070999,70 Others ,1,1,0,0,0,0,1,1,0
C0116,17,000,00000,MEGHALAYA,071000,71 KUKI,1367,735,632,161,73,88,1206,662,544
C0116,17,000,00000,MEGHALAYA,071008, Kuki,1352,730,622,156,72,84,1196,658,538
C0116,17,000,00000,MEGHALAYA,071999,71 Others ,15,5,10,5,1,4,10,4,6
C0116,17,000,00000,MEGHALAYA,072000,72 KURUKH/ORAON ,176,96,80,45,36,9,131,60,71
C0116,17,000,00000,MEGHALAYA,072024, Kurukh/Oraon,170,96,74,45,36,9,125,60,65
C0116,17,000,00000,MEGHALAYA,072999,72 Others ,6,0,6,0,0,0,6,0,6
C0116,17,000,00000,MEGHALAYA,075000,75 LAHNDA ,5,3,2,0,0,0,5,3,2
C0116,17,000,00000,MEGHALAYA,075999,75 Others ,5,3,2,0,0,0,5,3,2
C0116,17,000,00000,MEGHALAYA,076000,76 LAKHER,91,57,34,1,1,0,90,56,34
C0116,17,000,00000,MEGHALAYA,076002, Mara,70,48,22,1,1,0,69,47,22
C0116,17,000,00000,MEGHALAYA,076999,76 Others ,21,9,12,0,0,0,21,9,12
C0116,17,000,00000,MEGHALAYA,077000,77 LALUNG ,2057,1058,999,2034,1043,991,23,15,8
C0116,17,000,00000,MEGHALAYA,077001, Lalung,2057,1058,999,2034,1043,991,23,15,8
C0116,17,000,00000,MEGHALAYA,078000,78 LEPCHA ,17,9,8,6,1,5,11,8,3
C0116,17,000,00000,MEGHALAYA,078001, Lepcha,17,9,8,6,1,5,11,8,3
C0116,17,000,00000,MEGHALAYA,079000,79 LIANGMEI ,39,23,16,6,3,3,33,20,13
C0116,17,000,00000,MEGHALAYA,079002, Liangmei,33,20,13,0,0,0,33,20,13
C0116,17,000,00000,MEGHALAYA,079999,79 Others ,6,3,3,6,3,3,0,0,0
C0116,17,000,00000,MEGHALAYA,080000,80 LIMBU ,15,7,8,14,6,8,1,1,0
C0116,17,000,00000,MEGHALAYA,080002, Limbu,1,1,0,1,1,0,0,0,0
C0116,17,000,00000,MEGHALAYA,080999,80 Others ,14,6,8,13,5,8,1,1,0
C0116,17,000,00000,MEGHALAYA,081000,81 LOTHA ,228,177,51,19,15,4,209,162,47
C0116,17,000,00000,MEGHALAYA,081001, Lotha,228,177,51,19,15,4,209,162,47
C0116,17,000,00000,MEGHALAYA,082000,82 LUSHAI/MIZO ,4455,2175,2280,316,163,153,4139,2012,2127
C0116,17,000,00000,MEGHALAYA,082005, Lushai/Mizo,4455,2175,2280,316,163,153,4139,2012,2127
C0116,17,000,00000,MEGHALAYA,084000,84 MAO,225,110,115,42,23,19,183,87,96
C0116,17,000,00000,MEGHALAYA,084001, Mao,185,90,95,33,19,14,152,71,81
C0116,17,000,00000,MEGHALAYA,084003, Paola,39,19,20,9,4,5,30,15,15
C0116,17,000,00000,MEGHALAYA,084999,84 Others ,1,1,0,0,0,0,1,1,0
C0116,17,000,00000,MEGHALAYA,086000,86 MARING ,2,1,1,2,1,1,0,0,0
C0116,17,000,00000,MEGHALAYA,086001, Maring,2,1,1,2,1,1,0,0,0
C0116,17,000,00000,MEGHALAYA,087000,87 MIRI/MISHING,131,75,56,80,41,39,51,34,17
C0116,17,000,00000,MEGHALAYA,087003, Miri/Mishing,131,75,56,80,41,39,51,34,17
C0116,17,000,00000,MEGHALAYA,088000,88 MISHMI ,30,26,4,3,1,2,27,25,2
C0116,17,000,00000,MEGHALAYA,088007, Mishmi,22,22,0,1,1,0,21,21,0
C0116,17,000,00000,MEGHALAYA,088999,88 Others ,8,4,4,2,0,2,6,4,2
C0116,17,000,00000,MEGHALAYA,089000,89 MOGH ,4,2,2,0,0,0,4,2,2
C0116,17,000,00000,MEGHALAYA,089004, Mogh,4,2,2,0,0,0,4,2,2
C0116,17,000,00000,MEGHALAYA,090000,90 MONPA ,90,83,7,8,6,2,82,77,5
C0116,17,000,00000,MEGHALAYA,090003, Monpa,90,83,7,8,6,2,82,77,5
C0116,17,000,00000,MEGHALAYA,091000,91 MUNDA,761,411,350,689,371,318,72,40,32
C0116,17,000,00000,MEGHALAYA,091009, Munda,304,171,133,240,139,101,64,32,32
C0116,17,000,00000,MEGHALAYA,091999,91 Others ,457,240,217,449,232,217,8,8,0
C0116,17,000,00000,MEGHALAYA,092000,92 MUNDARI ,27,19,8,9,9,0,18,10,8
C0116,17,000,00000,MEGHALAYA,092005, Mundari,27,19,8,9,9,0,18,10,8
C0116,17,000,00000,MEGHALAYA,094000,94 NISSI/DAFLA ,318,270,48,24,12,12,294,258,36
C0116,17,000,00000,MEGHALAYA,094001, Apatani,113,95,18,3,1,2,110,94,16
C0116,17,000,00000,MEGHALAYA,094007, Nissi/Dafla,137,122,15,20,10,10,117,112,5
C0116,17,000,00000,MEGHALAYA,094008, Tagin,51,43,8,1,1,0,50,42,8
C0116,17,000,00000,MEGHALAYA,094999,94 Others ,17,10,7,0,0,0,17,10,7
C0116,17,000,00000,MEGHALAYA,095000,95 NOCTE ,74,67,7,5,2,3,69,65,4
C0116,17,000,00000,MEGHALAYA,095003, Nocte,73,66,7,5,2,3,68,64,4
C0116,17,000,00000,MEGHALAYA,095999,95 Others ,1,1,0,0,0,0,1,1,0
C0116,17,000,00000,MEGHALAYA,096000,96 PAITE,770,396,374,93,51,42,677,345,332
C0116,17,000,00000,MEGHALAYA,096002, Paite,755,390,365,93,51,42,662,339,323
C0116,17,000,00000,MEGHALAYA,096999,96 Others ,15,6,9,0,0,0,15,6,9
C0116,17,000,00000,MEGHALAYA,098000,98 PAWI ,4,2,2,0,0,0,4,2,2
C0116,17,000,00000,MEGHALAYA,098001, Pawi,4,2,2,0,0,0,4,2,2
C0116,17,000,00000,MEGHALAYA,100000,100 PHOM ,13,10,3,0,0,0,13,10,3
C0116,17,000,00000,MEGHALAYA,100001, Phom,13,10,3,0,0,0,13,10,3
C0116,17,000,00000,MEGHALAYA,102000,102 RABHA ,21671,10904,10767,20503,10291,10212,1168,613,555
C0116,17,000,00000,MEGHALAYA,102002, Rabha,21671,10904,10767,20503,10291,10212,1168,613,555
C0116,17,000,00000,MEGHALAYA,103000,103 RAI ,7,3,4,7,3,4,0,0,0
C0116,17,000,00000,MEGHALAYA,103003, Rai,7,3,4,7,3,4,0,0,0
C0116,17,000,00000,MEGHALAYA,104000,104 RENGMA ,49,30,19,3,3,0,46,27,19
C0116,17,000,00000,MEGHALAYA,104001, Rengma,49,30,19,3,3,0,46,27,19
C0116,17,000,00000,MEGHALAYA,105000,105 SANGTAM ,26,20,6,4,4,0,22,16,6
C0116,17,000,00000,MEGHALAYA,105004, Sangtam,26,20,6,4,4,0,22,16,6
C0116,17,000,00000,MEGHALAYA,106000,106 SAVARA,16,4,12,0,0,0,16,4,12
C0116,17,000,00000,MEGHALAYA,106004, Savara,16,4,12,0,0,0,16,4,12
C0116,17,000,00000,MEGHALAYA,107000,107 SEMA,66,31,35,11,6,5,55,25,30
C0116,17,000,00000,MEGHALAYA,107002, Sema,66,31,35,11,6,5,55,25,30
C0116,17,000,00000,MEGHALAYA,111000,111 TAMANG ,30,18,12,20,12,8,10,6,4
C0116,17,000,00000,MEGHALAYA,111001, Tamang,30,18,12,20,12,8,10,6,4
C0116,17,000,00000,MEGHALAYA,112000,112 TANGKHUL ,951,500,451,146,84,62,805,416,389
C0116,17,000,00000,MEGHALAYA,112008, Tangkhul,951,500,451,146,84,62,805,416,389
C0116,17,000,00000,MEGHALAYA,113000,113 TANGSA,37,29,8,0,0,0,37,29,8
C0116,17,000,00000,MEGHALAYA,113024, Tutcha Tangsa,4,4,0,0,0,0,4,4,0
C0116,17,000,00000,MEGHALAYA,113999,113 Others,33,25,8,0,0,0,33,25,8
C0116,17,000,00000,MEGHALAYA,114000,114 THADO ,1082,564,518,670,343,327,412,221,191
C0116,17,000,00000,MEGHALAYA,114015, Thado,241,131,110,7,5,2,234,126,108
C0116,17,000,00000,MEGHALAYA,114999,114 Others,841,433,408,663,338,325,178,95,83
C0116,17,000,00000,MEGHALAYA,115000,115 TIBETAN ,499,252,247,27,18,9,472,234,238
C0116,17,000,00000,MEGHALAYA,115008, Tibetan,479,237,242,13,9,4,466,228,238
C0116,17,000,00000,MEGHALAYA,115999,115 Others,20,15,5,14,9,5,6,6,0
C0116,17,000,00000,MEGHALAYA,116000,116 TRIPURI ,2735,1496,1239,2368,1229,1139,367,267,100
C0116,17,000,00000,MEGHALAYA,116007, Kokbarak,217,147,70,34,27,7,183,120,63
C0116,17,000,00000,MEGHALAYA,116011, Reang,2257,1159,1098,2246,1150,1096,11,9,2
C0116,17,000,00000,MEGHALAYA,116014, Tripuri,251,184,67,86,51,35,165,133,32
C0116,17,000,00000,MEGHALAYA,116999,116 Others ,10,6,4,2,1,1,8,5,3
C0116,17,000,00000,MEGHALAYA,117000,117 TULU ,43,19,24,28,12,16,15,7,8
C0116,17,000,00000,MEGHALAYA,117999,117 Others ,43,19,24,28,12,16,15,7,8
C0116,17,000,00000,MEGHALAYA,118000,118 VAIPHEI ,960,481,479,542,277,265,418,204,214
C0116,17,000,00000,MEGHALAYA,118002, Vaiphei,960,481,479,542,277,265,418,204,214
C0116,17,000,00000,MEGHALAYA,119000,119 WANCHO,105,100,5,1,1,0,104,99,5
C0116,17,000,00000,MEGHALAYA,119001, Wancho,105,100,5,1,1,0,104,99,5
C0116,17,000,00000,MEGHALAYA,120000,120 YIMCHUNGRE,23,14,9,5,3,2,18,11,7
C0116,17,000,00000,MEGHALAYA,120001, Chirr,15,9,6,3,1,2,12,8,4
C0116,17,000,00000,MEGHALAYA,120005, Yimchungre,8,5,3,2,2,0,6,3,3
C0116,17,000,00000,MEGHALAYA,121000,121 ZELIANG ,302,167,135,271,147,124,31,20,11
C0116,17,000,00000,MEGHALAYA,121001, Zeliang,302,167,135,271,147,124,31,20,11
C0116,17,000,00000,MEGHALAYA,122000,122 ZEMI ,26,17,9,1,0,1,25,17,8
C0116,17,000,00000,MEGHALAYA,122003, Zemi,26,17,9,1,0,1,25,17,8
C0116,17,000,00000,MEGHALAYA,123000,123 ZOU ,292,154,138,8,6,2,284,148,136
C0116,17,000,00000,MEGHALAYA,123001, Zou,292,154,138,8,6,2,284,148,136
C0116,17,000,00000,MEGHALAYA,124000,124 OTHERS,130848,66172,64676,127534,64433,63101,3314,1739,1575
C0116,18,000,00000,ASSAM,001000,1 ASSAMESE,15095797,7674557,7421240,13040275,6633671,6406604,2055522,1040886,1014636
C0116,18,000,00000,ASSAM,001002, Assamese,14609227,7424577,7184650,12580262,6397158,6183104,2028965,1027419,1001546
C0116,18,000,00000,ASSAM,001999,1 Others,486570,249980,236590,460013,236513,223500,26557,13467,13090
C0116,18,000,00000,ASSAM,002000,2 BENGALI ,9024324,4615185,4409139,7562421,3873398,3689023,1461903,741787,720116
C0116,18,000,00000,ASSAM,002007, Bengali,8786827,4493894,4292933,7335159,3757301,3577858,1451668,736593,715075
C0116,18,000,00000,ASSAM,002011, Chakma,3166,1629,1537,2946,1509,1437,220,120,100
C0116,18,000,00000,ASSAM,002015, Haijong/Hajong,27521,14035,13486,25642,13097,12545,1879,938,941
C0116,18,000,00000,ASSAM,002044, Rajbangsi,191438,97734,93704,183324,93604,89720,8114,4130,3984
C0116,18,000,00000,ASSAM,002999,2 Others,15372,7893,7479,15350,7887,7463,22,6,16
C0116,18,000,00000,ASSAM,003000,3 BODO ,1416125,709793,706332,1365994,684736,681258,50131,25057,25074
C0116,18,000,00000,ASSAM,003001, Bodo/Boro,1407711,705512,702199,1357892,680629,677263,49819,24883,24936
C0116,18,000,00000,ASSAM,003003, Kachari,8382,4265,4117,8081,4096,3985,301,169,132
C0116,18,000,00000,ASSAM,003004, Mech/Mechhia,32,16,16,21,11,10,11,5,6
C0116,18,000,00000,ASSAM,004000,4 DOGRI ,1561,1410,151,1160,1057,103,401,353,48
C0116,18,000,00000,ASSAM,004001, Dogri,1561,1410,151,1160,1057,103,401,353,48
C0116,18,000,00000,ASSAM,005000,5 GUJARATI,7660,4238,3422,6559,3602,2957,1101,636,465
C0116,18,000,00000,ASSAM,005018, Gujarati,1932,1360,572,993,814,179,939,546,393
C0116,18,000,00000,ASSAM,005019, Gujrao/Gujrau,1,1,0,0,0,0,1,1,0
C0116,18,000,00000,ASSAM,005052, Pattani,8,5,3,8,5,3,0,0,0
C0116,18,000,00000,ASSAM,005999,5 Others,5719,2872,2847,5558,2783,2775,161,89,72
C0116,18,000,00000,ASSAM,006000,6 HINDI ,2101435,1122149,979286,1554646,815955,738691,546789,306194,240595
C0116,18,000,00000,ASSAM,006030, Awadhi,49,38,11,44,35,9,5,3,2
C0116,18,000,00000,ASSAM,006040, Baghati/Baghati Pahari,1,0,1,1,0,1,0,0,0
C0116,18,000,00000,ASSAM,006042, Bagheli/Baghel Khandi,3,3,0,3,3,0,0,0,0
C0116,18,000,00000,ASSAM,006066, Banjari,1,1,0,1,1,0,0,0,0
C0116,18,000,00000,ASSAM,006086, Bhadrawahi,4,3,1,3,2,1,1,1,0
C0116,18,000,00000,ASSAM,006089, Bhagoria,91,43,48,62,29,33,29,14,15
C0116,18,000,00000,ASSAM,006096, Bharmauri/Gaddi,8,7,1,4,4,0,4,3,1
C0116,18,000,00000,ASSAM,006102, Bhojpuri,278052,148700,129352,220904,116344,104560,57148,32356,24792
C0116,18,000,00000,ASSAM,006123, Brajbhasha,136,86,50,113,67,46,23,19,4
C0116,18,000,00000,ASSAM,006125, Bundeli/Bundel khandi,41,31,10,34,27,7,7,4,3
C0116,18,000,00000,ASSAM,006133, Chambeali/Chamrali,5,3,2,5,3,2,0,0,0
C0116,18,000,00000,ASSAM,006142, Chhattisgarhi,7147,3641,3506,7088,3609,3479,59,32,27
C0116,18,000,00000,ASSAM,006149, Churahi,11,5,6,11,5,6,0,0,0
C0116,18,000,00000,ASSAM,006173, Dhundhari,12,5,7,8,5,3,4,0,4
C0116,18,000,00000,ASSAM,006195, Garhwali,1089,996,93,1017,948,69,72,48,24
C0116,18,000,00000,ASSAM,006198, Gawari,11,6,5,10,5,5,1,1,0
C0116,18,000,00000,ASSAM,006207, Gojri/Gujjari/Gujar,26,24,2,24,22,2,2,2,0
C0116,18,000,00000,ASSAM,006231, Handuri,9,5,4,9,5,4,0,0,0
C0116,18,000,00000,ASSAM,006235, Haryanvi,2213,1323,890,1623,986,637,590,337,253
C0116,18,000,00000,ASSAM,006240, Hindi,1001993,557051,444942,554282,305592,248690,447711,251459,196252
C0116,18,000,00000,ASSAM,006265, Jaunpuri/Jaunsari,1,1,0,1,1,0,0,0,0
C0116,18,000,00000,ASSAM,006291, Kangri,4,4,0,4,4,0,0,0,0
C0116,18,000,00000,ASSAM,006311, Khari Boli,2,2,0,2,2,0,0,0,0
C0116,18,000,00000,ASSAM,006320, Khortha/Khotta,2137,1080,1057,2081,1052,1029,56,28,28
C0116,18,000,00000,ASSAM,006340, Kumauni,358,270,88,307,236,71,51,34,17
C0116,18,000,00000,ASSAM,006345, Kurmali Thar,1919,992,927,1919,992,927,0,0,0
C0116,18,000,00000,ASSAM,006353, Lamani/Lambadi,5,2,3,5,2,3,0,0,0
C0116,18,000,00000,ASSAM,006358, Lodhi,1,1,0,1,1,0,0,0,0
C0116,18,000,00000,ASSAM,006376, Magadhi/Magahi,247,152,95,212,133,79,35,19,16
C0116,18,000,00000,ASSAM,006391, Malvi,39,22,17,10,4,6,29,18,11
C0116,18,000,00000,ASSAM,006394, Mandeali,5,4,1,4,4,0,1,0,1
C0116,18,000,00000,ASSAM,006400, Marwari,14108,7494,6614,1220,704,516,12888,6790,6098
C0116,18,000,00000,ASSAM,006408, Mewari,5,4,1,0,0,0,5,4,1
C0116,18,000,00000,ASSAM,006409, Mewati,1,1,0,1,1,0,0,0,0
C0116,18,000,00000,ASSAM,006420, Nagpuria,242,117,125,236,114,122,6,3,3
C0116,18,000,00000,ASSAM,006432, Nimadi,1,1,0,1,1,0,0,0,0
C0116,18,000,00000,ASSAM,006438, Padari,1,1,0,1,1,0,0,0,0
C0116,18,000,00000,ASSAM,006439, Pahari,612,538,74,558,501,57,54,37,17
C0116,18,000,00000,ASSAM,006452, Pando/Pandwani,12,6,6,12,6,6,0,0,0
C0116,18,000,00000,ASSAM,006489, Rajasthani,10546,5803,4743,2311,1421,890,8235,4382,3853
C0116,18,000,00000,ASSAM,006503, Sadan/Sadri,715180,359820,355360,706318,355213,351105,8862,4607,4255
C0116,18,000,00000,ASSAM,006547, Surgujia,727,374,353,727,374,353,0,0,0
C0116,18,000,00000,ASSAM,006548, Surjapuri,5,3,2,0,0,0,5,3,2
C0116,18,000,00000,ASSAM,006999,6 Others,64375,33486,30889,53469,27496,25973,10906,5990,4916
C0116,18,000,00000,ASSAM,007000,7 KANNADA,2597,2013,584,1966,1608,358,631,405,226
C0116,18,000,00000,ASSAM,007002, Badaga,3,2,1,3,2,1,0,0,0
C0116,18,000,00000,ASSAM,007016, Kannada,2356,1885,471,1933,1587,346,423,298,125
C0116,18,000,00000,ASSAM,007027, Kuruba/Kurumba,18,8,10,18,8,10,0,0,0
C0116,18,000,00000,ASSAM,007041, Prakritha/Prakritha Bhasha,205,104,101,1,1,0,204,103,101
C0116,18,000,00000,ASSAM,007999,7 Others,15,14,1,11,10,1,4,4,0
C0116,18,000,00000,ASSAM,008000,8 KASHMIRI ,357,296,61,285,239,46,72,57,15
C0116,18,000,00000,ASSAM,008005, Kashmiri,354,293,61,282,236,46,72,57,15
C0116,18,000,00000,ASSAM,008010, Kishtwari,1,1,0,1,1,0,0,0,0
C0116,18,000,00000,ASSAM,008019, Dardi,1,1,0,1,1,0,0,0,0
C0116,18,000,00000,ASSAM,008999,8 Others,1,1,0,1,1,0,0,0,0
C0116,18,000,00000,ASSAM,009000,9 KONKANI,413,208,205,342,180,162,71,28,43
C0116,18,000,00000,ASSAM,009011, Konkani,88,37,51,38,21,17,50,16,34
C0116,18,000,00000,ASSAM,009013, Kudubi/Kudumbi,3,2,1,0,0,0,3,2,1
C0116,18,000,00000,ASSAM,009020, Nawait,1,0,1,0,0,0,1,0,1
C0116,18,000,00000,ASSAM,009999,9 Others,321,169,152,304,159,145,17,10,7
C0116,18,000,00000,ASSAM,010000,10 MAITHILI ,6034,3688,2346,1352,815,537,4682,2873,1809
C0116,18,000,00000,ASSAM,010008, Maithili,5805,3568,2237,1128,697,431,4677,2871,1806
C0116,18,000,00000,ASSAM,010013, Thati,198,101,97,193,99,94,5,2,3
C0116,18,000,00000,ASSAM,010014, Tharu,31,19,12,31,19,12,0,0,0
C0116,18,000,00000,ASSAM,011000,11 MALAYALAM,5768,3942,1826,3845,2801,1044,1923,1141,782
C0116,18,000,00000,ASSAM,011016, Malayalam,5759,3937,1822,3837,2797,1040,1922,1140,782
C0116,18,000,00000,ASSAM,011023, Pania,1,0,1,1,0,1,0,0,0
C0116,18,000,00000,ASSAM,011999,11 Others,8,5,3,7,4,3,1,1,0
C0116,18,000,00000,ASSAM,012000,12 MANIPURI ,168133,83501,84632,140422,69498,70924,27711,14003,13708
C0116,18,000,00000,ASSAM,012003, Manipuri,168127,83498,84629,140422,69498,70924,27705,14000,13705
C0116,18,000,00000,ASSAM,012999,12 Others,6,3,3,0,0,0,6,3,3
C0116,18,000,00000,ASSAM,013000,13 MARATHI ,11641,7540,4101,9550,6217,3333,2091,1323,768
C0116,18,000,00000,ASSAM,013071, Marathi,11435,7417,4018,9353,6100,3253,2082,1317,765
C0116,18,000,00000,ASSAM,013999,13 Others,206,123,83,197,117,80,9,6,3
C0116,18,000,00000,ASSAM,014000,14 NEPALI ,596210,305156,291054,526716,269241,257475,69494,35915,33579
C0116,18,000,00000,ASSAM,014011, Nepali,596188,305145,291043,526694,269230,257464,69494,35915,33579
C0116,18,000,00000,ASSAM,014999,14 Others,22,11,11,22,11,11,0,0,0
C0116,18,000,00000,ASSAM,015000,15 ODIA ,218552,110602,107950,209408,105717,103691,9144,4885,4259
C0116,18,000,00000,ASSAM,015006, Bhatri,1,1,0,1,1,0,0,0,0
C0116,18,000,00000,ASSAM,015007, Bhuiya/Bhuyan[Ori],18,11,7,17,10,7,1,1,0
C0116,18,000,00000,ASSAM,015014, Desia,678,369,309,678,369,309,0,0,0
C0116,18,000,00000,ASSAM,015043, Odia,217305,109892,107413,208226,105041,103185,9079,4851,4228
C0116,18,000,00000,ASSAM,015058, Sambalpuri,301,144,157,275,135,140,26,9,17
C0116,18,000,00000,ASSAM,015999,15 Others,249,185,64,211,161,50,38,24,14
C0116,18,000,00000,ASSAM,016000,16 PUNJABI ,23313,13534,9779,10032,6254,3778,13281,7280,6001
C0116,18,000,00000,ASSAM,016002, Bagri,7,5,2,3,3,0,4,2,2
C0116,18,000,00000,ASSAM,016005, Bhateali,4321,2196,2125,4301,2188,2113,20,8,12
C0116,18,000,00000,ASSAM,016006, Bilaspuri Kahluri,3,2,1,3,2,1,0,0,0
C0116,18,000,00000,ASSAM,016038, Punjabi,18863,11273,7590,5607,4003,1604,13256,7270,5986
C0116,18,000,00000,ASSAM,016999,16 Others,119,58,61,118,58,60,1,0,1
C0116,18,000,00000,ASSAM,017000,17 SANSKRIT ,104,58,46,54,35,19,50,23,27
C0116,18,000,00000,ASSAM,017002, Sanskrit,104,58,46,54,35,19,50,23,27
C0116,18,000,00000,ASSAM,018000,18 SANTALI ,213139,109033,104106,210901,107887,103014,2238,1146,1092
C0116,18,000,00000,ASSAM,018010, Karmali,135,72,63,122,64,58,13,8,5
C0116,18,000,00000,ASSAM,018011, Mahili,104,56,48,102,56,46,2,0,2
C0116,18,000,00000,ASSAM,018040, Santali,208337,106553,101784,206128,105422,100706,2209,1131,1078
C0116,18,000,00000,ASSAM,018999,18 Others,4563,2352,2211,4549,2345,2204,14,7,7
C0116,18,000,00000,ASSAM,019000,19 SINDHI,19646,10062,9584,19320,9887,9433,326,175,151
C0116,18,000,00000,ASSAM,019002, Bhatia,19372,9919,9453,19206,9831,9375,166,88,78
C0116,18,000,00000,ASSAM,019008, Kachchhi,5,2,3,4,2,2,1,0,1
C0116,18,000,00000,ASSAM,019014, Sindhi,257,135,122,98,48,50,159,87,72
C0116,18,000,00000,ASSAM,019999,19 Others,12,6,6,12,6,6,0,0,0
C0116,18,000,00000,ASSAM,020000,20 TAMIL ,5229,4237,992,3751,3226,525,1478,1011,467
C0116,18,000,00000,ASSAM,020027, Tamil,5196,4218,978,3719,3208,511,1477,1010,467
C0116,18,000,00000,ASSAM,020999,20 Others,33,19,14,32,18,14,1,1,0
C0116,18,000,00000,ASSAM,021000,21 TELUGU ,26630,14642,11988,11820,7115,4705,14810,7527,7283
C0116,18,000,00000,ASSAM,021046, Telugu,26539,14591,11948,11777,7092,4685,14762,7499,7263
C0116,18,000,00000,ASSAM,021999,21 Others,91,51,40,43,23,20,48,28,20
C0116,18,000,00000,ASSAM,022000,22 URDU,8293,4542,3751,5147,2818,2329,3146,1724,1422
C0116,18,000,00000,ASSAM,022015, Urdu,7948,4336,3612,4958,2699,2259,2990,1637,1353
C0116,18,000,00000,ASSAM,022999,22 Others,345,206,139,189,119,70,156,87,69
C0116,18,000,00000,ASSAM,023000,23 ADI ,3705,1915,1790,3532,1826,1706,173,89,84
C0116,18,000,00000,ASSAM,023003, Adi,2992,1542,1450,2867,1481,1386,125,61,64
C0116,18,000,00000,ASSAM,023006, Adi Gallong/Gallong,548,280,268,535,271,264,13,9,4
C0116,18,000,00000,ASSAM,023010, Adi Miniyong/Miniyong,3,3,0,2,2,0,1,1,0
C0116,18,000,00000,ASSAM,023040, Talgalo,116,62,54,105,58,47,11,4,7
C0116,18,000,00000,ASSAM,023999,23 Others,46,28,18,23,14,9,23,14,9
C0116,18,000,00000,ASSAM,024000,24 AFGHANI/KABULI/PASHTO ,173,107,66,132,71,61,41,36,5
C0116,18,000,00000,ASSAM,024001, Afghani/Kabuli/Pashto,171,105,66,132,71,61,39,34,5
C0116,18,000,00000,ASSAM,024999,24 Others,2,2,0,0,0,0,2,2,0
C0116,18,000,00000,ASSAM,025000,25 ANAL ,35,23,12,22,18,4,13,5,8
C0116,18,000,00000,ASSAM,025001, Anal,29,20,9,21,17,4,8,3,5
C0116,18,000,00000,ASSAM,025999,25 Others,6,3,3,1,1,0,5,2,3
C0116,18,000,00000,ASSAM,026000,26 ANGAMI ,87,44,43,39,22,17,48,22,26
C0116,18,000,00000,ASSAM,026002, Angami,76,37,39,35,18,17,41,19,22
C0116,18,000,00000,ASSAM,026999,26 Others,11,7,4,4,4,0,7,3,4
C0116,18,000,00000,ASSAM,027000,27 AO ,4092,2077,2015,3589,1827,1762,503,250,253
C0116,18,000,00000,ASSAM,027001, Ao,3741,1895,1846,3268,1655,1613,473,240,233
C0116,18,000,00000,ASSAM,027003, Chungli,19,9,10,13,7,6,6,2,4
C0116,18,000,00000,ASSAM,027005, Mongsen,87,46,41,77,44,33,10,2,8
C0116,18,000,00000,ASSAM,027999,27 Others,245,127,118,231,121,110,14,6,8
C0116,18,000,00000,ASSAM,028000,28 ARABIC/ARBI ,3127,1561,1566,2817,1398,1419,310,163,147
C0116,18,000,00000,ASSAM,028001, Arabic/Arbi,3127,1561,1566,2817,1398,1419,310,163,147
C0116,18,000,00000,ASSAM,029000,29 BALTI ,4,4,0,3,3,0,1,1,0
C0116,18,000,00000,ASSAM,029002, Balti,4,4,0,3,3,0,1,1,0
C0116,18,000,00000,ASSAM,030000,30 BHILI/BHILODI ,3038,1595,1443,2504,1307,1197,534,288,246
C0116,18,000,00000,ASSAM,030002, Baori,3011,1582,1429,2491,1300,1191,520,282,238
C0116,18,000,00000,ASSAM,030007, Bhili/Bhilodi,3,1,2,0,0,0,3,1,2
C0116,18,000,00000,ASSAM,030015, Dhodia,2,0,2,0,0,0,2,0,2
C0116,18,000,00000,ASSAM,030020, Gamti/Gavit,10,5,5,10,5,5,0,0,0
C0116,18,000,00000,ASSAM,030035, Kokna/Kokni/Kukna,11,7,4,2,2,0,9,5,4
C0116,18,000,00000,ASSAM,030999,30 Others,1,0,1,1,0,1,0,0,0
C0116,18,000,00000,ASSAM,031000,31 BHOTIA ,128,63,65,101,51,50,27,12,15
C0116,18,000,00000,ASSAM,031001, Bhotia,74,41,33,54,30,24,20,11,9
C0116,18,000,00000,ASSAM,031999,31 Others,54,22,32,47,21,26,7,1,6
C0116,18,000,00000,ASSAM,032000,32 BHUMIJ ,952,491,461,944,487,457,8,4,4
C0116,18,000,00000,ASSAM,032002, Bhumij,179,97,82,179,97,82,0,0,0
C0116,18,000,00000,ASSAM,032999,32 Others,773,394,379,765,390,375,8,4,4
C0116,18,000,00000,ASSAM,033000,33 BISHNUPURIYA,53867,26895,26972,45631,22662,22969,8236,4233,4003
C0116,18,000,00000,ASSAM,033003, Bishnupriya Manipuri/Manipuri Bishnupriya,51737,25842,25895,43885,21811,22074,7852,4031,3821
C0116,18,000,00000,ASSAM,033999,33 Others,2130,1053,1077,1746,851,895,384,202,182
C0116,18,000,00000,ASSAM,034000,34 CHAKHESANG ,709,384,325,702,381,321,7,3,4
C0116,18,000,00000,ASSAM,034001, Chakhesang,709,384,325,702,381,321,7,3,4
C0116,18,000,00000,ASSAM,035000,35 CHAKRU/CHOKRI ,34,19,15,31,18,13,3,1,2
C0116,18,000,00000,ASSAM,035001, Chakru/Chokri,34,19,15,31,18,13,3,1,2
C0116,18,000,00000,ASSAM,036000,36 CHANG ,125,65,60,125,65,60,0,0,0
C0116,18,000,00000,ASSAM,036001, Chang,125,65,60,125,65,60,0,0,0
C0116,18,000,00000,ASSAM,037000,37 COORGI/KODAGU ,15,11,4,12,9,3,3,2,1
C0116,18,000,00000,ASSAM,037001, Coorgi/Kodagu,15,11,4,12,9,3,3,2,1
C0116,18,000,00000,ASSAM,038000,38 DEORI ,27441,13794,13647,25868,12996,12872,1573,798,775
C0116,18,000,00000,ASSAM,038001, Deori,27441,13794,13647,25868,12996,12872,1573,798,775
C0116,18,000,00000,ASSAM,039000,39 DIMASA ,131474,65848,65626,117467,58862,58605,14007,6986,7021
C0116,18,000,00000,ASSAM,039002, Dimasa,128079,64156,63923,114113,57194,56919,13966,6962,7004
C0116,18,000,00000,ASSAM,039999,39 Others,3395,1692,1703,3354,1668,1686,41,24,17
C0116,18,000,00000,ASSAM,040000,40 ENGLISH ,1287,599,688,675,338,337,612,261,351
C0116,18,000,00000,ASSAM,040001, English,1287,599,688,675,338,337,612,261,351
C0116,18,000,00000,ASSAM,042000,42 GANGTE ,54,30,24,18,12,6,36,18,18
C0116,18,000,00000,ASSAM,042001, Gangte,54,30,24,18,12,6,36,18,18
C0116,18,000,00000,ASSAM,043000,43 GARO ,172520,86953,85567,166472,84008,82464,6048,2945,3103
C0116,18,000,00000,ASSAM,043005, Garo,170677,86009,84668,164698,83104,81594,5979,2905,3074
C0116,18,000,00000,ASSAM,043999,43 Others,1843,944,899,1774,904,870,69,40,29
C0116,18,000,00000,ASSAM,044000,44 GONDI,5855,2988,2867,5827,2973,2854,28,15,13
C0116,18,000,00000,ASSAM,044007, Gondi,1,1,0,1,1,0,0,0,0
C0116,18,000,00000,ASSAM,044017, Maria/ Muria,54,26,28,54,26,28,0,0,0
C0116,18,000,00000,ASSAM,044999,44 Others,5800,2961,2839,5772,2946,2826,28,15,13
C0116,18,000,00000,ASSAM,045000,45 HALABI,6,2,4,6,2,4,0,0,0
C0116,18,000,00000,ASSAM,045001, Halabi,6,2,4,6,2,4,0,0,0
C0116,18,000,00000,ASSAM,046000,46 HALAM ,8679,4454,4225,8473,4347,4126,206,107,99
C0116,18,000,00000,ASSAM,046003, Halam,3373,1729,1644,3346,1717,1629,27,12,15
C0116,18,000,00000,ASSAM,046999,46 Others,5306,2725,2581,5127,2630,2497,179,95,84
C0116,18,000,00000,ASSAM,047000,47 HMAR,29323,14885,14438,22668,11602,11066,6655,3283,3372
C0116,18,000,00000,ASSAM,047001, Hmar,29323,14885,14438,22668,11602,11066,6655,3283,3372
C0116,18,000,00000,ASSAM,048000,48 HO,598,302,296,591,298,293,7,4,3
C0116,18,000,00000,ASSAM,048004, Ho,11,8,3,6,5,1,5,3,2
C0116,18,000,00000,ASSAM,048007, Lohara,587,294,293,585,293,292,2,1,1
C0116,18,000,00000,ASSAM,049000,49 JATAPU ,14,8,6,14,8,6,0,0,0
C0116,18,000,00000,ASSAM,049999,49 Others,14,8,6,14,8,6,0,0,0
C0116,18,000,00000,ASSAM,051000,51 KABUI ,5616,2788,2828,4311,2132,2179,1305,656,649
C0116,18,000,00000,ASSAM,051003, Kabui,21,11,10,19,9,10,2,2,0
C0116,18,000,00000,ASSAM,051005, Rongmei,5595,2777,2818,4292,2123,2169,1303,654,649
C0116,18,000,00000,ASSAM,052000,52 KARBI/MIKIR ,511732,258551,253181,465223,235325,229898,46509,23226,23283
C0116,18,000,00000,ASSAM,052002, Karbi/Mikir,511732,258551,253181,465223,235325,229898,46509,23226,23283
C0116,18,000,00000,ASSAM,053000,53 KHANDESHI,2,2,0,2,2,0,0,0,0
C0116,18,000,00000,ASSAM,053005, Gujari,1,1,0,1,1,0,0,0,0
C0116,18,000,00000,ASSAM,053006, Khandeshi,1,1,0,1,1,0,0,0,0
C0116,18,000,00000,ASSAM,054000,54 KHARIA ,8921,4438,4483,8622,4293,4329,299,145,154
C0116,18,000,00000,ASSAM,054005, Kharia,8921,4438,4483,8622,4293,4329,299,145,154
C0116,18,000,00000,ASSAM,055000,55 KHASI ,41847,21009,20838,40447,20379,20068,1400,630,770
C0116,18,000,00000,ASSAM,055007, Khasi,34558,17502,17056,33588,17058,16530,970,444,526
C0116,18,000,00000,ASSAM,055012, Pnar/Synteng,2169,1018,1151,1997,938,1059,172,80,92
C0116,18,000,00000,ASSAM,055015, War,107,26,81,92,21,71,15,5,10
C0116,18,000,00000,ASSAM,055999,55 Others ,5013,2463,2550,4770,2362,2408,243,101,142
C0116,18,000,00000,ASSAM,056000,56 KHEZHA ,7,4,3,2,1,1,5,3,2
C0116,18,000,00000,ASSAM,056999,56 Others ,7,4,3,2,1,1,5,3,2
C0116,18,000,00000,ASSAM,057000,57 KHIEMNUNGAN,30,17,13,29,16,13,1,1,0
C0116,18,000,00000,ASSAM,057001, Khiemnungan,30,17,13,29,16,13,1,1,0
C0116,18,000,00000,ASSAM,058000,58 KHOND/KONDH ,192,100,92,192,100,92,0,0,0
C0116,18,000,00000,ASSAM,058001, Khond/Kondh,191,99,92,191,99,92,0,0,0
C0116,18,000,00000,ASSAM,058006, Kuvi,1,1,0,1,1,0,0,0,0
C0116,18,000,00000,ASSAM,059000,59 KINNAURI ,2,2,0,2,2,0,0,0,0
C0116,18,000,00000,ASSAM,059003, Kinnauri,2,2,0,2,2,0,0,0,0
C0116,18,000,00000,ASSAM,060000,60 KISAN ,648,319,329,648,319,329,0,0,0
C0116,18,000,00000,ASSAM,060002, Kisan,648,319,329,648,319,329,0,0,0
C0116,18,000,00000,ASSAM,061000,61 KOCH ,12550,6325,6225,12192,6151,6041,358,174,184
C0116,18,000,00000,ASSAM,061002, Koch,11161,5651,5510,10807,5480,5327,354,171,183
C0116,18,000,00000,ASSAM,061999,61 Others,1389,674,715,1385,671,714,4,3,1
C0116,18,000,00000,ASSAM,062000,62 KODA/KORA ,110,53,57,110,53,57,0,0,0
C0116,18,000,00000,ASSAM,062003, Koda/Kora,84,41,43,84,41,43,0,0,0
C0116,18,000,00000,ASSAM,062999,62 Others ,26,12,14,26,12,14,0,0,0
C0116,18,000,00000,ASSAM,064000,64 KOM,10,7,3,8,5,3,2,2,0
C0116,18,000,00000,ASSAM,064001, Kom,10,7,3,8,5,3,2,2,0
C0116,18,000,00000,ASSAM,065000,65 KONDA,87,39,48,87,39,48,0,0,0
C0116,18,000,00000,ASSAM,065003, Konda,85,39,46,85,39,46,0,0,0
C0116,18,000,00000,ASSAM,065999,65 Others ,2,0,2,2,0,2,0,0,0
C0116,18,000,00000,ASSAM,066000,66 KONYAK ,157,95,62,157,95,62,0,0,0
C0116,18,000,00000,ASSAM,066001, Konyak,157,95,62,157,95,62,0,0,0
C0116,18,000,00000,ASSAM,068000,68 KORWA ,317,162,155,299,156,143,18,6,12
C0116,18,000,00000,ASSAM,068999,68 Others ,317,162,155,299,156,143,18,6,12
C0116,18,000,00000,ASSAM,069000,69 KOYA ,363,185,178,363,185,178,0,0,0
C0116,18,000,00000,ASSAM,069002, Koya,363,185,178,363,185,178,0,0,0
C0116,18,000,00000,ASSAM,070000,70 KUI ,518,261,257,518,261,257,0,0,0
C0116,18,000,00000,ASSAM,070001, Kui,518,261,257,518,261,257,0,0,0
C0116,18,000,00000,ASSAM,071000,71 KUKI,22327,11578,10749,18218,9507,8711,4109,2071,2038
C0116,18,000,00000,ASSAM,071008, Kuki,21459,11089,10370,17354,9019,8335,4105,2070,2035
C0116,18,000,00000,ASSAM,071999,71 Others ,868,489,379,864,488,376,4,1,3
C0116,18,000,00000,ASSAM,072000,72 KURUKH/ORAON ,73437,36943,36494,71844,36105,35739,1593,838,755
C0116,18,000,00000,ASSAM,072024, Kurukh/Oraon,73434,36941,36493,71844,36105,35739,1590,836,754
C0116,18,000,00000,ASSAM,072999,72 Others ,3,2,1,0,0,0,3,2,1
C0116,18,000,00000,ASSAM,073000,73 LADAKHI ,19,18,1,18,17,1,1,1,0
C0116,18,000,00000,ASSAM,073003, Ladakhi,19,18,1,18,17,1,1,1,0
C0116,18,000,00000,ASSAM,074000,74 LAHAULI ,7,4,3,3,2,1,4,2,2
C0116,18,000,00000,ASSAM,074002, Lahauli,4,3,1,1,1,0,3,2,1
C0116,18,000,00000,ASSAM,074999,74 Others ,3,1,2,2,1,1,1,0,1
C0116,18,000,00000,ASSAM,075000,75 LAHNDA ,10,8,2,8,7,1,2,1,1
C0116,18,000,00000,ASSAM,075006, Hindi Multani,2,1,1,2,1,1,0,0,0
C0116,18,000,00000,ASSAM,075999,75 Others ,8,7,1,6,6,0,2,1,1
C0116,18,000,00000,ASSAM,076000,76 LAKHER,41,22,19,34,16,18,7,6,1
C0116,18,000,00000,ASSAM,076002, Mara,38,19,19,31,13,18,7,6,1
C0116,18,000,00000,ASSAM,076999,76 Others ,3,3,0,3,3,0,0,0,0
C0116,18,000,00000,ASSAM,077000,77 LALUNG ,31821,15948,15873,30548,15300,15248,1273,648,625
C0116,18,000,00000,ASSAM,077001, Lalung,31821,15948,15873,30548,15300,15248,1273,648,625
C0116,18,000,00000,ASSAM,078000,78 LEPCHA ,10,6,4,7,4,3,3,2,1
C0116,18,000,00000,ASSAM,078001, Lepcha,10,6,4,7,4,3,3,2,1
C0116,18,000,00000,ASSAM,079000,79 LIANGMEI ,95,52,43,89,48,41,6,4,2
C0116,18,000,00000,ASSAM,079002, Liangmei,9,5,4,4,2,2,5,3,2
C0116,18,000,00000,ASSAM,079999,79 Others ,86,47,39,85,46,39,1,1,0
C0116,18,000,00000,ASSAM,080000,80 LIMBU ,780,381,399,780,381,399,0,0,0
C0116,18,000,00000,ASSAM,080002, Limbu,748,364,384,748,364,384,0,0,0
C0116,18,000,00000,ASSAM,080999,80 Others ,32,17,15,32,17,15,0,0,0
C0116,18,000,00000,ASSAM,081000,81 LOTHA ,1188,602,586,1156,586,570,32,16,16
C0116,18,000,00000,ASSAM,081001, Lotha,1188,602,586,1156,586,570,32,16,16
C0116,18,000,00000,ASSAM,082000,82 LUSHAI/MIZO ,4006,2228,1778,2284,1324,960,1722,904,818
C0116,18,000,00000,ASSAM,082005, Lushai/Mizo,4005,2227,1778,2284,1324,960,1721,903,818
C0116,18,000,00000,ASSAM,082999,82 Others ,1,1,0,0,0,0,1,1,0
C0116,18,000,00000,ASSAM,083000,83 MALTO ,371,185,186,260,133,127,111,52,59
C0116,18,000,00000,ASSAM,083002, Pahariya,10,5,5,10,5,5,0,0,0
C0116,18,000,00000,ASSAM,083999,83 Others,361,180,181,250,128,122,111,52,59
C0116,18,000,00000,ASSAM,084000,84 MAO,153,69,84,99,49,50,54,20,34
C0116,18,000,00000,ASSAM,084001, Mao,151,68,83,98,48,50,53,20,33
C0116,18,000,00000,ASSAM,084003, Paola,2,1,1,1,1,0,1,0,1
C0116,18,000,00000,ASSAM,085000,85 MARAM,21,12,9,21,12,9,0,0,0
C0116,18,000,00000,ASSAM,085001, Maram ,21,12,9,21,12,9,0,0,0
C0116,18,000,00000,ASSAM,087000,87 MIRI/MISHING,619197,314801,304396,608017,309146,298871,11180,5655,5525
C0116,18,000,00000,ASSAM,087003, Miri/Mishing,619197,314801,304396,608017,309146,298871,11180,5655,5525
C0116,18,000,00000,ASSAM,088000,88 MISHMI ,1578,797,781,1426,721,705,152,76,76
C0116,18,000,00000,ASSAM,088007, Mishmi,7,1,6,3,1,2,4,0,4
C0116,18,000,00000,ASSAM,088999,88 Others ,1571,796,775,1423,720,703,148,76,72
C0116,18,000,00000,ASSAM,089000,89 MOGH ,325,168,157,294,150,144,31,18,13
C0116,18,000,00000,ASSAM,089004, Mogh,325,168,157,294,150,144,31,18,13
C0116,18,000,00000,ASSAM,090000,90 MONPA ,56,30,26,37,17,20,19,13,6
C0116,18,000,00000,ASSAM,090003, Monpa,56,30,26,37,17,20,19,13,6
C0116,18,000,00000,ASSAM,091000,91 MUNDA,71903,35957,35946,71239,35590,35649,664,367,297
C0116,18,000,00000,ASSAM,091006, Kol,39,18,21,38,18,20,1,0,1
C0116,18,000,00000,ASSAM,091009, Munda,71579,35784,35795,70918,35419,35499,661,365,296
C0116,18,000,00000,ASSAM,091999,91 Others ,285,155,130,283,153,130,2,2,0
C0116,18,000,00000,ASSAM,092000,92 MUNDARI ,23813,11941,11872,23584,11790,11794,229,151,78
C0116,18,000,00000,ASSAM,092005, Mundari,23812,11941,11871,23583,11790,11793,229,151,78
C0116,18,000,00000,ASSAM,092999,92 Others,1,0,1,1,0,1,0,0,0
C0116,18,000,00000,ASSAM,093000,93 NICOBARESE ,1,1,0,1,1,0,0,0,0
C0116,18,000,00000,ASSAM,093001, Nicobarese,1,1,0,1,1,0,0,0,0
C0116,18,000,00000,ASSAM,094000,94 NISSI/DAFLA ,1403,687,716,1308,646,662,95,41,54
C0116,18,000,00000,ASSAM,094001, Apatani,96,42,54,54,24,30,42,18,24
C0116,18,000,00000,ASSAM,094007, Nissi/Dafla,1277,625,652,1236,610,626,41,15,26
C0116,18,000,00000,ASSAM,094008, Tagin,22,15,7,12,8,4,10,7,3
C0116,18,000,00000,ASSAM,094999,94 Others ,8,5,3,6,4,2,2,1,1
C0116,18,000,00000,ASSAM,095000,95 NOCTE ,279,134,145,233,110,123,46,24,22
C0116,18,000,00000,ASSAM,095003, Nocte,275,132,143,229,108,121,46,24,22
C0116,18,000,00000,ASSAM,095999,95 Others ,4,2,2,4,2,2,0,0,0
C0116,18,000,00000,ASSAM,096000,96 PAITE,299,171,128,70,52,18,229,119,110
C0116,18,000,00000,ASSAM,096002, Paite,293,165,128,70,52,18,223,113,110
C0116,18,000,00000,ASSAM,096999,96 Others ,6,6,0,0,0,0,6,6,0
C0116,18,000,00000,ASSAM,097000,97 PARJI ,5693,2798,2895,5686,2796,2890,7,2,5
C0116,18,000,00000,ASSAM,097999,97 Others ,5693,2798,2895,5686,2796,2890,7,2,5
C0116,18,000,00000,ASSAM,098000,98 PAWI ,1,1,0,0,0,0,1,1,0
C0116,18,000,00000,ASSAM,098001, Pawi,1,1,0,0,0,0,1,1,0
C0116,18,000,00000,ASSAM,100000,100 PHOM ,24,12,12,24,12,12,0,0,0
C0116,18,000,00000,ASSAM,100001, Phom,24,12,12,24,12,12,0,0,0
C0116,18,000,00000,ASSAM,101000,101 POCHURY,32,13,19,32,13,19,0,0,0
C0116,18,000,00000,ASSAM,101006, Pochury,32,13,19,32,13,19,0,0,0
C0116,18,000,00000,ASSAM,102000,102 RABHA ,101752,51305,50447,98661,49768,48893,3091,1537,1554
C0116,18,000,00000,ASSAM,102002, Rabha,101752,51305,50447,98661,49768,48893,3091,1537,1554
C0116,18,000,00000,ASSAM,103000,103 RAI ,1110,573,537,1085,556,529,25,17,8
C0116,18,000,00000,ASSAM,103003, Rai,271,135,136,271,135,136,0,0,0
C0116,18,000,00000,ASSAM,103999,103 Others ,839,438,401,814,421,393,25,17,8
C0116,18,000,00000,ASSAM,104000,104 RENGMA ,3149,1605,1544,2779,1432,1347,370,173,197
C0116,18,000,00000,ASSAM,104001, Rengma,3149,1605,1544,2779,1432,1347,370,173,197
C0116,18,000,00000,ASSAM,105000,105 SANGTAM ,82,46,36,77,42,35,5,4,1
C0116,18,000,00000,ASSAM,105004, Sangtam,82,46,36,77,42,35,5,4,1
C0116,18,000,00000,ASSAM,106000,106 SAVARA,5900,2904,2996,5505,2705,2800,395,199,196
C0116,18,000,00000,ASSAM,106004, Savara,5900,2904,2996,5505,2705,2800,395,199,196
C0116,18,000,00000,ASSAM,107000,107 SEMA,1945,988,957,1902,967,935,43,21,22
C0116,18,000,00000,ASSAM,107002, Sema,1945,988,957,1902,967,935,43,21,22
C0116,18,000,00000,ASSAM,108000,108 SHERPA ,124,61,63,124,61,63,0,0,0
C0116,18,000,00000,ASSAM,108001, Sherpa,124,61,63,124,61,63,0,0,0
C0116,18,000,00000,ASSAM,109000,109 SHINA,103,61,42,102,61,41,1,0,1
C0116,18,000,00000,ASSAM,109005, Shina,15,13,2,14,13,1,1,0,1
C0116,18,000,00000,ASSAM,109999,109 Others ,88,48,40,88,48,40,0,0,0
C0116,18,000,00000,ASSAM,111000,111 TAMANG ,2063,1035,1028,2012,1004,1008,51,31,20
C0116,18,000,00000,ASSAM,111001, Tamang,2063,1035,1028,2012,1004,1008,51,31,20
C0116,18,000,00000,ASSAM,112000,112 TANGKHUL ,148,77,71,48,29,19,100,48,52
C0116,18,000,00000,ASSAM,112008, Tangkhul,148,77,71,48,29,19,100,48,52
C0116,18,000,00000,ASSAM,113000,113 TANGSA,1723,852,871,1635,818,817,88,34,54
C0116,18,000,00000,ASSAM,113024, Tutcha Tangsa,3,1,2,1,0,1,2,1,1
C0116,18,000,00000,ASSAM,113999,113 Others,1720,851,869,1634,818,816,86,33,53
C0116,18,000,00000,ASSAM,114000,114 THADO ,2540,1322,1218,2245,1171,1074,295,151,144
C0116,18,000,00000,ASSAM,114015, Thado,2066,1073,993,1888,982,906,178,91,87
C0116,18,000,00000,ASSAM,114999,114 Others,474,249,225,357,189,168,117,60,57
C0116,18,000,00000,ASSAM,115000,115 TIBETAN ,522,257,265,435,213,222,87,44,43
C0116,18,000,00000,ASSAM,115008, Tibetan,108,40,68,62,19,43,46,21,25
C0116,18,000,00000,ASSAM,115999,115 Others,414,217,197,373,194,179,41,23,18
C0116,18,000,00000,ASSAM,116000,116 TRIPURI ,22890,11826,11064,22550,11628,10922,340,198,142
C0116,18,000,00000,ASSAM,116007, Kokbarak,13401,6924,6477,13235,6835,6400,166,89,77
C0116,18,000,00000,ASSAM,116011, Reang,6249,3228,3021,6167,3179,2988,82,49,33
C0116,18,000,00000,ASSAM,116014, Tripuri,3200,1648,1552,3122,1597,1525,78,51,27
C0116,18,000,00000,ASSAM,116999,116 Others ,40,26,14,26,17,9,14,9,5
C0116,18,000,00000,ASSAM,117000,117 TULU ,91,50,41,65,38,27,26,12,14
C0116,18,000,00000,ASSAM,117009, Tulu,6,6,0,3,3,0,3,3,0
C0116,18,000,00000,ASSAM,117999,117 Others ,85,44,41,62,35,27,23,9,14
C0116,18,000,00000,ASSAM,118000,118 VAIPHEI ,1094,574,520,919,488,431,175,86,89
C0116,18,000,00000,ASSAM,118002, Vaiphei,1094,574,520,919,488,431,175,86,89
C0116,18,000,00000,ASSAM,119000,119 WANCHO,345,175,170,333,170,163,12,5,7
C0116,18,000,00000,ASSAM,119001, Wancho,345,175,170,333,170,163,12,5,7
C0116,18,000,00000,ASSAM,120000,120 YIMCHUNGRE,450,245,205,438,240,198,12,5,7
C0116,18,000,00000,ASSAM,120001, Chirr,374,199,175,362,194,168,12,5,7
C0116,18,000,00000,ASSAM,120004, Tikhir,6,3,3,6,3,3,0,0,0
C0116,18,000,00000,ASSAM,120005, Yimchungre,70,43,27,70,43,27,0,0,0
C0116,18,000,00000,ASSAM,121000,121 ZELIANG ,44,25,19,31,19,12,13,6,7
C0116,18,000,00000,ASSAM,121001, Zeliang,44,25,19,31,19,12,13,6,7
C0116,18,000,00000,ASSAM,122000,122 ZEMI ,20723,10351,10372,17203,8583,8620,3520,1768,1752
C0116,18,000,00000,ASSAM,122003, Zemi,20723,10351,10372,17203,8583,8620,3520,1768,1752
C0116,18,000,00000,ASSAM,123000,123 ZOU ,40,20,20,23,13,10,17,7,10
C0116,18,000,00000,ASSAM,123001, Zou,40,20,20,23,13,10,17,7,10
C0116,18,000,00000,ASSAM,124000,124 OTHERS,196436,99664,96772,184101,93386,90715,12335,6278,6057
C0116,19,000,00000,WEST BENGAL,001000,1 ASSAMESE,7342,4595,2747,3706,2465,1241,3636,2130,1506
C0116,19,000,00000,WEST BENGAL,001002, Assamese,7147,4417,2730,3569,2334,1235,3578,2083,1495
C0116,19,000,00000,WEST BENGAL,001999,1 Others,195,178,17,137,131,6,58,47,11
C0116,19,000,00000,WEST BENGAL,002000,2 BENGALI ,78698852,40215336,38483516,56188667,28817906,27370761,22510185,11397430,11112755
C0116,19,000,00000,WEST BENGAL,002007, Bengali,78151766,39933409,38218357,55684784,28558056,27126728,22466982,11375353,11091629
C0116,19,000,00000,WEST BENGAL,002011, Chakma,175,101,74,90,51,39,85,50,35
C0116,19,000,00000,WEST BENGAL,002015, Haijong/Hajong,13,9,4,2,2,0,11,7,4
C0116,19,000,00000,WEST BENGAL,002044, Rajbangsi,283040,145572,137468,252857,130192,122665,30183,15380,14803
C0116,19,000,00000,WEST BENGAL,002999,2 Others,263858,136245,127613,250934,129605,121329,12924,6640,6284
C0116,19,000,00000,WEST BENGAL,003000,3 BODO ,42739,21667,21072,39539,20014,19525,3200,1653,1547
C0116,19,000,00000,WEST BENGAL,003001, Bodo/Boro,30389,15424,14965,28828,14619,14209,1561,805,756
C0116,19,000,00000,WEST BENGAL,003003, Kachari,46,28,18,19,8,11,27,20,7
C0116,19,000,00000,WEST BENGAL,003004, Mech/Mechhia,11476,5806,5670,10020,5049,4971,1456,757,699
C0116,19,000,00000,WEST BENGAL,003999,3 Others,828,409,419,672,338,334,156,71,85
C0116,19,000,00000,WEST BENGAL,004000,4 DOGRI ,1557,1286,271,692,592,100,865,694,171
C0116,19,000,00000,WEST BENGAL,004001, Dogri,1554,1284,270,692,592,100,862,692,170
C0116,19,000,00000,WEST BENGAL,004999,4 Others,3,2,1,0,0,0,3,2,1
C0116,19,000,00000,WEST BENGAL,005000,5 GUJARATI,41371,21240,20131,4141,2314,1827,37230,18926,18304
C0116,19,000,00000,WEST BENGAL,005018, Gujarati,38444,19770,18674,1684,1079,605,36760,18691,18069
C0116,19,000,00000,WEST BENGAL,005052, Pattani,2,1,1,0,0,0,2,1,1
C0116,19,000,00000,WEST BENGAL,005057, Saurashtra/Saurashtri,21,11,10,2,2,0,19,9,10
C0116,19,000,00000,WEST BENGAL,005999,5 Others,2904,1458,1446,2455,1233,1222,449,225,224
C0116,19,000,00000,WEST BENGAL,006000,6 HINDI ,6356059,3421912,2934147,2027869,1042099,985770,4328190,2379813,1948377
C0116,19,000,00000,WEST BENGAL,006030, Awadhi,121,64,57,11,5,6,110,59,51
C0116,19,000,00000,WEST BENGAL,006040, Baghati/Baghati Pahari,4,2,2,4,2,2,0,0,0
C0116,19,000,00000,WEST BENGAL,006042, Bagheli/Baghel Khandi,1,1,0,1,1,0,0,0,0
C0116,19,000,00000,WEST BENGAL,006086, Bhadrawahi,5,5,0,5,5,0,0,0,0
C0116,19,000,00000,WEST BENGAL,006096, Bharmauri/Gaddi,85,49,36,62,36,26,23,13,10
C0116,19,000,00000,WEST BENGAL,006102, Bhojpuri,177883,96408,81475,81056,42859,38197,96827,53549,43278
C0116,19,000,00000,WEST BENGAL,006123, Brajbhasha,53,31,22,5,4,1,48,27,21
C0116,19,000,00000,WEST BENGAL,006125, Bundeli/Bundel khandi,74,45,29,15,12,3,59,33,26
C0116,19,000,00000,WEST BENGAL,006142, Chhattisgarhi,1558,780,778,752,384,368,806,396,410
C0116,19,000,00000,WEST BENGAL,006173, Dhundhari,48,33,15,27,16,11,21,17,4
C0116,19,000,00000,WEST BENGAL,006195, Garhwali,363,226,137,164,113,51,199,113,86
C0116,19,000,00000,WEST BENGAL,006207, Gojri/Gujjari/Gujar,29,16,13,10,6,4,19,10,9
C0116,19,000,00000,WEST BENGAL,006231, Handuri,6,4,2,6,4,2,0,0,0
C0116,19,000,00000,WEST BENGAL,006232, Hara/Harauti,6,4,2,2,1,1,4,3,1
C0116,19,000,00000,WEST BENGAL,006235, Haryanvi,1696,964,732,830,501,329,866,463,403
C0116,19,000,00000,WEST BENGAL,006240, Hindi,4565554,2507765,2057789,458587,245995,212592,4106967,2261770,1845197
C0116,19,000,00000,WEST BENGAL,006265, Jaunpuri/Jaunsari,3,2,1,2,2,0,1,0,1
C0116,19,000,00000,WEST BENGAL,006291, Kangri,6,2,4,0,0,0,6,2,4
C0116,19,000,00000,WEST BENGAL,006311, Khari Boli,13,6,7,3,2,1,10,4,6
C0116,19,000,00000,WEST BENGAL,006320, Khortha/Khotta,154766,80067,74699,143351,74131,69220,11415,5936,5479
C0116,19,000,00000,WEST BENGAL,006336, Kulvi,1,1,0,1,1,0,0,0,0
C0116,19,000,00000,WEST BENGAL,006340, Kumauni,382,297,85,105,74,31,277,223,54
C0116,19,000,00000,WEST BENGAL,006345, Kurmali Thar,218226,110796,107430,217500,110406,107094,726,390,336
C0116,19,000,00000,WEST BENGAL,006353, Lamani/Lambadi,4,1,3,0,0,0,4,1,3
C0116,19,000,00000,WEST BENGAL,006355, Laria,11,5,6,7,4,3,4,1,3
C0116,19,000,00000,WEST BENGAL,006376, Magadhi/Magahi,1562,875,687,61,44,17,1501,831,670
C0116,19,000,00000,WEST BENGAL,006391, Malvi,34,19,15,30,16,14,4,3,1
C0116,19,000,00000,WEST BENGAL,006394, Mandeali,29,15,14,29,15,14,0,0,0
C0116,19,000,00000,WEST BENGAL,006400, Marwari,50465,26049,24416,2447,1315,1132,48018,24734,23284
C0116,19,000,00000,WEST BENGAL,006409, Mewati,1,1,0,0,0,0,1,1,0
C0116,19,000,00000,WEST BENGAL,006420, Nagpuria,953,468,485,895,442,453,58,26,32
C0116,19,000,00000,WEST BENGAL,006432, Nimadi,1,1,0,1,1,0,0,0,0
C0116,19,000,00000,WEST BENGAL,006439, Pahari,1693,1027,666,1099,585,514,594,442,152
C0116,19,000,00000,WEST BENGAL,006451, Panch Pargania,505,277,228,500,276,224,5,1,4
C0116,19,000,00000,WEST BENGAL,006452, Pando/Pandwani,1,0,1,1,0,1,0,0,0
C0116,19,000,00000,WEST BENGAL,006476, Puran/Puran Bhasha,6,2,4,0,0,0,6,2,4
C0116,19,000,00000,WEST BENGAL,006489, Rajasthani,10537,5713,4824,1729,1043,686,8808,4670,4138
C0116,19,000,00000,WEST BENGAL,006503, Sadan/Sadri,741528,369418,372110,711065,354150,356915,30463,15268,15195
C0116,19,000,00000,WEST BENGAL,006530, Sirmauri,3,1,2,3,1,2,0,0,0
C0116,19,000,00000,WEST BENGAL,006547, Surgujia,1,0,1,1,0,1,0,0,0
C0116,19,000,00000,WEST BENGAL,006548, Surjapuri,395686,203525,192161,389286,200207,189079,6400,3318,3082
C0116,19,000,00000,WEST BENGAL,006999,6 Others,32156,16947,15209,18216,9440,8776,13940,7507,6433
C0116,19,000,00000,WEST BENGAL,007000,7 KANNADA,2192,1454,738,904,651,253,1288,803,485
C0116,19,000,00000,WEST BENGAL,007002, Badaga,11,7,4,8,5,3,3,2,1
C0116,19,000,00000,WEST BENGAL,007016, Kannada,2020,1354,666,851,619,232,1169,735,434
C0116,19,000,00000,WEST BENGAL,007027, Kuruba/Kurumba,18,8,10,18,8,10,0,0,0
C0116,19,000,00000,WEST BENGAL,007041, Prakritha/Prakritha Bhasha,76,42,34,0,0,0,76,42,34
C0116,19,000,00000,WEST BENGAL,007999,7 Others,67,43,24,27,19,8,40,24,16
C0116,19,000,00000,WEST BENGAL,008000,8 KASHMIRI ,624,443,181,364,274,90,260,169,91
C0116,19,000,00000,WEST BENGAL,008005, Kashmiri,618,442,176,359,273,86,259,169,90
C0116,19,000,00000,WEST BENGAL,008018, Siraji,5,1,4,5,1,4,0,0,0
C0116,19,000,00000,WEST BENGAL,008999,8 Others,1,0,1,0,0,0,1,0,1
C0116,19,000,00000,WEST BENGAL,009000,9 KONKANI,506,228,278,55,35,20,451,193,258
C0116,19,000,00000,WEST BENGAL,009011, Konkani,438,193,245,48,30,18,390,163,227
C0116,19,000,00000,WEST BENGAL,009013, Kudubi/Kudumbi,3,2,1,2,1,1,1,1,0
C0116,19,000,00000,WEST BENGAL,009999,9 Others,65,33,32,5,4,1,60,29,31
C0116,19,000,00000,WEST BENGAL,010000,10 MAITHILI ,29741,16766,12975,8544,4550,3994,21197,12216,8981
C0116,19,000,00000,WEST BENGAL,010008, Maithili,29482,16634,12848,8433,4487,3946,21049,12147,8902
C0116,19,000,00000,WEST BENGAL,010011, Purbi Maithili,7,2,5,7,2,5,0,0,0
C0116,19,000,00000,WEST BENGAL,010013, Thati,208,107,101,60,38,22,148,69,79
C0116,19,000,00000,WEST BENGAL,010014, Tharu,44,23,21,44,23,21,0,0,0
C0116,19,000,00000,WEST BENGAL,011000,11 MALAYALAM,10952,5979,4973,1699,1130,569,9253,4849,4404
C0116,19,000,00000,WEST BENGAL,011016, Malayalam,10949,5977,4972,1698,1129,569,9251,4848,4403
C0116,19,000,00000,WEST BENGAL,011023, Pania,2,1,1,0,0,0,2,1,1
C0116,19,000,00000,WEST BENGAL,011999,11 Others,1,1,0,1,1,0,0,0,0
C0116,19,000,00000,WEST BENGAL,012000,12 MANIPURI ,2010,1197,813,493,361,132,1517,836,681
C0116,19,000,00000,WEST BENGAL,012003, Manipuri,1993,1190,803,484,357,127,1509,833,676
C0116,19,000,00000,WEST BENGAL,012999,12 Others,17,7,10,9,4,5,8,3,5
C0116,19,000,00000,WEST BENGAL,013000,13 MARATHI ,14815,8785,6030,4920,3103,1817,9895,5682,4213
C0116,19,000,00000,WEST BENGAL,013004, Are,2,1,1,0,0,0,2,1,1
C0116,19,000,00000,WEST BENGAL,013060, Koli,6,3,3,2,1,1,4,2,2
C0116,19,000,00000,WEST BENGAL,013071, Marathi,14367,8570,5797,4547,2926,1621,9820,5644,4176
C0116,19,000,00000,WEST BENGAL,013999,13 Others,440,211,229,371,176,195,69,35,34
C0116,19,000,00000,WEST BENGAL,014000,14 NEPALI ,1155375,575171,580204,815337,408499,406838,340038,166672,173366
C0116,19,000,00000,WEST BENGAL,014011, Nepali,1155372,575170,580202,815335,408498,406837,340037,166672,173365
C0116,19,000,00000,WEST BENGAL,014999,14 Others,3,1,2,2,1,1,1,0,1
C0116,19,000,00000,WEST BENGAL,015000,15 ODIA ,162142,88213,73929,35836,13426,22410,126306,74787,51519
C0116,19,000,00000,WEST BENGAL,015006, Bhatri,6,1,5,6,1,5,0,0,0
C0116,19,000,00000,WEST BENGAL,015007, Bhuiya/Bhuyan[Ori],295,151,144,193,99,94,102,52,50
C0116,19,000,00000,WEST BENGAL,015010, Bhumijali,4,2,2,4,2,2,0,0,0
C0116,19,000,00000,WEST BENGAL,015014, Desia,1096,559,537,618,316,302,478,243,235
C0116,19,000,00000,WEST BENGAL,015043, Odia,160199,87213,72986,34995,12999,21996,125204,74214,50990
C0116,19,000,00000,WEST BENGAL,015055, Relli,17,11,6,0,0,0,17,11,6
C0116,19,000,00000,WEST BENGAL,015058, Sambalpuri,6,5,1,1,1,0,5,4,1
C0116,19,000,00000,WEST BENGAL,015999,15 Others,519,271,248,19,8,11,500,263,237
C0116,19,000,00000,WEST BENGAL,016000,16 PUNJABI ,61080,33120,27960,8844,5125,3719,52236,27995,24241
C0116,19,000,00000,WEST BENGAL,016002, Bagri,699,349,350,678,338,340,21,11,10
C0116,19,000,00000,WEST BENGAL,016005, Bhateali,4184,2140,2044,4089,2094,1995,95,46,49
C0116,19,000,00000,WEST BENGAL,016038, Punjabi,55679,30360,25319,3590,2436,1154,52089,27924,24165
C0116,19,000,00000,WEST BENGAL,016999,16 Others,518,271,247,487,257,230,31,14,17
C0116,19,000,00000,WEST BENGAL,017000,17 SANSKRIT ,1200,621,579,1066,540,526,134,81,53
C0116,19,000,00000,WEST BENGAL,017002, Sanskrit,1200,621,579,1066,540,526,134,81,53
C0116,19,000,00000,WEST BENGAL,018000,18 SANTALI ,2429073,1207231,1221842,2283852,1134686,1149166,145221,72545,72676
C0116,19,000,00000,WEST BENGAL,018010, Karmali,454,239,215,445,233,212,9,6,3
C0116,19,000,00000,WEST BENGAL,018011, Mahili,5653,2771,2882,4461,2180,2281,1192,591,601
C0116,19,000,00000,WEST BENGAL,018040, Santali,2421666,1203574,1218092,2277912,1131759,1146153,143754,71815,71939
C0116,19,000,00000,WEST BENGAL,018999,18 Others,1300,647,653,1034,514,520,266,133,133
C0116,19,000,00000,WEST BENGAL,019000,19 SINDHI,7828,3897,3931,2571,1287,1284,5257,2610,2647
C0116,19,000,00000,WEST BENGAL,019002, Bhatia,1697,843,854,1692,840,852,5,3,2
C0116,19,000,00000,WEST BENGAL,019008, Kachchhi,123,66,57,10,7,3,113,59,54
C0116,19,000,00000,WEST BENGAL,019014, Sindhi,6004,2985,3019,866,438,428,5138,2547,2591
C0116,19,000,00000,WEST BENGAL,019999,19 Others,4,3,1,3,2,1,1,1,0
C0116,19,000,00000,WEST BENGAL,020000,20 TAMIL ,15930,8960,6970,1935,1465,470,13995,7495,6500
C0116,19,000,00000,WEST BENGAL,020009, Kaikadi,5,3,2,0,0,0,5,3,2
C0116,19,000,00000,WEST BENGAL,020015, Korava,11,4,7,2,1,1,9,3,6
C0116,19,000,00000,WEST BENGAL,020027, Tamil,15809,8902,6907,1841,1416,425,13968,7486,6482
C0116,19,000,00000,WEST BENGAL,020999,20 Others,105,51,54,92,48,44,13,3,10
C0116,19,000,00000,WEST BENGAL,021000,21 TELUGU ,88352,45088,43264,3926,2418,1508,84426,42670,41756
C0116,19,000,00000,WEST BENGAL,021046, Telugu,88023,44919,43104,3748,2328,1420,84275,42591,41684
C0116,19,000,00000,WEST BENGAL,021999,21 Others,329,169,160,178,90,88,151,79,72
C0116,19,000,00000,WEST BENGAL,022000,22 URDU,1663519,881862,781657,331765,171952,159813,1331754,709910,621844
C0116,19,000,00000,WEST BENGAL,022015, Urdu,1661941,881014,780927,330436,171252,159184,1331505,709762,621743
C0116,19,000,00000,WEST BENGAL,022016, Bhansari,18,8,10,0,0,0,18,8,10
C0116,19,000,00000,WEST BENGAL,022999,22 Others,1560,840,720,1329,700,629,231,140,91
C0116,19,000,00000,WEST BENGAL,023000,23 ADI ,527,275,252,517,269,248,10,6,4
C0116,19,000,00000,WEST BENGAL,023003, Adi,496,257,239,495,256,239,1,1,0
C0116,19,000,00000,WEST BENGAL,023006, Adi Gallong/Gallong,21,14,7,13,9,4,8,5,3
C0116,19,000,00000,WEST BENGAL,023999,23 Others,10,4,6,9,4,5,1,0,1
C0116,19,000,00000,WEST BENGAL,024000,24 AFGHANI/KABULI/PASHTO ,118,97,21,25,16,9,93,81,12
C0116,19,000,00000,WEST BENGAL,024001, Afghani/Kabuli/Pashto,99,82,17,22,13,9,77,69,8
C0116,19,000,00000,WEST BENGAL,024999,24 Others,19,15,4,3,3,0,16,12,4
C0116,19,000,00000,WEST BENGAL,025000,25 ANAL ,14,12,2,2,2,0,12,10,2
C0116,19,000,00000,WEST BENGAL,025001, Anal,12,10,2,0,0,0,12,10,2
C0116,19,000,00000,WEST BENGAL,025999,25 Others,2,2,0,2,2,0,0,0,0
C0116,19,000,00000,WEST BENGAL,026000,26 ANGAMI ,89,83,6,73,72,1,16,11,5
C0116,19,000,00000,WEST BENGAL,026002, Angami,27,22,5,15,14,1,12,8,4
C0116,19,000,00000,WEST BENGAL,026999,26 Others,62,61,1,58,58,0,4,3,1
C0116,19,000,00000,WEST BENGAL,027000,27 AO ,192,158,34,141,120,21,51,38,13
C0116,19,000,00000,WEST BENGAL,027001, Ao,153,127,26,113,96,17,40,31,9
C0116,19,000,00000,WEST BENGAL,027999,27 Others,39,31,8,28,24,4,11,7,4
C0116,19,000,00000,WEST BENGAL,028000,28 ARABIC/ARBI ,4479,2334,2145,3293,1721,1572,1186,613,573
C0116,19,000,00000,WEST BENGAL,028001, Arabic/Arbi,4478,2333,2145,3292,1720,1572,1186,613,573
C0116,19,000,00000,WEST BENGAL,028999,28 Others,1,1,0,1,1,0,0,0,0
C0116,19,000,00000,WEST BENGAL,029000,29 BALTI ,5,3,2,5,3,2,0,0,0
C0116,19,000,00000,WEST BENGAL,029002, Balti,5,3,2,5,3,2,0,0,0
C0116,19,000,00000,WEST BENGAL,030000,30 BHILI/BHILODI ,689,369,320,528,287,241,161,82,79
C0116,19,000,00000,WEST BENGAL,030002, Baori,496,264,232,385,204,181,111,60,51
C0116,19,000,00000,WEST BENGAL,030011, Chodhari,14,8,6,11,6,5,3,2,1
C0116,19,000,00000,WEST BENGAL,030015, Dhodia,10,5,5,0,0,0,10,5,5
C0116,19,000,00000,WEST BENGAL,030020, Gamti/Gavit,6,1,5,1,0,1,5,1,4
C0116,19,000,00000,WEST BENGAL,030021, Garasia,9,5,4,8,4,4,1,1,0
C0116,19,000,00000,WEST BENGAL,030035, Kokna/Kokni/Kukna,40,20,20,25,14,11,15,6,9
C0116,19,000,00000,WEST BENGAL,030066, Paradhi,3,1,2,3,1,2,0,0,0
C0116,19,000,00000,WEST BENGAL,030073, Tadavi,8,2,6,0,0,0,8,2,6
C0116,19,000,00000,WEST BENGAL,030076, Vasava,5,2,3,5,2,3,0,0,0
C0116,19,000,00000,WEST BENGAL,030999,30 Others,98,61,37,90,56,34,8,5,3
C0116,19,000,00000,WEST BENGAL,031000,31 BHOTIA ,4293,2164,2129,1873,926,947,2420,1238,1182
C0116,19,000,00000,WEST BENGAL,031001, Bhotia,4250,2140,2110,1855,916,939,2395,1224,1171
C0116,19,000,00000,WEST BENGAL,031999,31 Others,43,24,19,18,10,8,25,14,11
C0116,19,000,00000,WEST BENGAL,032000,32 BHUMIJ ,6977,3578,3399,6907,3539,3368,70,39,31
C0116,19,000,00000,WEST BENGAL,032002, Bhumij,770,383,387,750,371,379,20,12,8
C0116,19,000,00000,WEST BENGAL,032999,32 Others,6207,3195,3012,6157,3168,2989,50,27,23
C0116,19,000,00000,WEST BENGAL,033000,33 BISHNUPURIYA,26,13,13,1,1,0,25,12,13
C0116,19,000,00000,WEST BENGAL,033003, Bishnupriya Manipuri/Manipuri Bishnupriya,22,10,12,1,1,0,21,9,12
C0116,19,000,00000,WEST BENGAL,033999,33 Others,4,3,1,0,0,0,4,3,1
C0116,19,000,00000,WEST BENGAL,034000,34 CHAKHESANG ,14,14,0,11,11,0,3,3,0
C0116,19,000,00000,WEST BENGAL,034001, Chakhesang,14,14,0,11,11,0,3,3,0
C0116,19,000,00000,WEST BENGAL,035000,35 CHAKRU/CHOKRI ,14,7,7,5,3,2,9,4,5
C0116,19,000,00000,WEST BENGAL,035001, Chakru/Chokri,14,7,7,5,3,2,9,4,5
C0116,19,000,00000,WEST BENGAL,036000,36 CHANG ,24,20,4,22,18,4,2,2,0
C0116,19,000,00000,WEST BENGAL,036001, Chang,24,20,4,22,18,4,2,2,0
C0116,19,000,00000,WEST BENGAL,037000,37 COORGI/KODAGU ,2,2,0,1,1,0,1,1,0
C0116,19,000,00000,WEST BENGAL,037001, Coorgi/Kodagu,2,2,0,1,1,0,1,1,0
C0116,19,000,00000,WEST BENGAL,038000,38 DEORI ,1,1,0,1,1,0,0,0,0
C0116,19,000,00000,WEST BENGAL,038001, Deori,1,1,0,1,1,0,0,0,0
C0116,19,000,00000,WEST BENGAL,039000,39 DIMASA ,7,4,3,4,2,2,3,2,1
C0116,19,000,00000,WEST BENGAL,039002, Dimasa,3,3,0,1,1,0,2,2,0
C0116,19,000,00000,WEST BENGAL,039999,39 Others,4,1,3,3,1,2,1,0,1
C0116,19,000,00000,WEST BENGAL,040000,40 ENGLISH ,14945,7484,7461,1346,796,550,13599,6688,6911
C0116,19,000,00000,WEST BENGAL,040001, English,14945,7484,7461,1346,796,550,13599,6688,6911
C0116,19,000,00000,WEST BENGAL,041000,41 GADABA ,5,4,1,1,1,0,4,3,1
C0116,19,000,00000,WEST BENGAL,041001, Gadaba,5,4,1,1,1,0,4,3,1
C0116,19,000,00000,WEST BENGAL,042000,42 GANGTE ,5,4,1,4,3,1,1,1,0
C0116,19,000,00000,WEST BENGAL,042001, Gangte,5,4,1,4,3,1,1,1,0
C0116,19,000,00000,WEST BENGAL,043000,43 GARO ,1729,856,873,1549,763,786,180,93,87
C0116,19,000,00000,WEST BENGAL,043005, Garo,1708,847,861,1532,756,776,176,91,85
C0116,19,000,00000,WEST BENGAL,043999,43 Others,21,9,12,17,7,10,4,2,2
C0116,19,000,00000,WEST BENGAL,044000,44 GONDI,605,296,309,568,280,288,37,16,21
C0116,19,000,00000,WEST BENGAL,044007, Gondi,307,158,149,303,156,147,4,2,2
C0116,19,000,00000,WEST BENGAL,044017, Maria/ Muria,84,36,48,73,35,38,11,1,10
C0116,19,000,00000,WEST BENGAL,044999,44 Others,214,102,112,192,89,103,22,13,9
C0116,19,000,00000,WEST BENGAL,046000,46 HALAM ,36,20,16,31,17,14,5,3,2
C0116,19,000,00000,WEST BENGAL,046003, Halam,7,5,2,3,2,1,4,3,1
C0116,19,000,00000,WEST BENGAL,046999,46 Others,29,15,14,28,15,13,1,0,1
C0116,19,000,00000,WEST BENGAL,047000,47 HMAR,23,16,7,1,0,1,22,16,6
C0116,19,000,00000,WEST BENGAL,047001, Hmar,23,16,7,1,0,1,22,16,6
C0116,19,000,00000,WEST BENGAL,048000,48 HO,6055,3063,2992,5204,2641,2563,851,422,429
C0116,19,000,00000,WEST BENGAL,048004, Ho,5203,2633,2570,4363,2219,2144,840,414,426
C0116,19,000,00000,WEST BENGAL,048007, Lohara,852,430,422,841,422,419,11,8,3
C0116,19,000,00000,WEST BENGAL,049000,49 JATAPU ,4,2,2,0,0,0,4,2,2
C0116,19,000,00000,WEST BENGAL,049999,49 Others,4,2,2,0,0,0,4,2,2
C0116,19,000,00000,WEST BENGAL,051000,51 KABUI ,18,10,8,5,3,2,13,7,6
C0116,19,000,00000,WEST BENGAL,051003, Kabui,5,5,0,2,2,0,3,3,0
C0116,19,000,00000,WEST BENGAL,051005, Rongmei,13,5,8,3,1,2,10,4,6
C0116,19,000,00000,WEST BENGAL,052000,52 KARBI/MIKIR ,4,3,1,0,0,0,4,3,1
C0116,19,000,00000,WEST BENGAL,052002, Karbi/Mikir,4,3,1,0,0,0,4,3,1
C0116,19,000,00000,WEST BENGAL,053000,53 KHANDESHI,8,7,1,8,7,1,0,0,0
C0116,19,000,00000,WEST BENGAL,053004, Dangi,3,2,1,3,2,1,0,0,0
C0116,19,000,00000,WEST BENGAL,053005, Gujari,5,5,0,5,5,0,0,0,0
C0116,19,000,00000,WEST BENGAL,054000,54 KHARIA ,6876,3446,3430,6408,3211,3197,468,235,233
C0116,19,000,00000,WEST BENGAL,054005, Kharia,6327,3166,3161,5943,2969,2974,384,197,187
C0116,19,000,00000,WEST BENGAL,054999,54 Others,549,280,269,465,242,223,84,38,46
C0116,19,000,00000,WEST BENGAL,055000,55 KHASI ,232,110,122,95,45,50,137,65,72
C0116,19,000,00000,WEST BENGAL,055007, Khasi,231,109,122,94,44,50,137,65,72
C0116,19,000,00000,WEST BENGAL,055012, Pnar/Synteng,1,1,0,1,1,0,0,0,0
C0116,19,000,00000,WEST BENGAL,056000,56 KHEZHA ,2,2,0,1,1,0,1,1,0
C0116,19,000,00000,WEST BENGAL,056003, Khezha,1,1,0,1,1,0,0,0,0
C0116,19,000,00000,WEST BENGAL,056999,56 Others ,1,1,0,0,0,0,1,1,0
C0116,19,000,00000,WEST BENGAL,057000,57 KHIEMNUNGAN,6,6,0,3,3,0,3,3,0
C0116,19,000,00000,WEST BENGAL,057001, Khiemnungan,6,6,0,3,3,0,3,3,0
C0116,19,000,00000,WEST BENGAL,058000,58 KHOND/KONDH ,402,197,205,402,197,205,0,0,0
C0116,19,000,00000,WEST BENGAL,058001, Khond/Kondh,402,197,205,402,197,205,0,0,0
C0116,19,000,00000,WEST BENGAL,059000,59 KINNAURI ,16,9,7,1,1,0,15,8,7
C0116,19,000,00000,WEST BENGAL,059003, Kinnauri,3,3,0,1,1,0,2,2,0
C0116,19,000,00000,WEST BENGAL,059999,59 Others,13,6,7,0,0,0,13,6,7
C0116,19,000,00000,WEST BENGAL,060000,60 KISAN ,10277,5365,4912,10271,5361,4910,6,4,2
C0116,19,000,00000,WEST BENGAL,060002, Kisan,10277,5365,4912,10271,5361,4910,6,4,2
C0116,19,000,00000,WEST BENGAL,061000,61 KOCH ,427,221,206,398,204,194,29,17,12
C0116,19,000,00000,WEST BENGAL,061002, Koch,427,221,206,398,204,194,29,17,12
C0116,19,000,00000,WEST BENGAL,062000,62 KODA/KORA ,40741,20270,20471,36753,18297,18456,3988,1973,2015
C0116,19,000,00000,WEST BENGAL,062003, Koda/Kora,40739,20269,20470,36753,18297,18456,3986,1972,2014
C0116,19,000,00000,WEST BENGAL,062999,62 Others ,2,1,1,0,0,0,2,1,1
C0116,19,000,00000,WEST BENGAL,064000,64 KOM,26,17,9,23,15,8,3,2,1
C0116,19,000,00000,WEST BENGAL,064001, Kom,26,17,9,23,15,8,3,2,1
C0116,19,000,00000,WEST BENGAL,065000,65 KONDA,14,9,5,0,0,0,14,9,5
C0116,19,000,00000,WEST BENGAL,065003, Konda,9,7,2,0,0,0,9,7,2
C0116,19,000,00000,WEST BENGAL,065999,65 Others ,5,2,3,0,0,0,5,2,3
C0116,19,000,00000,WEST BENGAL,066000,66 KONYAK ,47,47,0,38,38,0,9,9,0
C0116,19,000,00000,WEST BENGAL,066001, Konyak,47,47,0,38,38,0,9,9,0
C0116,19,000,00000,WEST BENGAL,068000,68 KORWA ,2009,968,1041,576,282,294,1433,686,747
C0116,19,000,00000,WEST BENGAL,068003, Koraku,9,2,7,9,2,7,0,0,0
C0116,19,000,00000,WEST BENGAL,068999,68 Others ,2000,966,1034,567,280,287,1433,686,747
C0116,19,000,00000,WEST BENGAL,069000,69 KOYA ,1,0,1,1,0,1,0,0,0
C0116,19,000,00000,WEST BENGAL,069002, Koya,1,0,1,1,0,1,0,0,0
C0116,19,000,00000,WEST BENGAL,070000,70 KUI ,3,3,0,3,3,0,0,0,0
C0116,19,000,00000,WEST BENGAL,070001, Kui,3,3,0,3,3,0,0,0,0
C0116,19,000,00000,WEST BENGAL,071000,71 KUKI,173,115,58,37,17,20,136,98,38
C0116,19,000,00000,WEST BENGAL,071008, Kuki,171,114,57,36,16,20,135,98,37
C0116,19,000,00000,WEST BENGAL,071999,71 Others ,2,1,1,1,1,0,1,0,1
C0116,19,000,00000,WEST BENGAL,072000,72 KURUKH/ORAON ,171909,86428,85481,159686,80278,79408,12223,6150,6073
C0116,19,000,00000,WEST BENGAL,072024, Kurukh/Oraon,168780,84836,83944,156931,78879,78052,11849,5957,5892
C0116,19,000,00000,WEST BENGAL,072999,72 Others ,3129,1592,1537,2755,1399,1356,374,193,181
C0116,19,000,00000,WEST BENGAL,073000,73 LADAKHI ,25,16,9,12,10,2,13,6,7
C0116,19,000,00000,WEST BENGAL,073003, Ladakhi,25,16,9,12,10,2,13,6,7
C0116,19,000,00000,WEST BENGAL,075000,75 LAHNDA ,8,3,5,0,0,0,8,3,5
C0116,19,000,00000,WEST BENGAL,075006, Hindi Multani,1,0,1,0,0,0,1,0,1
C0116,19,000,00000,WEST BENGAL,075999,75 Others ,7,3,4,0,0,0,7,3,4
C0116,19,000,00000,WEST BENGAL,076000,76 LAKHER,16,11,5,13,8,5,3,3,0
C0116,19,000,00000,WEST BENGAL,076002, Mara,2,2,0,0,0,0,2,2,0
C0116,19,000,00000,WEST BENGAL,076999,76 Others ,14,9,5,13,8,5,1,1,0
C0116,19,000,00000,WEST BENGAL,078000,78 LEPCHA ,8637,4439,4198,7975,4118,3857,662,321,341
C0116,19,000,00000,WEST BENGAL,078001, Lepcha,8637,4439,4198,7975,4118,3857,662,321,341
C0116,19,000,00000,WEST BENGAL,079000,79 LIANGMEI ,41,17,24,41,17,24,0,0,0
C0116,19,000,00000,WEST BENGAL,079002, Liangmei,39,15,24,39,15,24,0,0,0
C0116,19,000,00000,WEST BENGAL,079999,79 Others ,2,2,0,2,2,0,0,0,0
C0116,19,000,00000,WEST BENGAL,080000,80 LIMBU ,921,448,473,838,406,432,83,42,41
C0116,19,000,00000,WEST BENGAL,080002, Limbu,843,411,432,766,372,394,77,39,38
C0116,19,000,00000,WEST BENGAL,080999,80 Others ,78,37,41,72,34,38,6,3,3
C0116,19,000,00000,WEST BENGAL,081000,81 LOTHA ,124,102,22,59,54,5,65,48,17
C0116,19,000,00000,WEST BENGAL,081001, Lotha,124,102,22,59,54,5,65,48,17
C0116,19,000,00000,WEST BENGAL,082000,82 LUSHAI/MIZO ,523,337,186,111,62,49,412,275,137
C0116,19,000,00000,WEST BENGAL,082005, Lushai/Mizo,519,334,185,110,61,49,409,273,136
C0116,19,000,00000,WEST BENGAL,082999,82 Others ,4,3,1,1,1,0,3,2,1
C0116,19,000,00000,WEST BENGAL,083000,83 MALTO ,5057,2520,2537,4516,2244,2272,541,276,265
C0116,19,000,00000,WEST BENGAL,083002, Pahariya,4421,2194,2227,3880,1918,1962,541,276,265
C0116,19,000,00000,WEST BENGAL,083999,83 Others,636,326,310,636,326,310,0,0,0
C0116,19,000,00000,WEST BENGAL,084000,84 MAO,32,14,18,18,8,10,14,6,8
C0116,19,000,00000,WEST BENGAL,084001, Mao,23,12,11,18,8,10,5,4,1
C0116,19,000,00000,WEST BENGAL,084003, Paola,9,2,7,0,0,0,9,2,7
C0116,19,000,00000,WEST BENGAL,085000,85 MARAM,2,2,0,2,2,0,0,0,0
C0116,19,000,00000,WEST BENGAL,085001, Maram ,2,2,0,2,2,0,0,0,0
C0116,19,000,00000,WEST BENGAL,086000,86 MARING ,12,6,6,4,2,2,8,4,4
C0116,19,000,00000,WEST BENGAL,086001, Maring,12,6,6,4,2,2,8,4,4
C0116,19,000,00000,WEST BENGAL,087000,87 MIRI/MISHING,7,4,3,3,1,2,4,3,1
C0116,19,000,00000,WEST BENGAL,087003, Miri/Mishing,7,4,3,3,1,2,4,3,1
C0116,19,000,00000,WEST BENGAL,088000,88 MISHMI ,40,23,17,3,2,1,37,21,16
C0116,19,000,00000,WEST BENGAL,088999,88 Others ,40,23,17,3,2,1,37,21,16
C0116,19,000,00000,WEST BENGAL,089000,89 MOGH ,60,38,22,8,5,3,52,33,19
C0116,19,000,00000,WEST BENGAL,089004, Mogh,60,38,22,8,5,3,52,33,19
C0116,19,000,00000,WEST BENGAL,090000,90 MONPA ,10,8,2,4,3,1,6,5,1
C0116,19,000,00000,WEST BENGAL,090003, Monpa,10,8,2,4,3,1,6,5,1
C0116,19,000,00000,WEST BENGAL,091000,91 MUNDA,43686,21766,21920,40879,20344,20535,2807,1422,1385
C0116,19,000,00000,WEST BENGAL,091006, Kol,2845,1401,1444,2550,1247,1303,295,154,141
C0116,19,000,00000,WEST BENGAL,091009, Munda,40278,20075,20203,37822,18838,18984,2456,1237,1219
C0116,19,000,00000,WEST BENGAL,091999,91 Others ,563,290,273,507,259,248,56,31,25
C0116,19,000,00000,WEST BENGAL,092000,92 MUNDARI ,29594,14760,14834,28934,14428,14506,660,332,328
C0116,19,000,00000,WEST BENGAL,092005, Mundari,29590,14760,14830,28930,14428,14502,660,332,328
C0116,19,000,00000,WEST BENGAL,092999,92 Others,4,0,4,4,0,4,0,0,0
C0116,19,000,00000,WEST BENGAL,093000,93 NICOBARESE ,2,1,1,1,1,0,1,0,1
C0116,19,000,00000,WEST BENGAL,093001, Nicobarese,2,1,1,1,1,0,1,0,1
C0116,19,000,00000,WEST BENGAL,094000,94 NISSI/DAFLA ,23,15,8,14,10,4,9,5,4
C0116,19,000,00000,WEST BENGAL,094001, Apatani,9,5,4,4,3,1,5,2,3
C0116,19,000,00000,WEST BENGAL,094007, Nissi/Dafla,4,3,1,3,2,1,1,1,0
C0116,19,000,00000,WEST BENGAL,094999,94 Others ,10,7,3,7,5,2,3,2,1
C0116,19,000,00000,WEST BENGAL,095000,95 NOCTE ,8,4,4,1,1,0,7,3,4
C0116,19,000,00000,WEST BENGAL,095003, Nocte,8,4,4,1,1,0,7,3,4
C0116,19,000,00000,WEST BENGAL,096000,96 PAITE,50,28,22,8,6,2,42,22,20
C0116,19,000,00000,WEST BENGAL,096002, Paite,50,28,22,8,6,2,42,22,20
C0116,19,000,00000,WEST BENGAL,097000,97 PARJI ,151,72,79,151,72,79,0,0,0
C0116,19,000,00000,WEST BENGAL,097999,97 Others ,151,72,79,151,72,79,0,0,0
C0116,19,000,00000,WEST BENGAL,100000,100 PHOM ,15,15,0,11,11,0,4,4,0
C0116,19,000,00000,WEST BENGAL,100001, Phom,15,15,0,11,11,0,4,4,0
C0116,19,000,00000,WEST BENGAL,101000,101 POCHURY,5,5,0,4,4,0,1,1,0
C0116,19,000,00000,WEST BENGAL,101006, Pochury,4,4,0,3,3,0,1,1,0
C0116,19,000,00000,WEST BENGAL,101999,101 Others ,1,1,0,1,1,0,0,0,0
C0116,19,000,00000,WEST BENGAL,102000,102 RABHA ,14387,7352,7035,14242,7273,6969,145,79,66
C0116,19,000,00000,WEST BENGAL,102002, Rabha,14387,7352,7035,14242,7273,6969,145,79,66
C0116,19,000,00000,WEST BENGAL,103000,103 RAI ,379,185,194,303,145,158,76,40,36
C0116,19,000,00000,WEST BENGAL,103003, Rai,334,164,170,274,132,142,60,32,28
C0116,19,000,00000,WEST BENGAL,103999,103 Others ,45,21,24,29,13,16,16,8,8
C0116,19,000,00000,WEST BENGAL,104000,104 RENGMA ,15,12,3,10,9,1,5,3,2
C0116,19,000,00000,WEST BENGAL,104001, Rengma,15,12,3,10,9,1,5,3,2
C0116,19,000,00000,WEST BENGAL,105000,105 SANGTAM ,6,6,0,5,5,0,1,1,0
C0116,19,000,00000,WEST BENGAL,105004, Sangtam,5,5,0,4,4,0,1,1,0
C0116,19,000,00000,WEST BENGAL,105999,105 Others ,1,1,0,1,1,0,0,0,0
C0116,19,000,00000,WEST BENGAL,106000,106 SAVARA,24915,12724,12191,23585,12058,11527,1330,666,664
C0116,19,000,00000,WEST BENGAL,106004, Savara,24901,12718,12183,23571,12052,11519,1330,666,664
C0116,19,000,00000,WEST BENGAL,106999,106 Others ,14,6,8,14,6,8,0,0,0
C0116,19,000,00000,WEST BENGAL,107000,107 SEMA,53,51,2,49,48,1,4,3,1
C0116,19,000,00000,WEST BENGAL,107002, Sema,53,51,2,49,48,1,4,3,1
C0116,19,000,00000,WEST BENGAL,108000,108 SHERPA ,1311,692,619,666,362,304,645,330,315
C0116,19,000,00000,WEST BENGAL,108001, Sherpa,1311,692,619,666,362,304,645,330,315
C0116,19,000,00000,WEST BENGAL,109000,109 SHINA,12,7,5,11,6,5,1,1,0
C0116,19,000,00000,WEST BENGAL,109005, Shina,2,2,0,1,1,0,1,1,0
C0116,19,000,00000,WEST BENGAL,109999,109 Others ,10,5,5,10,5,5,0,0,0
C0116,19,000,00000,WEST BENGAL,111000,111 TAMANG ,3821,1951,1870,2514,1282,1232,1307,669,638
C0116,19,000,00000,WEST BENGAL,111001, Tamang,3821,1951,1870,2514,1282,1232,1307,669,638
C0116,19,000,00000,WEST BENGAL,112000,112 TANGKHUL ,57,33,24,37,18,19,20,15,5
C0116,19,000,00000,WEST BENGAL,112008, Tangkhul,57,33,24,37,18,19,20,15,5
C0116,19,000,00000,WEST BENGAL,114000,114 THADO ,50,26,24,8,6,2,42,20,22
C0116,19,000,00000,WEST BENGAL,114015, Thado,18,11,7,4,3,1,14,8,6
C0116,19,000,00000,WEST BENGAL,114999,114 Others,32,15,17,4,3,1,28,12,16
C0116,19,000,00000,WEST BENGAL,115000,115 TIBETAN ,8500,4644,3856,2490,1293,1197,6010,3351,2659
C0116,19,000,00000,WEST BENGAL,115008, Tibetan,6119,3419,2700,468,242,226,5651,3177,2474
C0116,19,000,00000,WEST BENGAL,115999,115 Others,2381,1225,1156,2022,1051,971,359,174,185
C0116,19,000,00000,WEST BENGAL,116000,116 TRIPURI ,120,87,33,52,42,10,68,45,23
C0116,19,000,00000,WEST BENGAL,116007, Kokbarak,59,44,15,31,26,5,28,18,10
C0116,19,000,00000,WEST BENGAL,116014, Tripuri,60,42,18,20,15,5,40,27,13
C0116,19,000,00000,WEST BENGAL,116999,116 Others ,1,1,0,1,1,0,0,0,0
C0116,19,000,00000,WEST BENGAL,117000,117 TULU ,136,78,58,102,58,44,34,20,14
C0116,19,000,00000,WEST BENGAL,117009, Tulu,37,21,16,6,3,3,31,18,13
C0116,19,000,00000,WEST BENGAL,117999,117 Others ,99,57,42,96,55,41,3,2,1
C0116,19,000,00000,WEST BENGAL,118000,118 VAIPHEI ,39,21,18,25,11,14,14,10,4
C0116,19,000,00000,WEST BENGAL,118002, Vaiphei,39,21,18,25,11,14,14,10,4
C0116,19,000,00000,WEST BENGAL,119000,119 WANCHO,10,10,0,4,4,0,6,6,0
C0116,19,000,00000,WEST BENGAL,119001, Wancho,10,10,0,4,4,0,6,6,0
C0116,19,000,00000,WEST BENGAL,120000,120 YIMCHUNGRE,28,24,4,23,19,4,5,5,0
C0116,19,000,00000,WEST BENGAL,120001, Chirr,5,2,3,4,1,3,1,1,0
C0116,19,000,00000,WEST BENGAL,120005, Yimchungre,23,22,1,19,18,1,4,4,0
C0116,19,000,00000,WEST BENGAL,121000,121 ZELIANG ,10,8,2,7,7,0,3,1,2
C0116,19,000,00000,WEST BENGAL,121001, Zeliang,10,8,2,7,7,0,3,1,2
C0116,19,000,00000,WEST BENGAL,123000,123 ZOU ,15,9,6,12,7,5,3,2,1
C0116,19,000,00000,WEST BENGAL,123001, Zou,15,9,6,12,7,5,3,2,1
C0116,19,000,00000,WEST BENGAL,124000,124 OTHERS,65874,33290,32584,51811,26125,25686,14063,7165,6898
C0116,20,000,00000,JHARKHAND,001000,1 ASSAMESE,1324,1046,278,582,498,84,742,548,194
C0116,20,000,00000,JHARKHAND,001002, Assamese,1310,1035,275,580,496,84,730,539,191
C0116,20,000,00000,JHARKHAND,001999,1 Others,14,11,3,2,2,0,12,9,3
C0116,20,000,00000,JHARKHAND,002000,2 BENGALI ,3213423,1643318,1570105,2428466,1240279,1188187,784957,403039,381918
C0116,20,000,00000,JHARKHAND,002007, Bengali,3212831,1643008,1569823,2427907,1239984,1187923,784924,403024,381900
C0116,20,000,00000,JHARKHAND,002011, Chakma,3,3,0,0,0,0,3,3,0
C0116,20,000,00000,JHARKHAND,002015, Haijong/Hajong,1,1,0,1,1,0,0,0,0
C0116,20,000,00000,JHARKHAND,002044, Rajbangsi,2,1,1,0,0,0,2,1,1
C0116,20,000,00000,JHARKHAND,002999,2 Others,586,305,281,558,294,264,28,11,17
C0116,20,000,00000,JHARKHAND,003000,3 BODO ,92,82,10,60,57,3,32,25,7
C0116,20,000,00000,JHARKHAND,003001, Bodo/Boro,92,82,10,60,57,3,32,25,7
C0116,20,000,00000,JHARKHAND,004000,4 DOGRI ,279,230,49,93,79,14,186,151,35
C0116,20,000,00000,JHARKHAND,004001, Dogri,279,230,49,93,79,14,186,151,35
C0116,20,000,00000,JHARKHAND,005000,5 GUJARATI,22109,11436,10673,8205,4261,3944,13904,7175,6729
C0116,20,000,00000,JHARKHAND,005018, Gujarati,14194,7392,6802,883,510,373,13311,6882,6429
C0116,20,000,00000,JHARKHAND,005052, Pattani,2,1,1,0,0,0,2,1,1
C0116,20,000,00000,JHARKHAND,005057, Saurashtra/Saurashtri,1,1,0,0,0,0,1,1,0
C0116,20,000,00000,JHARKHAND,005999,5 Others,7912,4042,3870,7322,3751,3571,590,291,299
C0116,20,000,00000,JHARKHAND,006000,6 HINDI ,20436026,10580796,9855230,15065889,7747981,7317908,5370137,2832815,2537322
C0116,20,000,00000,JHARKHAND,006030, Awadhi,3203,1747,1456,289,160,129,2914,1587,1327
C0116,20,000,00000,JHARKHAND,006040, Baghati/Baghati Pahari,15,9,6,7,5,2,8,4,4
C0116,20,000,00000,JHARKHAND,006042, Bagheli/Baghel Khandi,104,57,47,12,6,6,92,51,41
C0116,20,000,00000,JHARKHAND,006086, Bhadrawahi,23,12,11,22,12,10,1,0,1
C0116,20,000,00000,JHARKHAND,006096, Bharmauri/Gaddi,57,31,26,26,15,11,31,16,15
C0116,20,000,00000,JHARKHAND,006102, Bhojpuri,756726,404517,352209,238901,126047,112854,517825,278470,239355
C0116,20,000,00000,JHARKHAND,006123, Brajbhasha,397,238,159,54,43,11,343,195,148
C0116,20,000,00000,JHARKHAND,006125, Bundeli/Bundel khandi,481,259,222,169,95,74,312,164,148
C0116,20,000,00000,JHARKHAND,006142, Chhattisgarhi,25918,13236,12682,5217,2645,2572,20701,10591,10110
C0116,20,000,00000,JHARKHAND,006173, Dhundhari,22,13,9,4,0,4,18,13,5
C0116,20,000,00000,JHARKHAND,006195, Garhwali,484,280,204,205,109,96,279,171,108
C0116,20,000,00000,JHARKHAND,006198, Gawari,106,56,50,17,9,8,89,47,42
C0116,20,000,00000,JHARKHAND,006207, Gojri/Gujjari/Gujar,11,10,1,4,4,0,7,6,1
C0116,20,000,00000,JHARKHAND,006231, Handuri,5,3,2,0,0,0,5,3,2
C0116,20,000,00000,JHARKHAND,006232, Hara/Harauti,2,2,0,2,2,0,0,0,0
C0116,20,000,00000,JHARKHAND,006235, Haryanvi,1963,1129,834,368,237,131,1595,892,703
C0116,20,000,00000,JHARKHAND,006240, Hindi,7059131,3697303,3361828,3907234,2030801,1876433,3151897,1666502,1485395
C0116,20,000,00000,JHARKHAND,006265, Jaunpuri/Jaunsari,167,88,79,0,0,0,167,88,79
C0116,20,000,00000,JHARKHAND,006291, Kangri,5,2,3,0,0,0,5,2,3
C0116,20,000,00000,JHARKHAND,006311, Khari Boli,227,132,95,29,17,12,198,115,83
C0116,20,000,00000,JHARKHAND,006320, Khortha/Khotta,7738960,3980758,3758202,6811059,3496299,3314760,927901,484459,443442
C0116,20,000,00000,JHARKHAND,006340, Kumauni,242,166,76,43,38,5,199,128,71
C0116,20,000,00000,JHARKHAND,006345, Kurmali Thar,43,23,20,15,7,8,28,16,12
C0116,20,000,00000,JHARKHAND,006355, Laria,9,5,4,8,4,4,1,1,0
C0116,20,000,00000,JHARKHAND,006358, Lodhi,6,3,3,1,1,0,5,2,3
C0116,20,000,00000,JHARKHAND,006376, Magadhi/Magahi,1367337,711101,656236,1005359,518807,486552,361978,192294,169684
C0116,20,000,00000,JHARKHAND,006391, Malvi,23,13,10,6,5,1,17,8,9
C0116,20,000,00000,JHARKHAND,006394, Mandeali,2,1,1,2,1,1,0,0,0
C0116,20,000,00000,JHARKHAND,006400, Marwari,38664,20281,18383,2808,1504,1304,35856,18777,17079
C0116,20,000,00000,JHARKHAND,006408, Mewari,3,2,1,0,0,0,3,2,1
C0116,20,000,00000,JHARKHAND,006420, Nagpuria,757726,381939,375787,676541,340672,335869,81185,41267,39918
C0116,20,000,00000,JHARKHAND,006432, Nimadi,6,4,2,0,0,0,6,4,2
C0116,20,000,00000,JHARKHAND,006439, Pahari,1132,631,501,1019,560,459,113,71,42
C0116,20,000,00000,JHARKHAND,006449, Palmuha,22624,11396,11228,22407,11277,11130,217,119,98
C0116,20,000,00000,JHARKHAND,006451, Panch Pargania,244290,125456,118834,226075,115902,110173,18215,9554,8661
C0116,20,000,00000,JHARKHAND,006452, Pando/Pandwani,2,0,2,0,0,0,2,0,2
C0116,20,000,00000,JHARKHAND,006476, Puran/Puran Bhasha,8054,4038,4016,7944,3976,3968,110,62,48
C0116,20,000,00000,JHARKHAND,006489, Rajasthani,14771,7915,6856,1310,785,525,13461,7130,6331
C0116,20,000,00000,JHARKHAND,006503, Sadan/Sadri,1627083,817916,809167,1479617,744084,735533,147466,73832,73634
C0116,20,000,00000,JHARKHAND,006541, Sugali,1,1,0,1,1,0,0,0,0
C0116,20,000,00000,JHARKHAND,006547, Surgujia,8,4,4,4,1,3,4,3,1
C0116,20,000,00000,JHARKHAND,006548, Surjapuri,13,6,7,6,3,3,7,3,4
C0116,20,000,00000,JHARKHAND,006999,6 Others,765980,400013,365967,679104,353847,325257,86876,46166,40710
C0116,20,000,00000,JHARKHAND,007000,7 KANNADA,1324,821,503,267,197,70,1057,624,433
C0116,20,000,00000,JHARKHAND,007016, Kannada,1050,682,368,234,179,55,816,503,313
C0116,20,000,00000,JHARKHAND,007041, Prakritha/Prakritha Bhasha,244,126,118,29,16,13,215,110,105
C0116,20,000,00000,JHARKHAND,007999,7 Others,30,13,17,4,2,2,26,11,15
C0116,20,000,00000,JHARKHAND,008000,8 KASHMIRI ,296,195,101,174,109,65,122,86,36
C0116,20,000,00000,JHARKHAND,008005, Kashmiri,248,169,79,133,88,45,115,81,34
C0116,20,000,00000,JHARKHAND,008010, Kishtwari,48,26,22,41,21,20,7,5,2
C0116,20,000,00000,JHARKHAND,009000,9 KONKANI,265,116,149,54,18,36,211,98,113
C0116,20,000,00000,JHARKHAND,009011, Konkani,237,101,136,54,18,36,183,83,100
C0116,20,000,00000,JHARKHAND,009028, Gorboli/Goru/Gorwani,5,2,3,0,0,0,5,2,3
C0116,20,000,00000,JHARKHAND,009999,9 Others,23,13,10,0,0,0,23,13,10
C0116,20,000,00000,JHARKHAND,010000,10 MAITHILI ,138167,73582,64585,18669,9781,8888,119498,63801,55697
C0116,20,000,00000,JHARKHAND,010008, Maithili,125877,67445,58432,10844,5902,4942,115033,61543,53490
C0116,20,000,00000,JHARKHAND,010011, Purbi Maithili,16,7,9,7,2,5,9,5,4
C0116,20,000,00000,JHARKHAND,010013, Thati,12236,6112,6124,7818,3877,3941,4418,2235,2183
C0116,20,000,00000,JHARKHAND,010014, Tharu,38,18,20,0,0,0,38,18,20
C0116,20,000,00000,JHARKHAND,011000,11 MALAYALAM,6549,3365,3184,711,299,412,5838,3066,2772
C0116,20,000,00000,JHARKHAND,011016, Malayalam,6540,3360,3180,706,297,409,5834,3063,2771
C0116,20,000,00000,JHARKHAND,011999,11 Others,9,5,4,5,2,3,4,3,1
C0116,20,000,00000,JHARKHAND,012000,12 MANIPURI ,364,268,96,129,115,14,235,153,82
C0116,20,000,00000,JHARKHAND,012003, Manipuri,361,266,95,129,115,14,232,151,81
C0116,20,000,00000,JHARKHAND,012999,12 Others,3,2,1,0,0,0,3,2,1
C0116,20,000,00000,JHARKHAND,013000,13 MARATHI ,8481,4690,3791,4182,2264,1918,4299,2426,1873
C0116,20,000,00000,JHARKHAND,013060, Koli,1094,577,517,1094,577,517,0,0,0
C0116,20,000,00000,JHARKHAND,013071, Marathi,5068,2977,2091,796,564,232,4272,2413,1859
C0116,20,000,00000,JHARKHAND,013999,13 Others,2319,1136,1183,2292,1123,1169,27,13,14
C0116,20,000,00000,JHARKHAND,014000,14 NEPALI ,16956,9537,7419,1402,841,561,15554,8696,6858
C0116,20,000,00000,JHARKHAND,014011, Nepali,16955,9537,7418,1402,841,561,15553,8696,6857
C0116,20,000,00000,JHARKHAND,014999,14 Others,1,0,1,0,0,0,1,0,1
C0116,20,000,00000,JHARKHAND,015000,15 ODIA ,531077,266065,265012,374014,186688,187326,157063,79377,77686
C0116,20,000,00000,JHARKHAND,015007, Bhuiya/Bhuyan[Ori],404,204,200,336,164,172,68,40,28
C0116,20,000,00000,JHARKHAND,015010, Bhumijali,84,36,48,60,26,34,24,10,14
C0116,20,000,00000,JHARKHAND,015014, Desia,1,0,1,0,0,0,1,0,1
C0116,20,000,00000,JHARKHAND,015043, Odia,529531,265314,264217,373047,186221,186826,156484,79093,77391
C0116,20,000,00000,JHARKHAND,015058, Sambalpuri,447,214,233,0,0,0,447,214,233
C0116,20,000,00000,JHARKHAND,015999,15 Others,610,297,313,571,277,294,39,20,19
C0116,20,000,00000,JHARKHAND,016000,16 PUNJABI ,78712,42097,36615,2815,1615,1200,75897,40482,35415
C0116,20,000,00000,JHARKHAND,016002, Bagri,2,1,1,0,0,0,2,1,1
C0116,20,000,00000,JHARKHAND,016038, Punjabi,78705,42093,36612,2814,1614,1200,75891,40479,35412
C0116,20,000,00000,JHARKHAND,016999,16 Others,5,3,2,1,1,0,4,2,2
C0116,20,000,00000,JHARKHAND,017000,17 SANSKRIT ,853,491,362,264,141,123,589,350,239
C0116,20,000,00000,JHARKHAND,017002, Sanskrit,853,491,362,264,141,123,589,350,239
C0116,20,000,00000,JHARKHAND,018000,18 SANTALI ,3269897,1631766,1638131,3101534,1546505,1555029,168363,85261,83102
C0116,20,000,00000,JHARKHAND,018010, Karmali,355036,181335,173701,335615,171087,164528,19421,10248,9173
C0116,20,000,00000,JHARKHAND,018011, Mahili,18828,9442,9386,18374,9206,9168,454,236,218
C0116,20,000,00000,JHARKHAND,018040, Santali,2895764,1440854,1454910,2747354,1366111,1381243,148410,74743,73667
C0116,20,000,00000,JHARKHAND,018999,18 Others,269,135,134,191,101,90,78,34,44
C0116,20,000,00000,JHARKHAND,019000,19 SINDHI,1701,889,812,50,23,27,1651,866,785
C0116,20,000,00000,JHARKHAND,019008, Kachchhi,109,61,48,10,4,6,99,57,42
C0116,20,000,00000,JHARKHAND,019014, Sindhi,1592,828,764,40,19,21,1552,809,743
C0116,20,000,00000,JHARKHAND,020000,20 TAMIL ,10061,5344,4717,681,415,266,9380,4929,4451
C0116,20,000,00000,JHARKHAND,020009, Kaikadi,2,1,1,0,0,0,2,1,1
C0116,20,000,00000,JHARKHAND,020015, Korava,21,11,10,21,11,10,0,0,0
C0116,20,000,00000,JHARKHAND,020027, Tamil,9974,5300,4674,627,386,241,9347,4914,4433
C0116,20,000,00000,JHARKHAND,020999,20 Others,64,32,32,33,18,15,31,14,17
C0116,20,000,00000,JHARKHAND,021000,21 TELUGU ,30704,15924,14780,1409,823,586,29295,15101,14194
C0116,20,000,00000,JHARKHAND,021046, Telugu,30552,15854,14698,1275,764,511,29277,15090,14187
C0116,20,000,00000,JHARKHAND,021999,21 Others,152,70,82,134,59,75,18,11,7
C0116,20,000,00000,JHARKHAND,022000,22 URDU,1965652,1018392,947260,1061383,547423,513960,904269,470969,433300
C0116,20,000,00000,JHARKHAND,022015, Urdu,1965438,1018275,947163,1061297,547375,513922,904141,470900,433241
C0116,20,000,00000,JHARKHAND,022016, Bhansari,3,1,2,3,1,2,0,0,0
C0116,20,000,00000,JHARKHAND,022999,22 Others,211,116,95,83,47,36,128,69,59
C0116,20,000,00000,JHARKHAND,023000,23 ADI ,732,377,355,703,359,344,29,18,11
C0116,20,000,00000,JHARKHAND,023003, Adi,9,3,6,1,0,1,8,3,5
C0116,20,000,00000,JHARKHAND,023006, Adi Gallong/Gallong,714,368,346,696,356,340,18,12,6
C0116,20,000,00000,JHARKHAND,023040, Talgalo,2,0,2,2,0,2,0,0,0
C0116,20,000,00000,JHARKHAND,023999,23 Others,7,6,1,4,3,1,3,3,0
C0116,20,000,00000,JHARKHAND,024000,24 AFGHANI/KABULI/PASHTO ,8,8,0,0,0,0,8,8,0
C0116,20,000,00000,JHARKHAND,024001, Afghani/Kabuli/Pashto,8,8,0,0,0,0,8,8,0
C0116,20,000,00000,JHARKHAND,025000,25 ANAL ,7,2,5,1,0,1,6,2,4
C0116,20,000,00000,JHARKHAND,025001, Anal,5,2,3,0,0,0,5,2,3
C0116,20,000,00000,JHARKHAND,025999,25 Others,2,0,2,1,0,1,1,0,1
C0116,20,000,00000,JHARKHAND,026000,26 ANGAMI ,3,2,1,0,0,0,3,2,1
C0116,20,000,00000,JHARKHAND,026002, Angami,3,2,1,0,0,0,3,2,1
C0116,20,000,00000,JHARKHAND,027000,27 AO ,2,2,0,1,1,0,1,1,0
C0116,20,000,00000,JHARKHAND,027001, Ao,2,2,0,1,1,0,1,1,0
C0116,20,000,00000,JHARKHAND,028000,28 ARABIC/ARBI ,2095,1132,963,1418,789,629,677,343,334
C0116,20,000,00000,JHARKHAND,028001, Arabic/Arbi,2095,1132,963,1418,789,629,677,343,334
C0116,20,000,00000,JHARKHAND,030000,30 BHILI/BHILODI ,416,230,186,241,136,105,175,94,81
C0116,20,000,00000,JHARKHAND,030002, Baori,222,123,99,194,110,84,28,13,15
C0116,20,000,00000,JHARKHAND,030007, Bhili/Bhilodi,1,1,0,0,0,0,1,1,0
C0116,20,000,00000,JHARKHAND,030020, Gamti/Gavit,19,11,8,7,3,4,12,8,4
C0116,20,000,00000,JHARKHAND,030035, Kokna/Kokni/Kukna,50,29,21,11,6,5,39,23,16
C0116,20,000,00000,JHARKHAND,030049, Mawchi,2,2,0,2,2,0,0,0,0
C0116,20,000,00000,JHARKHAND,030068, Pawri,94,48,46,11,8,3,83,40,43
C0116,20,000,00000,JHARKHAND,030070, Rathi,4,3,1,0,0,0,4,3,1
C0116,20,000,00000,JHARKHAND,030073, Tadavi,2,0,2,2,0,2,0,0,0
C0116,20,000,00000,JHARKHAND,030078, Wagdi,4,3,1,0,0,0,4,3,1
C0116,20,000,00000,JHARKHAND,030999,30 Others,18,10,8,14,7,7,4,3,1
C0116,20,000,00000,JHARKHAND,032000,32 BHUMIJ ,11275,5595,5680,10233,5066,5167,1042,529,513
C0116,20,000,00000,JHARKHAND,032002, Bhumij,8462,4199,4263,8057,4000,4057,405,199,206
C0116,20,000,00000,JHARKHAND,032999,32 Others,2813,1396,1417,2176,1066,1110,637,330,307
C0116,20,000,00000,JHARKHAND,033000,33 BISHNUPURIYA,4,4,0,2,2,0,2,2,0
C0116,20,000,00000,JHARKHAND,033003, Bishnupriya Manipuri/Manipuri Bishnupriya,2,2,0,2,2,0,0,0,0
C0116,20,000,00000,JHARKHAND,033999,33 Others,2,2,0,0,0,0,2,2,0
C0116,20,000,00000,JHARKHAND,035000,35 CHAKRU/CHOKRI ,1,1,0,1,1,0,0,0,0
C0116,20,000,00000,JHARKHAND,035001, Chakru/Chokri,1,1,0,1,1,0,0,0,0
C0116,20,000,00000,JHARKHAND,036000,36 CHANG ,4,1,3,0,0,0,4,1,3
C0116,20,000,00000,JHARKHAND,036001, Chang,4,1,3,0,0,0,4,1,3
C0116,20,000,00000,JHARKHAND,037000,37 COORGI/KODAGU ,9,5,4,3,2,1,6,3,3
C0116,20,000,00000,JHARKHAND,037001, Coorgi/Kodagu,9,5,4,3,2,1,6,3,3
C0116,20,000,00000,JHARKHAND,038000,38 DEORI ,1,1,0,1,1,0,0,0,0
C0116,20,000,00000,JHARKHAND,038001, Deori,1,1,0,1,1,0,0,0,0
C0116,20,000,00000,JHARKHAND,039000,39 DIMASA ,12,11,1,12,11,1,0,0,0
C0116,20,000,00000,JHARKHAND,039002, Dimasa,12,11,1,12,11,1,0,0,0
C0116,20,000,00000,JHARKHAND,040000,40 ENGLISH ,2431,1288,1143,378,235,143,2053,1053,1000
C0116,20,000,00000,JHARKHAND,040001, English,2431,1288,1143,378,235,143,2053,1053,1000
C0116,20,000,00000,JHARKHAND,042000,42 GANGTE ,16,10,6,16,10,6,0,0,0
C0116,20,000,00000,JHARKHAND,042001, Gangte,16,10,6,16,10,6,0,0,0
C0116,20,000,00000,JHARKHAND,043000,43 GARO ,3,2,1,2,1,1,1,1,0
C0116,20,000,00000,JHARKHAND,043005, Garo,3,2,1,2,1,1,1,1,0
C0116,20,000,00000,JHARKHAND,044000,44 GONDI,1621,807,814,1401,698,703,220,109,111
C0116,20,000,00000,JHARKHAND,044007, Gondi,1049,520,529,870,433,437,179,87,92
C0116,20,000,00000,JHARKHAND,044017, Maria/ Muria,80,46,34,80,46,34,0,0,0
C0116,20,000,00000,JHARKHAND,044999,44 Others,492,241,251,451,219,232,41,22,19
C0116,20,000,00000,JHARKHAND,045000,45 HALABI,4,3,1,0,0,0,4,3,1
C0116,20,000,00000,JHARKHAND,045001, Halabi,4,3,1,0,0,0,4,3,1
C0116,20,000,00000,JHARKHAND,046000,46 HALAM ,2,1,1,0,0,0,2,1,1
C0116,20,000,00000,JHARKHAND,046999,46 Others,2,1,1,0,0,0,2,1,1
C0116,20,000,00000,JHARKHAND,048000,48 HO,994302,492126,502176,904657,447255,457402,89645,44871,44774
C0116,20,000,00000,JHARKHAND,048004, Ho,992197,491095,501102,902680,446291,456389,89517,44804,44713
C0116,20,000,00000,JHARKHAND,048007, Lohara,2105,1031,1074,1977,964,1013,128,67,61
C0116,20,000,00000,JHARKHAND,051000,51 KABUI ,6,3,3,6,3,3,0,0,0
C0116,20,000,00000,JHARKHAND,051005, Rongmei,6,3,3,6,3,3,0,0,0
C0116,20,000,00000,JHARKHAND,052000,52 KARBI/MIKIR ,1,1,0,0,0,0,1,1,0
C0116,20,000,00000,JHARKHAND,052002, Karbi/Mikir,1,1,0,0,0,0,1,1,0
C0116,20,000,00000,JHARKHAND,053000,53 KHANDESHI,62,34,28,54,29,25,8,5,3
C0116,20,000,00000,JHARKHAND,053005, Gujari,6,4,2,0,0,0,6,4,2
C0116,20,000,00000,JHARKHAND,053006, Khandeshi,56,30,26,54,29,25,2,1,1
C0116,20,000,00000,JHARKHAND,054000,54 KHARIA ,140148,69365,70783,130386,64673,65713,9762,4692,5070
C0116,20,000,00000,JHARKHAND,054005, Kharia,140147,69364,70783,130385,64672,65713,9762,4692,5070
C0116,20,000,00000,JHARKHAND,054999,54 Others,1,1,0,1,1,0,0,0,0
C0116,20,000,00000,JHARKHAND,055000,55 KHASI ,4,2,2,1,0,1,3,2,1
C0116,20,000,00000,JHARKHAND,055007, Khasi,4,2,2,1,0,1,3,2,1
C0116,20,000,00000,JHARKHAND,059000,59 KINNAURI ,1,1,0,1,1,0,0,0,0
C0116,20,000,00000,JHARKHAND,059003, Kinnauri,1,1,0,1,1,0,0,0,0
C0116,20,000,00000,JHARKHAND,060000,60 KISAN ,59,37,22,30,22,8,29,15,14
C0116,20,000,00000,JHARKHAND,060002, Kisan,59,37,22,30,22,8,29,15,14
C0116,20,000,00000,JHARKHAND,061000,61 KOCH ,2,0,2,1,0,1,1,0,1
C0116,20,000,00000,JHARKHAND,061002, Koch,1,0,1,1,0,1,0,0,0
C0116,20,000,00000,JHARKHAND,061999,61 Others,1,0,1,0,0,0,1,0,1
C0116,20,000,00000,JHARKHAND,062000,62 KODA/KORA ,3321,1625,1696,3302,1615,1687,19,10,9
C0116,20,000,00000,JHARKHAND,062003, Koda/Kora,3321,1625,1696,3302,1615,1687,19,10,9
C0116,20,000,00000,JHARKHAND,064000,64 KOM,1,1,0,1,1,0,0,0,0
C0116,20,000,00000,JHARKHAND,064001, Kom,1,1,0,1,1,0,0,0,0
C0116,20,000,00000,JHARKHAND,065000,65 KONDA,177,90,87,176,89,87,1,1,0
C0116,20,000,00000,JHARKHAND,065002, Kodu,176,89,87,176,89,87,0,0,0
C0116,20,000,00000,JHARKHAND,065999,65 Others ,1,1,0,0,0,0,1,1,0
C0116,20,000,00000,JHARKHAND,068000,68 KORWA ,2341,1168,1173,1740,865,875,601,303,298
C0116,20,000,00000,JHARKHAND,068003, Koraku,334,167,167,333,166,167,1,1,0
C0116,20,000,00000,JHARKHAND,068999,68 Others ,2007,1001,1006,1407,699,708,600,302,298
C0116,20,000,00000,JHARKHAND,070000,70 KUI ,7,3,4,5,2,3,2,1,1
C0116,20,000,00000,JHARKHAND,070001, Kui,7,3,4,5,2,3,2,1,1
C0116,20,000,00000,JHARKHAND,071000,71 KUKI,6,6,0,4,4,0,2,2,0
C0116,20,000,00000,JHARKHAND,071008, Kuki,6,6,0,4,4,0,2,2,0
C0116,20,000,00000,JHARKHAND,072000,72 KURUKH/ORAON ,952164,474426,477738,867540,432677,434863,84624,41749,42875
C0116,20,000,00000,JHARKHAND,072024, Kurukh/Oraon,951014,473625,477389,866789,432207,434582,84225,41418,42807
C0116,20,000,00000,JHARKHAND,072999,72 Others ,1150,801,349,751,470,281,399,331,68
C0116,20,000,00000,JHARKHAND,073000,73 LADAKHI ,1,1,0,0,0,0,1,1,0
C0116,20,000,00000,JHARKHAND,073003, Ladakhi,1,1,0,0,0,0,1,1,0
C0116,20,000,00000,JHARKHAND,074000,74 LAHAULI ,3,1,2,0,0,0,3,1,2
C0116,20,000,00000,JHARKHAND,074999,74 Others ,3,1,2,0,0,0,3,1,2
C0116,20,000,00000,JHARKHAND,075000,75 LAHNDA ,83,42,41,54,29,25,29,13,16
C0116,20,000,00000,JHARKHAND,075001, Bahawal Puri,2,0,2,0,0,0,2,0,2
C0116,20,000,00000,JHARKHAND,075006, Hindi Multani,14,6,8,0,0,0,14,6,8
C0116,20,000,00000,JHARKHAND,075999,75 Others ,67,36,31,54,29,25,13,7,6
C0116,20,000,00000,JHARKHAND,078000,78 LEPCHA ,1,0,1,0,0,0,1,0,1
C0116,20,000,00000,JHARKHAND,078001, Lepcha,1,0,1,0,0,0,1,0,1
C0116,20,000,00000,JHARKHAND,080000,80 LIMBU ,1,1,0,1,1,0,0,0,0
C0116,20,000,00000,JHARKHAND,080002, Limbu,1,1,0,1,1,0,0,0,0
C0116,20,000,00000,JHARKHAND,081000,81 LOTHA ,4,3,1,1,1,0,3,2,1
C0116,20,000,00000,JHARKHAND,081001, Lotha,4,3,1,1,1,0,3,2,1
C0116,20,000,00000,JHARKHAND,082000,82 LUSHAI/MIZO ,47,25,22,25,9,16,22,16,6
C0116,20,000,00000,JHARKHAND,082005, Lushai/Mizo,47,25,22,25,9,16,22,16,6
C0116,20,000,00000,JHARKHAND,083000,83 MALTO ,151565,75534,76031,151007,75224,75783,558,310,248
C0116,20,000,00000,JHARKHAND,083002, Pahariya,147755,73636,74119,147259,73377,73882,496,259,237
C0116,20,000,00000,JHARKHAND,083999,83 Others,3810,1898,1912,3748,1847,1901,62,51,11
C0116,20,000,00000,JHARKHAND,084000,84 MAO,84,38,46,84,38,46,0,0,0
C0116,20,000,00000,JHARKHAND,084001, Mao,84,38,46,84,38,46,0,0,0
C0116,20,000,00000,JHARKHAND,086000,86 MARING ,1,1,0,1,1,0,0,0,0
C0116,20,000,00000,JHARKHAND,086001, Maring,1,1,0,1,1,0,0,0,0
C0116,20,000,00000,JHARKHAND,087000,87 MIRI/MISHING,5,2,3,0,0,0,5,2,3
C0116,20,000,00000,JHARKHAND,087003, Miri/Mishing,5,2,3,0,0,0,5,2,3
C0116,20,000,00000,JHARKHAND,088000,88 MISHMI ,2,1,1,1,0,1,1,1,0
C0116,20,000,00000,JHARKHAND,088007, Mishmi,1,1,0,0,0,0,1,1,0
C0116,20,000,00000,JHARKHAND,088999,88 Others ,1,0,1,1,0,1,0,0,0
C0116,20,000,00000,JHARKHAND,089000,89 MOGH ,6,4,2,0,0,0,6,4,2
C0116,20,000,00000,JHARKHAND,089004, Mogh,6,4,2,0,0,0,6,4,2
C0116,20,000,00000,JHARKHAND,090000,90 MONPA ,5,3,2,4,2,2,1,1,0
C0116,20,000,00000,JHARKHAND,090003, Monpa,5,3,2,4,2,2,1,1,0
C0116,20,000,00000,JHARKHAND,091000,91 MUNDA,23907,12005,11902,22089,11100,10989,1818,905,913
C0116,20,000,00000,JHARKHAND,091006, Kol,15290,7663,7627,14861,7464,7397,429,199,230
C0116,20,000,00000,JHARKHAND,091009, Munda,2435,1205,1230,1548,762,786,887,443,444
C0116,20,000,00000,JHARKHAND,091999,91 Others ,6182,3137,3045,5680,2874,2806,502,263,239
C0116,20,000,00000,JHARKHAND,092000,92 MUNDARI ,942108,470532,471576,867023,433527,433496,75085,37005,38080
C0116,20,000,00000,JHARKHAND,092005, Mundari,941965,470496,471469,866920,433519,433401,75045,36977,38068
C0116,20,000,00000,JHARKHAND,092999,92 Others,143,36,107,103,8,95,40,28,12
C0116,20,000,00000,JHARKHAND,093000,93 NICOBARESE ,4,0,4,0,0,0,4,0,4
C0116,20,000,00000,JHARKHAND,093001, Nicobarese,4,0,4,0,0,0,4,0,4
C0116,20,000,00000,JHARKHAND,094000,94 NISSI/DAFLA ,8,4,4,2,2,0,6,2,4
C0116,20,000,00000,JHARKHAND,094001, Apatani,1,1,0,0,0,0,1,1,0
C0116,20,000,00000,JHARKHAND,094008, Tagin,7,3,4,2,2,0,5,1,4
C0116,20,000,00000,JHARKHAND,096000,96 PAITE,4,2,2,3,1,2,1,1,0
C0116,20,000,00000,JHARKHAND,096002, Paite,4,2,2,3,1,2,1,1,0
C0116,20,000,00000,JHARKHAND,102000,102 RABHA ,3,1,2,0,0,0,3,1,2
C0116,20,000,00000,JHARKHAND,102002, Rabha,3,1,2,0,0,0,3,1,2
C0116,20,000,00000,JHARKHAND,103000,103 RAI ,49,20,29,49,20,29,0,0,0
C0116,20,000,00000,JHARKHAND,103003, Rai,49,20,29,49,20,29,0,0,0
C0116,20,000,00000,JHARKHAND,105000,105 SANGTAM ,2,1,1,1,0,1,1,1,0
C0116,20,000,00000,JHARKHAND,105999,105 Others ,2,1,1,1,0,1,1,1,0
C0116,20,000,00000,JHARKHAND,106000,106 SAVARA,94,49,45,89,46,43,5,3,2
C0116,20,000,00000,JHARKHAND,106004, Savara,94,49,45,89,46,43,5,3,2
C0116,20,000,00000,JHARKHAND,107000,107 SEMA,2,0,2,2,0,2,0,0,0
C0116,20,000,00000,JHARKHAND,107002, Sema,2,0,2,2,0,2,0,0,0
C0116,20,000,00000,JHARKHAND,112000,112 TANGKHUL ,2,2,0,0,0,0,2,2,0
C0116,20,000,00000,JHARKHAND,112008, Tangkhul,2,2,0,0,0,0,2,2,0
C0116,20,000,00000,JHARKHAND,113000,113 TANGSA,1,1,0,0,0,0,1,1,0
C0116,20,000,00000,JHARKHAND,113999,113 Others,1,1,0,0,0,0,1,1,0
C0116,20,000,00000,JHARKHAND,114000,114 THADO ,3,3,0,2,2,0,1,1,0
C0116,20,000,00000,JHARKHAND,114015, Thado,3,3,0,2,2,0,1,1,0
C0116,20,000,00000,JHARKHAND,115000,115 TIBETAN ,5,4,1,4,3,1,1,1,0
C0116,20,000,00000,JHARKHAND,115008, Tibetan,2,2,0,1,1,0,1,1,0
C0116,20,000,00000,JHARKHAND,115999,115 Others,3,2,1,3,2,1,0,0,0
C0116,20,000,00000,JHARKHAND,116000,116 TRIPURI ,29,24,5,14,12,2,15,12,3
C0116,20,000,00000,JHARKHAND,116007, Kokbarak,19,16,3,7,7,0,12,9,3
C0116,20,000,00000,JHARKHAND,116011, Reang,3,2,1,3,2,1,0,0,0
C0116,20,000,00000,JHARKHAND,116014, Tripuri,6,6,0,3,3,0,3,3,0
C0116,20,000,00000,JHARKHAND,116999,116 Others ,1,0,1,1,0,1,0,0,0
C0116,20,000,00000,JHARKHAND,117000,117 TULU ,83,42,41,77,39,38,6,3,3
C0116,20,000,00000,JHARKHAND,117009, Tulu,2,0,2,1,0,1,1,0,1
C0116,20,000,00000,JHARKHAND,117999,117 Others ,81,42,39,76,39,37,5,3,2
C0116,20,000,00000,JHARKHAND,118000,118 VAIPHEI ,1,0,1,0,0,0,1,0,1
C0116,20,000,00000,JHARKHAND,118002, Vaiphei,1,0,1,0,0,0,1,0,1
C0116,20,000,00000,JHARKHAND,120000,120 YIMCHUNGRE,1,1,0,0,0,0,1,1,0
C0116,20,000,00000,JHARKHAND,120001, Chirr,1,1,0,0,0,0,1,1,0
C0116,20,000,00000,JHARKHAND,123000,123 ZOU ,2,0,2,0,0,0,2,0,2
C0116,20,000,00000,JHARKHAND,123001, Zou,2,0,2,0,0,0,2,0,2
C0116,20,000,00000,JHARKHAND,124000,124 OTHERS,24458,13148,11310,21190,11469,9721,3268,1679,1589
C0116,21,000,00000,ODISHA,001000,1 ASSAMESE,1123,823,300,417,335,82,706,488,218
C0116,21,000,00000,ODISHA,001002, Assamese,1119,820,299,416,334,82,703,486,217
C0116,21,000,00000,ODISHA,001999,1 Others,4,3,1,1,1,0,3,2,1
C0116,21,000,00000,ODISHA,002000,2 BENGALI ,504570,255768,248802,361648,180703,180945,142922,75065,67857
C0116,21,000,00000,ODISHA,002007, Bengali,504443,255696,248747,361534,180637,180897,142909,75059,67850
C0116,21,000,00000,ODISHA,002011, Chakma,5,5,0,4,4,0,1,1,0
C0116,21,000,00000,ODISHA,002015, Haijong/Hajong,1,1,0,1,1,0,0,0,0
C0116,21,000,00000,ODISHA,002999,2 Others,121,66,55,109,61,48,12,5,7
C0116,21,000,00000,ODISHA,003000,3 BODO ,24,21,3,10,9,1,14,12,2
C0116,21,000,00000,ODISHA,003001, Bodo/Boro,23,21,2,10,9,1,13,12,1
C0116,21,000,00000,ODISHA,003003, Kachari,1,0,1,0,0,0,1,0,1
C0116,21,000,00000,ODISHA,004000,4 DOGRI ,353,343,10,205,203,2,148,140,8
C0116,21,000,00000,ODISHA,004001, Dogri,353,343,10,205,203,2,148,140,8
C0116,21,000,00000,ODISHA,005000,5 GUJARATI,14856,7742,7114,1957,1056,901,12899,6686,6213
C0116,21,000,00000,ODISHA,005018, Gujarati,14050,7357,6693,1529,845,684,12521,6512,6009
C0116,21,000,00000,ODISHA,005052, Pattani,4,3,1,0,0,0,4,3,1
C0116,21,000,00000,ODISHA,005054, Ponchi,16,7,9,16,7,9,0,0,0
C0116,21,000,00000,ODISHA,005057, Saurashtra/Saurashtri,5,3,2,1,0,1,4,3,1
C0116,21,000,00000,ODISHA,005999,5 Others,781,372,409,411,204,207,370,168,202
C0116,21,000,00000,ODISHA,006000,6 HINDI ,1239037,640650,598387,692414,347748,344666,546623,292902,253721
C0116,21,000,00000,ODISHA,006030, Awadhi,16,16,0,12,12,0,4,4,0
C0116,21,000,00000,ODISHA,006040, Baghati/Baghati Pahari,51,28,23,51,28,23,0,0,0
C0116,21,000,00000,ODISHA,006042, Bagheli/Baghel Khandi,5,3,2,2,2,0,3,1,2
C0116,21,000,00000,ODISHA,006066, Banjari,5530,2796,2734,5483,2769,2714,47,27,20
C0116,21,000,00000,ODISHA,006086, Bhadrawahi,4,4,0,4,4,0,0,0,0
C0116,21,000,00000,ODISHA,006096, Bharmauri/Gaddi,132,72,60,111,61,50,21,11,10
C0116,21,000,00000,ODISHA,006102, Bhojpuri,21755,12262,9493,1993,1270,723,19762,10992,8770
C0116,21,000,00000,ODISHA,006123, Brajbhasha,26,19,7,12,8,4,14,11,3
C0116,21,000,00000,ODISHA,006125, Bundeli/Bundel khandi,91,54,37,50,33,17,41,21,20
C0116,21,000,00000,ODISHA,006142, Chhattisgarhi,126994,61473,65521,111701,53915,57786,15293,7558,7735
C0116,21,000,00000,ODISHA,006173, Dhundhari,15,7,8,10,3,7,5,4,1
C0116,21,000,00000,ODISHA,006195, Garhwali,887,488,399,793,416,377,94,72,22
C0116,21,000,00000,ODISHA,006198, Gawari,13,7,6,13,7,6,0,0,0
C0116,21,000,00000,ODISHA,006207, Gojri/Gujjari/Gujar,7,6,1,3,3,0,4,3,1
C0116,21,000,00000,ODISHA,006235, Haryanvi,386,307,79,155,121,34,231,186,45
C0116,21,000,00000,ODISHA,006240, Hindi,514769,279436,235333,115239,62151,53088,399530,217285,182245
C0116,21,000,00000,ODISHA,006265, Jaunpuri/Jaunsari,2,1,1,1,0,1,1,1,0
C0116,21,000,00000,ODISHA,006311, Khari Boli,17,7,10,16,7,9,1,0,1
C0116,21,000,00000,ODISHA,006320, Khortha/Khotta,192,126,66,61,35,26,131,91,40
C0116,21,000,00000,ODISHA,006336, Kulvi,1,1,0,1,1,0,0,0,0
C0116,21,000,00000,ODISHA,006340, Kumauni,87,60,27,52,32,20,35,28,7
C0116,21,000,00000,ODISHA,006345, Kurmali Thar,90052,44817,45235,88412,43989,44423,1640,828,812
C0116,21,000,00000,ODISHA,006353, Lamani/Lambadi,12,6,6,10,4,6,2,2,0
C0116,21,000,00000,ODISHA,006355, Laria,80911,39665,41246,78007,38242,39765,2904,1423,1481
C0116,21,000,00000,ODISHA,006358, Lodhi,1,1,0,1,1,0,0,0,0
C0116,21,000,00000,ODISHA,006376, Magadhi/Magahi,473,291,182,98,69,29,375,222,153
C0116,21,000,00000,ODISHA,006391, Malvi,3,2,1,0,0,0,3,2,1
C0116,21,000,00000,ODISHA,006400, Marwari,11277,5939,5338,1012,546,466,10265,5393,4872
C0116,21,000,00000,ODISHA,006408, Mewari,1,1,0,0,0,0,1,1,0
C0116,21,000,00000,ODISHA,006420, Nagpuria,621,340,281,464,247,217,157,93,64
C0116,21,000,00000,ODISHA,006432, Nimadi,1,0,1,0,0,0,1,0,1
C0116,21,000,00000,ODISHA,006439, Pahari,106,78,28,16,12,4,90,66,24
C0116,21,000,00000,ODISHA,006449, Palmuha,4,2,2,0,0,0,4,2,2
C0116,21,000,00000,ODISHA,006451, Panch Pargania,7,6,1,0,0,0,7,6,1
C0116,21,000,00000,ODISHA,006476, Puran/Puran Bhasha,4281,2163,2118,4246,2147,2099,35,16,19
C0116,21,000,00000,ODISHA,006489, Rajasthani,2491,1475,1016,361,253,108,2130,1222,908
C0116,21,000,00000,ODISHA,006503, Sadan/Sadri,346927,172354,174573,272771,135625,137146,74156,36729,37427
C0116,21,000,00000,ODISHA,006548, Surjapuri,3,3,0,2,2,0,1,1,0
C0116,21,000,00000,ODISHA,006999,6 Others,30886,16334,14552,11251,5733,5518,19635,10601,9034
C0116,21,000,00000,ODISHA,007000,7 KANNADA,3673,1950,1723,2994,1524,1470,679,426,253
C0116,21,000,00000,ODISHA,007016, Kannada,3639,1934,1705,2983,1520,1463,656,414,242
C0116,21,000,00000,ODISHA,007027, Kuruba/Kurumba,5,2,3,1,0,1,4,2,2
C0116,21,000,00000,ODISHA,007999,7 Others,29,14,15,10,4,6,19,10,9
C0116,21,000,00000,ODISHA,008000,8 KASHMIRI ,140,119,21,86,73,13,54,46,8
C0116,21,000,00000,ODISHA,008005, Kashmiri,138,117,21,86,73,13,52,44,8
C0116,21,000,00000,ODISHA,008010, Kishtwari,2,2,0,0,0,0,2,2,0
C0116,21,000,00000,ODISHA,009000,9 KONKANI,7587,3808,3779,7452,3728,3724,135,80,55
C0116,21,000,00000,ODISHA,009011, Konkani,52,34,18,13,11,2,39,23,16
C0116,21,000,00000,ODISHA,009013, Kudubi/Kudumbi,7402,3709,3693,7317,3660,3657,85,49,36
C0116,21,000,00000,ODISHA,009020, Nawait,72,35,37,72,35,37,0,0,0
C0116,21,000,00000,ODISHA,009028, Gorboli/Goru/Gorwani,3,3,0,0,0,0,3,3,0
C0116,21,000,00000,ODISHA,009999,9 Others,58,27,31,50,22,28,8,5,3
C0116,21,000,00000,ODISHA,010000,10 MAITHILI ,2438,1354,1084,372,238,134,2066,1116,950
C0116,21,000,00000,ODISHA,010008, Maithili,2401,1335,1066,358,229,129,2043,1106,937
C0116,21,000,00000,ODISHA,010013, Thati,31,16,15,13,8,5,18,8,10
C0116,21,000,00000,ODISHA,010014, Tharu,6,3,3,1,1,0,5,2,3
C0116,21,000,00000,ODISHA,011000,11 MALAYALAM,9004,4739,4265,3682,1895,1787,5322,2844,2478
C0116,21,000,00000,ODISHA,011016, Malayalam,6523,3532,2991,1216,695,521,5307,2837,2470
C0116,21,000,00000,ODISHA,011023, Pania,2,1,1,2,1,1,0,0,0
C0116,21,000,00000,ODISHA,011999,11 Others,2479,1206,1273,2464,1199,1265,15,7,8
C0116,21,000,00000,ODISHA,012000,12 MANIPURI ,306,236,70,131,127,4,175,109,66
C0116,21,000,00000,ODISHA,012003, Manipuri,306,236,70,131,127,4,175,109,66
C0116,21,000,00000,ODISHA,013000,13 MARATHI ,8617,4867,3750,4322,2407,1915,4295,2460,1835
C0116,21,000,00000,ODISHA,013060, Koli,42,22,20,42,22,20,0,0,0
C0116,21,000,00000,ODISHA,013071, Marathi,6311,3724,2587,2061,1289,772,4250,2435,1815
C0116,21,000,00000,ODISHA,013999,13 Others,2264,1121,1143,2219,1096,1123,45,25,20
C0116,21,000,00000,ODISHA,014000,14 NEPALI ,8654,4587,4067,2003,1077,926,6651,3510,3141
C0116,21,000,00000,ODISHA,014011, Nepali,8646,4582,4064,2002,1076,926,6644,3506,3138
C0116,21,000,00000,ODISHA,014999,14 Others,8,5,3,1,1,0,7,4,3
C0116,21,000,00000,ODISHA,015000,15 ODIA ,34712170,17592182,17119988,29278206,14780830,14497376,5433964,2811352,2622612
C0116,21,000,00000,ODISHA,015006, Bhatri,107528,52900,54628,106001,52145,53856,1527,755,772
C0116,21,000,00000,ODISHA,015007, Bhuiya/Bhuyan[Ori],31018,15204,15814,30576,14973,15603,442,231,211
C0116,21,000,00000,ODISHA,015010, Bhumijali,34563,17240,17323,33072,16454,16618,1491,786,705
C0116,21,000,00000,ODISHA,015014, Desia,225188,109459,115729,219555,106921,112634,5633,2538,3095
C0116,21,000,00000,ODISHA,015043, Odia,31507158,15984207,15522951,26347330,13311309,13036021,5159828,2672898,2486930
C0116,21,000,00000,ODISHA,015051, Proja (Ori),156354,75412,80942,149229,71996,77233,7125,3416,3709
C0116,21,000,00000,ODISHA,015055, Relli,790,394,396,735,371,364,55,23,32
C0116,21,000,00000,ODISHA,015058, Sambalpuri,2629495,1327303,1302192,2373678,1197691,1175987,255817,129612,126205
C0116,21,000,00000,ODISHA,015999,15 Others,20076,10063,10013,18030,8970,9060,2046,1093,953
C0116,21,000,00000,ODISHA,016000,16 PUNJABI ,19470,10554,8916,2005,1243,762,17465,9311,8154
C0116,21,000,00000,ODISHA,016002, Bagri,4,4,0,1,1,0,3,3,0
C0116,21,000,00000,ODISHA,016038, Punjabi,19353,10493,8860,1908,1195,713,17445,9298,8147
C0116,21,000,00000,ODISHA,016999,16 Others,113,57,56,96,47,49,17,10,7
C0116,21,000,00000,ODISHA,017000,17 SANSKRIT ,534,249,285,306,130,176,228,119,109
C0116,21,000,00000,ODISHA,017002, Sanskrit,431,200,231,271,112,159,160,88,72
C0116,21,000,00000,ODISHA,017999,17 Others,103,49,54,35,18,17,68,31,37
C0116,21,000,00000,ODISHA,018000,18 SANTALI ,862590,428553,434037,809047,401898,407149,53543,26655,26888
C0116,21,000,00000,ODISHA,018010, Karmali,6,2,4,0,0,0,6,2,4
C0116,21,000,00000,ODISHA,018011, Mahili,920,444,476,864,416,448,56,28,28
C0116,21,000,00000,ODISHA,018040, Santali,859947,427297,432650,806471,400676,405795,53476,26621,26855
C0116,21,000,00000,ODISHA,018999,18 Others,1717,810,907,1712,806,906,5,4,1
C0116,21,000,00000,ODISHA,019000,19 SINDHI,2338,1201,1137,127,66,61,2211,1135,1076
C0116,21,000,00000,ODISHA,019008, Kachchhi,457,229,228,69,38,31,388,191,197
C0116,21,000,00000,ODISHA,019014, Sindhi,1874,968,906,54,26,28,1820,942,878
C0116,21,000,00000,ODISHA,019999,19 Others,7,4,3,4,2,2,3,2,1
C0116,21,000,00000,ODISHA,020000,20 TAMIL ,6155,3476,2679,1825,1076,749,4330,2400,1930
C0116,21,000,00000,ODISHA,020027, Tamil,6078,3436,2642,1755,1038,717,4323,2398,1925
C0116,21,000,00000,ODISHA,020029, Yerukala/Yerukula,30,15,15,25,13,12,5,2,3
C0116,21,000,00000,ODISHA,020999,20 Others,47,25,22,45,25,20,2,0,2
C0116,21,000,00000,ODISHA,021000,21 TELUGU ,667693,329199,338494,356994,173932,183062,310699,155267,155432
C0116,21,000,00000,ODISHA,021046, Telugu,666842,328784,338058,356196,173545,182651,310646,155239,155407
C0116,21,000,00000,ODISHA,021999,21 Others,851,415,436,798,387,411,53,28,25
C0116,21,000,00000,ODISHA,022000,22 URDU,670572,341283,329289,372590,186947,185643,297982,154336,143646
C0116,21,000,00000,ODISHA,022015, Urdu,670409,341178,329231,372513,186904,185609,297896,154274,143622
C0116,21,000,00000,ODISHA,022999,22 Others,163,105,58,77,43,34,86,62,24
C0116,21,000,00000,ODISHA,023000,23 ADI ,12,10,2,5,4,1,7,6,1
C0116,21,000,00000,ODISHA,023003, Adi,1,1,0,1,1,0,0,0,0
C0116,21,000,00000,ODISHA,023006, Adi Gallong/Gallong,1,0,1,1,0,1,0,0,0
C0116,21,000,00000,ODISHA,023999,23 Others,10,9,1,3,3,0,7,6,1
C0116,21,000,00000,ODISHA,024000,24 AFGHANI/KABULI/PASHTO ,12,11,1,0,0,0,12,11,1
C0116,21,000,00000,ODISHA,024001, Afghani/Kabuli/Pashto,12,11,1,0,0,0,12,11,1
C0116,21,000,00000,ODISHA,026000,26 ANGAMI ,4,2,2,1,0,1,3,2,1
C0116,21,000,00000,ODISHA,026002, Angami,1,0,1,1,0,1,0,0,0
C0116,21,000,00000,ODISHA,026999,26 Others,3,2,1,0,0,0,3,2,1
C0116,21,000,00000,ODISHA,028000,28 ARABIC/ARBI ,230,123,107,175,93,82,55,30,25
C0116,21,000,00000,ODISHA,028001, Arabic/Arbi,230,123,107,175,93,82,55,30,25
C0116,21,000,00000,ODISHA,030000,30 BHILI/BHILODI ,1213,603,610,1108,545,563,105,58,47
C0116,21,000,00000,ODISHA,030002, Baori,503,262,241,414,214,200,89,48,41
C0116,21,000,00000,ODISHA,030007, Bhili/Bhilodi,2,1,1,1,0,1,1,1,0
C0116,21,000,00000,ODISHA,030020, Gamti/Gavit,15,8,7,13,6,7,2,2,0
C0116,21,000,00000,ODISHA,030035, Kokna/Kokni/Kukna,11,7,4,6,4,2,5,3,2
C0116,21,000,00000,ODISHA,030066, Paradhi,145,71,74,144,70,74,1,1,0
C0116,21,000,00000,ODISHA,030999,30 Others,537,254,283,530,251,279,7,3,4
C0116,21,000,00000,ODISHA,032000,32 BHUMIJ ,5912,2967,2945,5481,2740,2741,431,227,204
C0116,21,000,00000,ODISHA,032002, Bhumij,620,323,297,355,180,175,265,143,122
C0116,21,000,00000,ODISHA,032999,32 Others,5292,2644,2648,5126,2560,2566,166,84,82
C0116,21,000,00000,ODISHA,036000,36 CHANG ,32,9,23,31,8,23,1,1,0
C0116,21,000,00000,ODISHA,036001, Chang,32,9,23,31,8,23,1,1,0
C0116,21,000,00000,ODISHA,037000,37 COORGI/KODAGU ,1341,663,678,1018,502,516,323,161,162
C0116,21,000,00000,ODISHA,037001, Coorgi/Kodagu,1341,663,678,1018,502,516,323,161,162
C0116,21,000,00000,ODISHA,039000,39 DIMASA ,3,2,1,0,0,0,3,2,1
C0116,21,000,00000,ODISHA,039999,39 Others,3,2,1,0,0,0,3,2,1
C0116,21,000,00000,ODISHA,040000,40 ENGLISH ,2154,1145,1009,1074,591,483,1080,554,526
C0116,21,000,00000,ODISHA,040001, English,2154,1145,1009,1074,591,483,1080,554,526
C0116,21,000,00000,ODISHA,041000,41 GADABA ,33342,16009,17333,32148,15469,16679,1194,540,654
C0116,21,000,00000,ODISHA,041001, Gadaba,33342,16009,17333,32148,15469,16679,1194,540,654
C0116,21,000,00000,ODISHA,043000,43 GARO ,3748,1852,1896,3522,1744,1778,226,108,118
C0116,21,000,00000,ODISHA,043005, Garo,161,76,85,157,74,83,4,2,2
C0116,21,000,00000,ODISHA,043999,43 Others,3587,1776,1811,3365,1670,1695,222,106,116
C0116,21,000,00000,ODISHA,044000,44 GONDI,56517,28081,28436,55775,27689,28086,742,392,350
C0116,21,000,00000,ODISHA,044007, Gondi,47699,23671,24028,47387,23499,23888,312,172,140
C0116,21,000,00000,ODISHA,044013, Kalari,33,19,14,33,19,14,0,0,0
C0116,21,000,00000,ODISHA,044017, Maria/ Muria,6,3,3,6,3,3,0,0,0
C0116,21,000,00000,ODISHA,044999,44 Others,8779,4388,4391,8349,4168,4181,430,220,210
C0116,21,000,00000,ODISHA,045000,45 HALABI,31767,15711,16056,30853,15248,15605,914,463,451
C0116,21,000,00000,ODISHA,045001, Halabi,31762,15708,16054,30853,15248,15605,909,460,449
C0116,21,000,00000,ODISHA,045999,45 Others,5,3,2,0,0,0,5,3,2
C0116,21,000,00000,ODISHA,046000,46 HALAM ,13,7,6,12,6,6,1,1,0
C0116,21,000,00000,ODISHA,046003, Halam,12,7,5,11,6,5,1,1,0
C0116,21,000,00000,ODISHA,046999,46 Others,1,0,1,1,0,1,0,0,0
C0116,21,000,00000,ODISHA,047000,47 HMAR,1,1,0,1,1,0,0,0,0
C0116,21,000,00000,ODISHA,047001, Hmar,1,1,0,1,1,0,0,0,0
C0116,21,000,00000,ODISHA,048000,48 HO,411724,203493,208231,388273,191713,196560,23451,11780,11671
C0116,21,000,00000,ODISHA,048004, Ho,411098,203176,207922,387665,191404,196261,23433,11772,11661
C0116,21,000,00000,ODISHA,048007, Lohara,626,317,309,608,309,299,18,8,10
C0116,21,000,00000,ODISHA,049000,49 JATAPU ,81,38,43,81,38,43,0,0,0
C0116,21,000,00000,ODISHA,049002, Jatapu,81,38,43,81,38,43,0,0,0
C0116,21,000,00000,ODISHA,050000,50 JUANG ,30377,14889,15488,30273,14832,15441,104,57,47
C0116,21,000,00000,ODISHA,050001, Juang,30377,14889,15488,30273,14832,15441,104,57,47
C0116,21,000,00000,ODISHA,051000,51 KABUI ,7,5,2,1,1,0,6,4,2
C0116,21,000,00000,ODISHA,051003, Kabui,3,2,1,0,0,0,3,2,1
C0116,21,000,00000,ODISHA,051005, Rongmei,2,1,1,0,0,0,2,1,1
C0116,21,000,00000,ODISHA,051999,51 Others ,2,2,0,1,1,0,1,1,0
C0116,21,000,00000,ODISHA,052000,52 KARBI/MIKIR ,16,3,13,15,3,12,1,0,1
C0116,21,000,00000,ODISHA,052002, Karbi/Mikir,16,3,13,15,3,12,1,0,1
C0116,21,000,00000,ODISHA,053000,53 KHANDESHI,16,9,7,15,8,7,1,1,0
C0116,21,000,00000,ODISHA,053002, Ahirani,3,2,1,2,1,1,1,1,0
C0116,21,000,00000,ODISHA,053004, Dangi,3,1,2,3,1,2,0,0,0
C0116,21,000,00000,ODISHA,053999,53 Others,10,6,4,10,6,4,0,0,0
C0116,21,000,00000,ODISHA,054000,54 KHARIA ,126872,62254,64618,116155,57099,59056,10717,5155,5562
C0116,21,000,00000,ODISHA,054005, Kharia,123619,60646,62973,112907,55495,57412,10712,5151,5561
C0116,21,000,00000,ODISHA,054999,54 Others,3253,1608,1645,3248,1604,1644,5,4,1
C0116,21,000,00000,ODISHA,055000,55 KHASI ,705,332,373,700,329,371,5,3,2
C0116,21,000,00000,ODISHA,055007, Khasi,705,332,373,700,329,371,5,3,2
C0116,21,000,00000,ODISHA,056000,56 KHEZHA ,8,6,2,8,6,2,0,0,0
C0116,21,000,00000,ODISHA,056003, Khezha,7,5,2,7,5,2,0,0,0
C0116,21,000,00000,ODISHA,056999,56 Others ,1,1,0,1,1,0,0,0,0
C0116,21,000,00000,ODISHA,058000,58 KHOND/KONDH ,114802,55131,59671,113220,54294,58926,1582,837,745
C0116,21,000,00000,ODISHA,058001, Khond/Kondh,108351,52219,56132,106885,51438,55447,1466,781,685
C0116,21,000,00000,ODISHA,058006, Kuvi,6451,2912,3539,6335,2856,3479,116,56,60
C0116,21,000,00000,ODISHA,060000,60 KISAN ,194716,96463,98253,178443,88419,90024,16273,8044,8229
C0116,21,000,00000,ODISHA,060002, Kisan,194716,96463,98253,178443,88419,90024,16273,8044,8229
C0116,21,000,00000,ODISHA,061000,61 KOCH ,10,5,5,4,2,2,6,3,3
C0116,21,000,00000,ODISHA,061002, Koch,6,3,3,0,0,0,6,3,3
C0116,21,000,00000,ODISHA,061999,61 Others,4,2,2,4,2,2,0,0,0
C0116,21,000,00000,ODISHA,062000,62 KODA/KORA ,2104,1062,1042,1910,972,938,194,90,104
C0116,21,000,00000,ODISHA,062003, Koda/Kora,2104,1062,1042,1910,972,938,194,90,104
C0116,21,000,00000,ODISHA,064000,64 KOM,5,2,3,0,0,0,5,2,3
C0116,21,000,00000,ODISHA,064001, Kom,5,2,3,0,0,0,5,2,3
C0116,21,000,00000,ODISHA,065000,65 KONDA,2160,1069,1091,2152,1063,1089,8,6,2
C0116,21,000,00000,ODISHA,065003, Konda,108,64,44,102,60,42,6,4,2
C0116,21,000,00000,ODISHA,065999,65 Others ,2052,1005,1047,2050,1003,1047,2,2,0
C0116,21,000,00000,ODISHA,066000,66 KONYAK ,3,2,1,3,2,1,0,0,0
C0116,21,000,00000,ODISHA,066001, Konyak,3,2,1,3,2,1,0,0,0
C0116,21,000,00000,ODISHA,068000,68 KORWA ,478,294,184,370,240,130,108,54,54
C0116,21,000,00000,ODISHA,068999,68 Others ,478,294,184,370,240,130,108,54,54
C0116,21,000,00000,ODISHA,069000,69 KOYA ,143676,69196,74480,142909,68738,74171,767,458,309
C0116,21,000,00000,ODISHA,069002, Koya,143676,69196,74480,142909,68738,74171,767,458,309
C0116,21,000,00000,ODISHA,070000,70 KUI ,939283,450343,488940,918122,440595,477527,21161,9748,11413
C0116,21,000,00000,ODISHA,070001, Kui,939177,450291,488886,918016,440543,477473,21161,9748,11413
C0116,21,000,00000,ODISHA,070999,70 Others ,106,52,54,106,52,54,0,0,0
C0116,21,000,00000,ODISHA,071000,71 KUKI,16,8,8,3,3,0,13,5,8
C0116,21,000,00000,ODISHA,071008, Kuki,16,8,8,3,3,0,13,5,8
C0116,21,000,00000,ODISHA,072000,72 KURUKH/ORAON ,136031,67225,68806,120475,59579,60896,15556,7646,7910
C0116,21,000,00000,ODISHA,072024, Kurukh/Oraon,135685,67051,68634,120139,59408,60731,15546,7643,7903
C0116,21,000,00000,ODISHA,072999,72 Others ,346,174,172,336,171,165,10,3,7
C0116,21,000,00000,ODISHA,073000,73 LADAKHI ,3114,1547,1567,2981,1471,1510,133,76,57
C0116,21,000,00000,ODISHA,073003, Ladakhi,3114,1547,1567,2981,1471,1510,133,76,57
C0116,21,000,00000,ODISHA,074000,74 LAHAULI ,1,1,0,1,1,0,0,0,0
C0116,21,000,00000,ODISHA,074002, Lahauli,1,1,0,1,1,0,0,0,0
C0116,21,000,00000,ODISHA,075000,75 LAHNDA ,103,48,55,1,0,1,102,48,54
C0116,21,000,00000,ODISHA,075999,75 Others ,103,48,55,1,0,1,102,48,54
C0116,21,000,00000,ODISHA,076000,76 LAKHER,2,2,0,0,0,0,2,2,0
C0116,21,000,00000,ODISHA,076002, Mara,2,2,0,0,0,0,2,2,0
C0116,21,000,00000,ODISHA,081000,81 LOTHA ,8,3,5,0,0,0,8,3,5
C0116,21,000,00000,ODISHA,081001, Lotha,8,3,5,0,0,0,8,3,5
C0116,21,000,00000,ODISHA,082000,82 LUSHAI/MIZO ,14,12,2,1,1,0,13,11,2
C0116,21,000,00000,ODISHA,082005, Lushai/Mizo,14,12,2,1,1,0,13,11,2
C0116,21,000,00000,ODISHA,083000,83 MALTO ,1355,628,727,1171,588,583,184,40,144
C0116,21,000,00000,ODISHA,083002, Pahariya,129,69,60,129,69,60,0,0,0
C0116,21,000,00000,ODISHA,083999,83 Others,1226,559,667,1042,519,523,184,40,144
C0116,21,000,00000,ODISHA,085000,85 MARAM,1,0,1,0,0,0,1,0,1
C0116,21,000,00000,ODISHA,085001, Maram ,1,0,1,0,0,0,1,0,1
C0116,21,000,00000,ODISHA,088000,88 MISHMI ,2,1,1,1,1,0,1,0,1
C0116,21,000,00000,ODISHA,088999,88 Others ,2,1,1,1,1,0,1,0,1
C0116,21,000,00000,ODISHA,089000,89 MOGH ,15,9,6,1,1,0,14,8,6
C0116,21,000,00000,ODISHA,089004, Mogh,15,9,6,1,1,0,14,8,6
C0116,21,000,00000,ODISHA,090000,90 MONPA ,1,1,0,0,0,0,1,1,0
C0116,21,000,00000,ODISHA,090003, Monpa,1,1,0,0,0,0,1,1,0
C0116,21,000,00000,ODISHA,091000,91 MUNDA,335830,167316,168514,299214,148917,150297,36616,18399,18217
C0116,21,000,00000,ODISHA,091006, Kol,775,390,385,720,356,364,55,34,21
C0116,21,000,00000,ODISHA,091009, Munda,329707,164277,165430,293806,146247,147559,35901,18030,17871
C0116,21,000,00000,ODISHA,091999,91 Others ,5348,2649,2699,4688,2314,2374,660,335,325
C0116,21,000,00000,ODISHA,092000,92 MUNDARI ,123488,61196,62292,116415,57596,58819,7073,3600,3473
C0116,21,000,00000,ODISHA,092005, Mundari,123488,61196,62292,116415,57596,58819,7073,3600,3473
C0116,21,000,00000,ODISHA,093000,93 NICOBARESE ,1,0,1,0,0,0,1,0,1
C0116,21,000,00000,ODISHA,093001, Nicobarese,1,0,1,0,0,0,1,0,1
C0116,21,000,00000,ODISHA,094000,94 NISSI/DAFLA ,2,1,1,1,1,0,1,0,1
C0116,21,000,00000,ODISHA,094007, Nissi/Dafla,1,0,1,0,0,0,1,0,1
C0116,21,000,00000,ODISHA,094008, Tagin,1,1,0,1,1,0,0,0,0
C0116,21,000,00000,ODISHA,096000,96 PAITE,3,2,1,1,1,0,2,1,1
C0116,21,000,00000,ODISHA,096002, Paite,3,2,1,1,1,0,2,1,1
C0116,21,000,00000,ODISHA,097000,97 PARJI ,584,284,300,584,284,300,0,0,0
C0116,21,000,00000,ODISHA,097001, Dhurwa,584,284,300,584,284,300,0,0,0
C0116,21,000,00000,ODISHA,101000,101 POCHURY,6,3,3,6,3,3,0,0,0
C0116,21,000,00000,ODISHA,101006, Pochury,4,2,2,4,2,2,0,0,0
C0116,21,000,00000,ODISHA,101999,101 Others ,2,1,1,2,1,1,0,0,0
C0116,21,000,00000,ODISHA,102000,102 RABHA ,9,8,1,8,7,1,1,1,0
C0116,21,000,00000,ODISHA,102002, Rabha,9,8,1,8,7,1,1,1,0
C0116,21,000,00000,ODISHA,103000,103 RAI ,1810,875,935,1714,825,889,96,50,46
C0116,21,000,00000,ODISHA,103003, Rai,1810,875,935,1714,825,889,96,50,46
C0116,21,000,00000,ODISHA,104000,104 RENGMA ,1,1,0,0,0,0,1,1,0
C0116,21,000,00000,ODISHA,104001, Rengma,1,1,0,0,0,0,1,1,0
C0116,21,000,00000,ODISHA,106000,106 SAVARA,298655,145137,153518,295267,143419,151848,3388,1718,1670
C0116,21,000,00000,ODISHA,106004, Savara,298655,145137,153518,295267,143419,151848,3388,1718,1670
C0116,21,000,00000,ODISHA,109000,109 SHINA,1,0,1,0,0,0,1,0,1
C0116,21,000,00000,ODISHA,109999,109 Others ,1,0,1,0,0,0,1,0,1
C0116,21,000,00000,ODISHA,111000,111 TAMANG ,17,9,8,12,7,5,5,2,3
C0116,21,000,00000,ODISHA,111001, Tamang,17,9,8,12,7,5,5,2,3
C0116,21,000,00000,ODISHA,112000,112 TANGKHUL ,3,2,1,0,0,0,3,2,1
C0116,21,000,00000,ODISHA,112008, Tangkhul,3,2,1,0,0,0,3,2,1
C0116,21,000,00000,ODISHA,114000,114 THADO ,36,17,19,28,14,14,8,3,5
C0116,21,000,00000,ODISHA,114015, Thado,36,17,19,28,14,14,8,3,5
C0116,21,000,00000,ODISHA,115000,115 TIBETAN ,553,279,274,533,265,268,20,14,6
C0116,21,000,00000,ODISHA,115008, Tibetan,553,279,274,533,265,268,20,14,6
C0116,21,000,00000,ODISHA,116000,116 TRIPURI ,24,19,5,19,14,5,5,5,0
C0116,21,000,00000,ODISHA,116007, Kokbarak,14,11,3,12,9,3,2,2,0
C0116,21,000,00000,ODISHA,116014, Tripuri,5,5,0,2,2,0,3,3,0
C0116,21,000,00000,ODISHA,116999,116 Others ,5,3,2,5,3,2,0,0,0
C0116,21,000,00000,ODISHA,117000,117 TULU ,79,45,34,39,21,18,40,24,16
C0116,21,000,00000,ODISHA,117009, Tulu,13,9,4,0,0,0,13,9,4
C0116,21,000,00000,ODISHA,117999,117 Others ,66,36,30,39,21,18,27,15,12
C0116,21,000,00000,ODISHA,120000,120 YIMCHUNGRE,26,26,0,26,26,0,0,0,0
C0116,21,000,00000,ODISHA,120004, Tikhir,26,26,0,26,26,0,0,0,0
C0116,21,000,00000,ODISHA,124000,124 OTHERS,227179,111935,115244,209409,102919,106490,17770,9016,8754
C0116,22,000,00000,CHHATTISGARH,001000,1 ASSAMESE,1595,1211,384,1064,788,276,531,423,108
C0116,22,000,00000,CHHATTISGARH,001002, Assamese,1582,1201,381,1056,780,276,526,421,105
C0116,22,000,00000,CHHATTISGARH,001999,1 Others,13,10,3,8,8,0,5,2,3
C0116,22,000,00000,CHHATTISGARH,002000,2 BENGALI ,243597,126159,117438,131322,68604,62718,112275,57555,54720
C0116,22,000,00000,CHHATTISGARH,002007, Bengali,243570,126144,117426,131304,68592,62712,112266,57552,54714
C0116,22,000,00000,CHHATTISGARH,002011, Chakma,7,5,2,4,4,0,3,1,2
C0116,22,000,00000,CHHATTISGARH,002015, Haijong/Hajong,4,0,4,0,0,0,4,0,4
C0116,22,000,00000,CHHATTISGARH,002044, Rajbangsi,1,1,0,1,1,0,0,0,0
C0116,22,000,00000,CHHATTISGARH,002999,2 Others,15,9,6,13,7,6,2,2,0
C0116,22,000,00000,CHHATTISGARH,003000,3 BODO ,88,79,9,54,53,1,34,26,8
C0116,22,000,00000,CHHATTISGARH,003001, Bodo/Boro,87,78,9,53,52,1,34,26,8
C0116,22,000,00000,CHHATTISGARH,003004, Mech/Mechhia,1,1,0,1,1,0,0,0,0
C0116,22,000,00000,CHHATTISGARH,004000,4 DOGRI ,747,698,49,397,395,2,350,303,47
C0116,22,000,00000,CHHATTISGARH,004001, Dogri,747,698,49,397,395,2,350,303,47
C0116,22,000,00000,CHHATTISGARH,005000,5 GUJARATI,39116,20028,19088,4981,2668,2313,34135,17360,16775
C0116,22,000,00000,CHHATTISGARH,005018, Gujarati,35574,18166,17408,2756,1496,1260,32818,16670,16148
C0116,22,000,00000,CHHATTISGARH,005057, Saurashtra/Saurashtri,21,10,11,0,0,0,21,10,11
C0116,22,000,00000,CHHATTISGARH,005999,5 Others,3521,1852,1669,2225,1172,1053,1296,680,616
C0116,22,000,00000,CHHATTISGARH,006000,6 HINDI ,21361927,10751557,10610370,16374316,8198930,8175386,4987611,2552627,2434984
C0116,22,000,00000,CHHATTISGARH,006030, Awadhi,2884,1468,1416,911,472,439,1973,996,977
C0116,22,000,00000,CHHATTISGARH,006040, Baghati/Baghati Pahari,10,5,5,5,1,4,5,4,1
C0116,22,000,00000,CHHATTISGARH,006042, Bagheli/Baghel Khandi,38811,19742,19069,31224,15698,15526,7587,4044,3543
C0116,22,000,00000,CHHATTISGARH,006066, Banjari,9409,4654,4755,8515,4177,4338,894,477,417
C0116,22,000,00000,CHHATTISGARH,006086, Bhadrawahi,6,5,1,5,4,1,1,1,0
C0116,22,000,00000,CHHATTISGARH,006089, Bhagoria,20772,10212,10560,20749,10202,10547,23,10,13
C0116,22,000,00000,CHHATTISGARH,006096, Bharmauri/Gaddi,47,27,20,14,9,5,33,18,15
C0116,22,000,00000,CHHATTISGARH,006102, Bhojpuri,198710,105297,93413,107333,55726,51607,91377,49571,41806
C0116,22,000,00000,CHHATTISGARH,006123, Brajbhasha,964,547,417,473,255,218,491,292,199
C0116,22,000,00000,CHHATTISGARH,006125, Bundeli/Bundel khandi,6081,3225,2856,1695,897,798,4386,2328,2058
C0116,22,000,00000,CHHATTISGARH,006133, Chambeali/Chamrali,1,1,0,0,0,0,1,1,0
C0116,22,000,00000,CHHATTISGARH,006142, Chhattisgarhi,15812522,7902447,7910075,13160536,6565369,6595167,2651986,1337078,1314908
C0116,22,000,00000,CHHATTISGARH,006149, Churahi,1,1,0,0,0,0,1,1,0
C0116,22,000,00000,CHHATTISGARH,006173, Dhundhari,45,25,20,0,0,0,45,25,20
C0116,22,000,00000,CHHATTISGARH,006195, Garhwali,566,394,172,145,129,16,421,265,156
C0116,22,000,00000,CHHATTISGARH,006198, Gawari,10,6,4,9,5,4,1,1,0
C0116,22,000,00000,CHHATTISGARH,006207, Gojri/Gujjari/Gujar,12,12,0,6,6,0,6,6,0
C0116,22,000,00000,CHHATTISGARH,006231, Handuri,1,1,0,1,1,0,0,0,0
C0116,22,000,00000,CHHATTISGARH,006232, Hara/Harauti,18,11,7,3,1,2,15,10,5
C0116,22,000,00000,CHHATTISGARH,006235, Haryanvi,5184,2932,2252,1453,876,577,3731,2056,1675
C0116,22,000,00000,CHHATTISGARH,006240, Hindi,2710116,1414471,1295645,670302,354205,316097,2039814,1060266,979548
C0116,22,000,00000,CHHATTISGARH,006265, Jaunpuri/Jaunsari,17,8,9,2,0,2,15,8,7
C0116,22,000,00000,CHHATTISGARH,006291, Kangri,2,2,0,0,0,0,2,2,0
C0116,22,000,00000,CHHATTISGARH,006311, Khari Boli,890,461,429,538,270,268,352,191,161
C0116,22,000,00000,CHHATTISGARH,006320, Khortha/Khotta,431,266,165,94,72,22,337,194,143
C0116,22,000,00000,CHHATTISGARH,006340, Kumauni,296,190,106,97,70,27,199,120,79
C0116,22,000,00000,CHHATTISGARH,006345, Kurmali Thar,9,5,4,4,2,2,5,3,2
C0116,22,000,00000,CHHATTISGARH,006353, Lamani/Lambadi,7,5,2,7,5,2,0,0,0
C0116,22,000,00000,CHHATTISGARH,006355, Laria,8933,4410,4523,8877,4381,4496,56,29,27
C0116,22,000,00000,CHHATTISGARH,006358, Lodhi,91,52,39,9,5,4,82,47,35
C0116,22,000,00000,CHHATTISGARH,006376, Magadhi/Magahi,4560,2482,2078,1406,778,628,3154,1704,1450
C0116,22,000,00000,CHHATTISGARH,006391, Malvi,155,83,72,21,13,8,134,70,64
C0116,22,000,00000,CHHATTISGARH,006394, Mandeali,15,9,6,4,1,3,11,8,3
C0116,22,000,00000,CHHATTISGARH,006400, Marwari,30920,16325,14595,4000,2175,1825,26920,14150,12770
C0116,22,000,00000,CHHATTISGARH,006408, Mewari,29,20,9,1,1,0,28,19,9
C0116,22,000,00000,CHHATTISGARH,006409, Mewati,3,3,0,2,2,0,1,1,0
C0116,22,000,00000,CHHATTISGARH,006420, Nagpuria,73,42,31,33,17,16,40,25,15
C0116,22,000,00000,CHHATTISGARH,006432, Nimadi,189,100,89,50,28,22,139,72,67
C0116,22,000,00000,CHHATTISGARH,006438, Padari,4,2,2,0,0,0,4,2,2
C0116,22,000,00000,CHHATTISGARH,006439, Pahari,828,505,323,590,340,250,238,165,73
C0116,22,000,00000,CHHATTISGARH,006449, Palmuha,908,471,437,828,422,406,80,49,31
C0116,22,000,00000,CHHATTISGARH,006451, Panch Pargania,9,4,5,1,1,0,8,3,5
C0116,22,000,00000,CHHATTISGARH,006452, Pando/Pandwani,14991,7671,7320,14622,7477,7145,369,194,175
C0116,22,000,00000,CHHATTISGARH,006466, Pawari/Powari,637,343,294,40,21,19,597,322,275
C0116,22,000,00000,CHHATTISGARH,006489, Rajasthani,6840,3842,2998,2237,1301,936,4603,2541,2062
C0116,22,000,00000,CHHATTISGARH,006503, Sadan/Sadri,647154,323637,323517,617643,308728,308915,29511,14909,14602
C0116,22,000,00000,CHHATTISGARH,006547, Surgujia,1737224,873023,864201,1640825,824390,816435,96399,48633,47766
C0116,22,000,00000,CHHATTISGARH,006548, Surjapuri,13,11,2,13,11,2,0,0,0
C0116,22,000,00000,CHHATTISGARH,006999,6 Others,100529,52102,48427,78993,40386,38607,21536,11716,9820
C0116,22,000,00000,CHHATTISGARH,007000,7 KANNADA,2028,1246,782,425,351,74,1603,895,708
C0116,22,000,00000,CHHATTISGARH,007002, Badaga,3,2,1,0,0,0,3,2,1
C0116,22,000,00000,CHHATTISGARH,007016, Kannada,1692,1065,627,422,348,74,1270,717,553
C0116,22,000,00000,CHHATTISGARH,007041, Prakritha/Prakritha Bhasha,325,173,152,1,1,0,324,172,152
C0116,22,000,00000,CHHATTISGARH,007999,7 Others,8,6,2,2,2,0,6,4,2
C0116,22,000,00000,CHHATTISGARH,008000,8 KASHMIRI ,171,134,37,81,71,10,90,63,27
C0116,22,000,00000,CHHATTISGARH,008005, Kashmiri,165,130,35,79,69,10,86,61,25
C0116,22,000,00000,CHHATTISGARH,008010, Kishtwari,4,2,2,0,0,0,4,2,2
C0116,22,000,00000,CHHATTISGARH,008018, Siraji,2,2,0,2,2,0,0,0,0
C0116,22,000,00000,CHHATTISGARH,009000,9 KONKANI,173,78,95,28,12,16,145,66,79
C0116,22,000,00000,CHHATTISGARH,009011, Konkani,123,52,71,13,5,8,110,47,63
C0116,22,000,00000,CHHATTISGARH,009013, Kudubi/Kudumbi,6,3,3,6,3,3,0,0,0
C0116,22,000,00000,CHHATTISGARH,009016, Malwani,36,19,17,7,3,4,29,16,13
C0116,22,000,00000,CHHATTISGARH,009020, Nawait,1,0,1,0,0,0,1,0,1
C0116,22,000,00000,CHHATTISGARH,009028, Gorboli/Goru/Gorwani,6,4,2,1,1,0,5,3,2
C0116,22,000,00000,CHHATTISGARH,009999,9 Others,1,0,1,1,0,1,0,0,0
C0116,22,000,00000,CHHATTISGARH,010000,10 MAITHILI ,9094,5015,4079,1055,682,373,8039,4333,3706
C0116,22,000,00000,CHHATTISGARH,010008, Maithili,8608,4717,3891,946,580,366,7662,4137,3525
C0116,22,000,00000,CHHATTISGARH,010011, Purbi Maithili,34,20,14,0,0,0,34,20,14
C0116,22,000,00000,CHHATTISGARH,010013, Thati,452,278,174,109,102,7,343,176,167
C0116,22,000,00000,CHHATTISGARH,011000,11 MALAYALAM,23370,11733,11637,1515,815,700,21855,10918,10937
C0116,22,000,00000,CHHATTISGARH,011016, Malayalam,23365,11731,11634,1510,813,697,21855,10918,10937
C0116,22,000,00000,CHHATTISGARH,011999,11 Others,5,2,3,5,2,3,0,0,0
C0116,22,000,00000,CHHATTISGARH,012000,12 MANIPURI ,202,180,22,118,113,5,84,67,17
C0116,22,000,00000,CHHATTISGARH,012003, Manipuri,202,180,22,118,113,5,84,67,17
C0116,22,000,00000,CHHATTISGARH,013000,13 MARATHI ,144035,71791,72244,39635,19720,19915,104400,52071,52329
C0116,22,000,00000,CHHATTISGARH,013071, Marathi,132143,65934,66209,27815,13906,13909,104328,52028,52300
C0116,22,000,00000,CHHATTISGARH,013999,13 Others,11892,5857,6035,11820,5814,6006,72,43,29
C0116,22,000,00000,CHHATTISGARH,014000,14 NEPALI ,3431,1952,1479,529,342,187,2902,1610,1292
C0116,22,000,00000,CHHATTISGARH,014011, Nepali,3429,1951,1478,527,341,186,2902,1610,1292
C0116,22,000,00000,CHHATTISGARH,014999,14 Others,2,1,1,2,1,1,0,0,0
C0116,22,000,00000,CHHATTISGARH,015000,15 ODIA ,913581,452875,460706,730811,360444,370367,182770,92431,90339
C0116,22,000,00000,CHHATTISGARH,015006, Bhatri,226194,111787,114407,214592,106095,108497,11602,5692,5910
C0116,22,000,00000,CHHATTISGARH,015007, Bhuiya/Bhuyan[Ori],2,1,1,2,1,1,0,0,0
C0116,22,000,00000,CHHATTISGARH,015014, Desia,82,39,43,1,0,1,81,39,42
C0116,22,000,00000,CHHATTISGARH,015043, Odia,684658,339727,344931,513997,253244,260753,170661,86483,84178
C0116,22,000,00000,CHHATTISGARH,015055, Relli,9,3,6,0,0,0,9,3,6
C0116,22,000,00000,CHHATTISGARH,015058, Sambalpuri,31,18,13,15,8,7,16,10,6
C0116,22,000,00000,CHHATTISGARH,015999,15 Others,2605,1300,1305,2204,1096,1108,401,204,197
C0116,22,000,00000,CHHATTISGARH,016000,16 PUNJABI ,65425,34282,31143,3310,2000,1310,62115,32282,29833
C0116,22,000,00000,CHHATTISGARH,016002, Bagri,23,12,11,19,8,11,4,4,0
C0116,22,000,00000,CHHATTISGARH,016038, Punjabi,65230,34190,31040,3152,1930,1222,62078,32260,29818
C0116,22,000,00000,CHHATTISGARH,016999,16 Others,172,80,92,139,62,77,33,18,15
C0116,22,000,00000,CHHATTISGARH,017000,17 SANSKRIT ,290,156,134,92,46,46,198,110,88
C0116,22,000,00000,CHHATTISGARH,017002, Sanskrit,290,156,134,92,46,46,198,110,88
C0116,22,000,00000,CHHATTISGARH,018000,18 SANTALI ,17862,9041,8821,16226,7974,8252,1636,1067,569
C0116,22,000,00000,CHHATTISGARH,018010, Karmali,17,10,7,0,0,0,17,10,7
C0116,22,000,00000,CHHATTISGARH,018011, Mahili,4,3,1,1,0,1,3,3,0
C0116,22,000,00000,CHHATTISGARH,018040, Santali,17819,9007,8812,16223,7973,8250,1596,1034,562
C0116,22,000,00000,CHHATTISGARH,018999,18 Others,22,21,1,2,1,1,20,20,0
C0116,22,000,00000,CHHATTISGARH,019000,19 SINDHI,93424,47996,45428,1319,690,629,92105,47306,44799
C0116,22,000,00000,CHHATTISGARH,019002, Bhatia,1,1,0,1,1,0,0,0,0
C0116,22,000,00000,CHHATTISGARH,019008, Kachchhi,1421,729,692,203,110,93,1218,619,599
C0116,22,000,00000,CHHATTISGARH,019014, Sindhi,92001,47265,44736,1114,578,536,90887,46687,44200
C0116,22,000,00000,CHHATTISGARH,019999,19 Others,1,1,0,1,1,0,0,0,0
C0116,22,000,00000,CHHATTISGARH,020000,20 TAMIL ,10334,5611,4723,1292,851,441,9042,4760,4282
C0116,22,000,00000,CHHATTISGARH,020009, Kaikadi,22,11,11,10,5,5,12,6,6
C0116,22,000,00000,CHHATTISGARH,020015, Korava,27,15,12,20,11,9,7,4,3
C0116,22,000,00000,CHHATTISGARH,020027, Tamil,10284,5584,4700,1261,834,427,9023,4750,4273
C0116,22,000,00000,CHHATTISGARH,020999,20 Others,1,1,0,1,1,0,0,0,0
C0116,22,000,00000,CHHATTISGARH,021000,21 TELUGU ,152100,76127,75973,50232,24926,25306,101868,51201,50667
C0116,22,000,00000,CHHATTISGARH,021046, Telugu,152044,76095,75949,50223,24921,25302,101821,51174,50647
C0116,22,000,00000,CHHATTISGARH,021999,21 Others,56,32,24,9,5,4,47,27,20
C0116,22,000,00000,CHHATTISGARH,022000,22 URDU,79962,41608,38354,10593,5592,5001,69369,36016,33353
C0116,22,000,00000,CHHATTISGARH,022015, Urdu,79866,41559,38307,10580,5586,4994,69286,35973,33313
C0116,22,000,00000,CHHATTISGARH,022999,22 Others,96,49,47,13,6,7,83,43,40
C0116,22,000,00000,CHHATTISGARH,023000,23 ADI ,9,7,2,8,6,2,1,1,0
C0116,22,000,00000,CHHATTISGARH,023003, Adi,6,4,2,6,4,2,0,0,0
C0116,22,000,00000,CHHATTISGARH,023999,23 Others,3,3,0,2,2,0,1,1,0
C0116,22,000,00000,CHHATTISGARH,024000,24 AFGHANI/KABULI/PASHTO ,103,55,48,0,0,0,103,55,48
C0116,22,000,00000,CHHATTISGARH,024001, Afghani/Kabuli/Pashto,103,55,48,0,0,0,103,55,48
C0116,22,000,00000,CHHATTISGARH,026000,26 ANGAMI ,5,1,4,0,0,0,5,1,4
C0116,22,000,00000,CHHATTISGARH,026002, Angami,2,0,2,0,0,0,2,0,2
C0116,22,000,00000,CHHATTISGARH,026999,26 Others,3,1,2,0,0,0,3,1,2
C0116,22,000,00000,CHHATTISGARH,027000,27 AO ,16,16,0,0,0,0,16,16,0
C0116,22,000,00000,CHHATTISGARH,027001, Ao,16,16,0,0,0,0,16,16,0
C0116,22,000,00000,CHHATTISGARH,028000,28 ARABIC/ARBI ,397,207,190,58,34,24,339,173,166
C0116,22,000,00000,CHHATTISGARH,028001, Arabic/Arbi,397,207,190,58,34,24,339,173,166
C0116,22,000,00000,CHHATTISGARH,030000,30 BHILI/BHILODI ,936,490,446,864,450,414,72,40,32
C0116,22,000,00000,CHHATTISGARH,030002, Baori,43,25,18,42,24,18,1,1,0
C0116,22,000,00000,CHHATTISGARH,030003, Barel,9,6,3,9,6,3,0,0,0
C0116,22,000,00000,CHHATTISGARH,030006, Bhilali,1,1,0,0,0,0,1,1,0
C0116,22,000,00000,CHHATTISGARH,030007, Bhili/Bhilodi,1,1,0,0,0,0,1,1,0
C0116,22,000,00000,CHHATTISGARH,030020, Gamti/Gavit,8,7,1,0,0,0,8,7,1
C0116,22,000,00000,CHHATTISGARH,030035, Kokna/Kokni/Kukna,47,21,26,6,2,4,41,19,22
C0116,22,000,00000,CHHATTISGARH,030066, Paradhi,548,279,269,541,273,268,7,6,1
C0116,22,000,00000,CHHATTISGARH,030068, Pawri,2,1,1,0,0,0,2,1,1
C0116,22,000,00000,CHHATTISGARH,030070, Rathi,1,0,1,1,0,1,0,0,0
C0116,22,000,00000,CHHATTISGARH,030076, Vasava,3,2,1,2,2,0,1,0,1
C0116,22,000,00000,CHHATTISGARH,030999,30 Others,273,147,126,263,143,120,10,4,6
C0116,22,000,00000,CHHATTISGARH,031000,31 BHOTIA ,19,13,6,4,4,0,15,9,6
C0116,22,000,00000,CHHATTISGARH,031001, Bhotia,12,7,5,1,1,0,11,6,5
C0116,22,000,00000,CHHATTISGARH,031999,31 Others,7,6,1,3,3,0,4,3,1
C0116,22,000,00000,CHHATTISGARH,032000,32 BHUMIJ ,10,4,6,0,0,0,10,4,6
C0116,22,000,00000,CHHATTISGARH,032999,32 Others,10,4,6,0,0,0,10,4,6
C0116,22,000,00000,CHHATTISGARH,034000,34 CHAKHESANG ,1,1,0,1,1,0,0,0,0
C0116,22,000,00000,CHHATTISGARH,034001, Chakhesang,1,1,0,1,1,0,0,0,0
C0116,22,000,00000,CHHATTISGARH,036000,36 CHANG ,49,22,27,49,22,27,0,0,0
C0116,22,000,00000,CHHATTISGARH,036001, Chang,49,22,27,49,22,27,0,0,0
C0116,22,000,00000,CHHATTISGARH,037000,37 COORGI/KODAGU ,198,99,99,198,99,99,0,0,0
C0116,22,000,00000,CHHATTISGARH,037001, Coorgi/Kodagu,198,99,99,198,99,99,0,0,0
C0116,22,000,00000,CHHATTISGARH,039000,39 DIMASA ,11,1,10,1,0,1,10,1,9
C0116,22,000,00000,CHHATTISGARH,039002, Dimasa,9,0,9,0,0,0,9,0,9
C0116,22,000,00000,CHHATTISGARH,039999,39 Others,2,1,1,1,0,1,1,1,0
C0116,22,000,00000,CHHATTISGARH,040000,40 ENGLISH ,1398,723,675,131,85,46,1267,638,629
C0116,22,000,00000,CHHATTISGARH,040001, English,1398,723,675,131,85,46,1267,638,629
C0116,22,000,00000,CHHATTISGARH,043000,43 GARO ,12,8,4,4,3,1,8,5,3
C0116,22,000,00000,CHHATTISGARH,043005, Garo,10,7,3,4,3,1,6,4,2
C0116,22,000,00000,CHHATTISGARH,043999,43 Others,2,1,1,0,0,0,2,1,1
C0116,22,000,00000,CHHATTISGARH,044000,44 GONDI,1071400,525568,545832,1032159,504643,527516,39241,20925,18316
C0116,22,000,00000,CHHATTISGARH,044002, Dorli,47626,23643,23983,44762,22035,22727,2864,1608,1256
C0116,22,000,00000,CHHATTISGARH,044007, Gondi,1009692,495071,514621,973728,475990,497738,35964,19081,16883
C0116,22,000,00000,CHHATTISGARH,044013, Kalari,26,16,10,22,13,9,4,3,1
C0116,22,000,00000,CHHATTISGARH,044017, Maria/ Muria,13390,6489,6901,13020,6279,6741,370,210,160
C0116,22,000,00000,CHHATTISGARH,044999,44 Others,666,349,317,627,326,301,39,23,16
C0116,22,000,00000,CHHATTISGARH,045000,45 HALABI,706304,346806,359498,650080,319533,330547,56224,27273,28951
C0116,22,000,00000,CHHATTISGARH,045001, Halabi,706281,346793,359488,650057,319520,330537,56224,27273,28951
C0116,22,000,00000,CHHATTISGARH,045999,45 Others,23,13,10,23,13,10,0,0,0
C0116,22,000,00000,CHHATTISGARH,046000,46 HALAM ,2,0,2,0,0,0,2,0,2
C0116,22,000,00000,CHHATTISGARH,046003, Halam,2,0,2,0,0,0,2,0,2
C0116,22,000,00000,CHHATTISGARH,047000,47 HMAR,1,1,0,0,0,0,1,1,0
C0116,22,000,00000,CHHATTISGARH,047001, Hmar,1,1,0,0,0,0,1,1,0
C0116,22,000,00000,CHHATTISGARH,048000,48 HO,1408,728,680,164,91,73,1244,637,607
C0116,22,000,00000,CHHATTISGARH,048004, Ho,1381,719,662,138,83,55,1243,636,607
C0116,22,000,00000,CHHATTISGARH,048007, Lohara,27,9,18,26,8,18,1,1,0
C0116,22,000,00000,CHHATTISGARH,051000,51 KABUI ,6,0,6,0,0,0,6,0,6
C0116,22,000,00000,CHHATTISGARH,051005, Rongmei,6,0,6,0,0,0,6,0,6
C0116,22,000,00000,CHHATTISGARH,052000,52 KARBI/MIKIR ,1,1,0,0,0,0,1,1,0
C0116,22,000,00000,CHHATTISGARH,052002, Karbi/Mikir,1,1,0,0,0,0,1,1,0
C0116,22,000,00000,CHHATTISGARH,053000,53 KHANDESHI,1173,649,524,602,338,264,571,311,260
C0116,22,000,00000,CHHATTISGARH,053002, Ahirani,1168,644,524,599,335,264,569,309,260
C0116,22,000,00000,CHHATTISGARH,053005, Gujari,5,5,0,3,3,0,2,2,0
C0116,22,000,00000,CHHATTISGARH,054000,54 KHARIA ,6492,3150,3342,5715,2776,2939,777,374,403
C0116,22,000,00000,CHHATTISGARH,054005, Kharia,6492,3150,3342,5715,2776,2939,777,374,403
C0116,22,000,00000,CHHATTISGARH,055000,55 KHASI ,5,3,2,4,2,2,1,1,0
C0116,22,000,00000,CHHATTISGARH,055007, Khasi,1,1,0,0,0,0,1,1,0
C0116,22,000,00000,CHHATTISGARH,055009, Lyngngam,4,2,2,4,2,2,0,0,0
C0116,22,000,00000,CHHATTISGARH,056000,56 KHEZHA ,4,1,3,0,0,0,4,1,3
C0116,22,000,00000,CHHATTISGARH,056003, Khezha,4,1,3,0,0,0,4,1,3
C0116,22,000,00000,CHHATTISGARH,058000,58 KHOND/KONDH ,1,1,0,1,1,0,0,0,0
C0116,22,000,00000,CHHATTISGARH,058001, Khond/Kondh,1,1,0,1,1,0,0,0,0
C0116,22,000,00000,CHHATTISGARH,059000,59 KINNAURI ,5,5,0,0,0,0,5,5,0
C0116,22,000,00000,CHHATTISGARH,059003, Kinnauri,5,5,0,0,0,0,5,5,0
C0116,22,000,00000,CHHATTISGARH,060000,60 KISAN ,8,4,4,1,1,0,7,3,4
C0116,22,000,00000,CHHATTISGARH,060002, Kisan,8,4,4,1,1,0,7,3,4
C0116,22,000,00000,CHHATTISGARH,061000,61 KOCH ,1,0,1,0,0,0,1,0,1
C0116,22,000,00000,CHHATTISGARH,061002, Koch,1,0,1,0,0,0,1,0,1
C0116,22,000,00000,CHHATTISGARH,062000,62 KODA/KORA ,15,5,10,2,0,2,13,5,8
C0116,22,000,00000,CHHATTISGARH,062003, Koda/Kora,15,5,10,2,0,2,13,5,8
C0116,22,000,00000,CHHATTISGARH,065000,65 KONDA,18,9,9,15,7,8,3,2,1
C0116,22,000,00000,CHHATTISGARH,065002, Kodu,2,1,1,0,0,0,2,1,1
C0116,22,000,00000,CHHATTISGARH,065003, Konda,16,8,8,15,7,8,1,1,0
C0116,22,000,00000,CHHATTISGARH,067000,67 KORKU ,317,148,169,303,142,161,14,6,8
C0116,22,000,00000,CHHATTISGARH,067001, Korku,316,148,168,303,142,161,13,6,7
C0116,22,000,00000,CHHATTISGARH,067999,67 Others ,1,0,1,0,0,0,1,0,1
C0116,22,000,00000,CHHATTISGARH,068000,68 KORWA ,19212,9617,9595,18792,9405,9387,420,212,208
C0116,22,000,00000,CHHATTISGARH,068003, Koraku,14217,7106,7111,13837,6916,6921,380,190,190
C0116,22,000,00000,CHHATTISGARH,068999,68 Others ,4995,2511,2484,4955,2489,2466,40,22,18
C0116,22,000,00000,CHHATTISGARH,069000,69 KOYA ,740,324,416,731,320,411,9,4,5
C0116,22,000,00000,CHHATTISGARH,069002, Koya,740,324,416,731,320,411,9,4,5
C0116,22,000,00000,CHHATTISGARH,071000,71 KUKI,7,7,0,6,6,0,1,1,0
C0116,22,000,00000,CHHATTISGARH,071008, Kuki,6,6,0,5,5,0,1,1,0
C0116,22,000,00000,CHHATTISGARH,071999,71 Others ,1,1,0,1,1,0,0,0,0
C0116,22,000,00000,CHHATTISGARH,072000,72 KURUKH/ORAON ,516778,256692,260086,476631,237331,239300,40147,19361,20786
C0116,22,000,00000,CHHATTISGARH,072024, Kurukh/Oraon,516757,256683,260074,476619,237325,239294,40138,19358,20780
C0116,22,000,00000,CHHATTISGARH,072999,72 Others ,21,9,12,12,6,6,9,3,6
C0116,22,000,00000,CHHATTISGARH,073000,73 LADAKHI ,15,15,0,9,9,0,6,6,0
C0116,22,000,00000,CHHATTISGARH,073003, Ladakhi,15,15,0,9,9,0,6,6,0
C0116,22,000,00000,CHHATTISGARH,075000,75 LAHNDA ,944,491,453,933,481,452,11,10,1
C0116,22,000,00000,CHHATTISGARH,075006, Hindi Multani,938,485,453,932,480,452,6,5,1
C0116,22,000,00000,CHHATTISGARH,075999,75 Others ,6,6,0,1,1,0,5,5,0
C0116,22,000,00000,CHHATTISGARH,076000,76 LAKHER,7,4,3,7,4,3,0,0,0
C0116,22,000,00000,CHHATTISGARH,076999,76 Others ,7,4,3,7,4,3,0,0,0
C0116,22,000,00000,CHHATTISGARH,080000,80 LIMBU ,2,1,1,2,1,1,0,0,0
C0116,22,000,00000,CHHATTISGARH,080999,80 Others ,2,1,1,2,1,1,0,0,0
C0116,22,000,00000,CHHATTISGARH,082000,82 LUSHAI/MIZO ,24,19,5,8,8,0,16,11,5
C0116,22,000,00000,CHHATTISGARH,082005, Lushai/Mizo,24,19,5,8,8,0,16,11,5
C0116,22,000,00000,CHHATTISGARH,083000,83 MALTO ,198,101,97,198,101,97,0,0,0
C0116,22,000,00000,CHHATTISGARH,083002, Pahariya,198,101,97,198,101,97,0,0,0
C0116,22,000,00000,CHHATTISGARH,084000,84 MAO,2,0,2,2,0,2,0,0,0
C0116,22,000,00000,CHHATTISGARH,084001, Mao,2,0,2,2,0,2,0,0,0
C0116,22,000,00000,CHHATTISGARH,086000,86 MARING ,2,1,1,0,0,0,2,1,1
C0116,22,000,00000,CHHATTISGARH,086001, Maring,2,1,1,0,0,0,2,1,1
C0116,22,000,00000,CHHATTISGARH,087000,87 MIRI/MISHING,1,1,0,0,0,0,1,1,0
C0116,22,000,00000,CHHATTISGARH,087003, Miri/Mishing,1,1,0,0,0,0,1,1,0
C0116,22,000,00000,CHHATTISGARH,089000,89 MOGH ,1,1,0,0,0,0,1,1,0
C0116,22,000,00000,CHHATTISGARH,089004, Mogh,1,1,0,0,0,0,1,1,0
C0116,22,000,00000,CHHATTISGARH,091000,91 MUNDA,3105,1577,1528,1824,913,911,1281,664,617
C0116,22,000,00000,CHHATTISGARH,091006, Kol,63,32,31,0,0,0,63,32,31
C0116,22,000,00000,CHHATTISGARH,091009, Munda,1694,881,813,513,269,244,1181,612,569
C0116,22,000,00000,CHHATTISGARH,091999,91 Others ,1348,664,684,1311,644,667,37,20,17
C0116,22,000,00000,CHHATTISGARH,092000,92 MUNDARI ,537,289,248,285,151,134,252,138,114
C0116,22,000,00000,CHHATTISGARH,092005, Mundari,537,289,248,285,151,134,252,138,114
C0116,22,000,00000,CHHATTISGARH,094000,94 NISSI/DAFLA ,9,2,7,1,1,0,8,1,7
C0116,22,000,00000,CHHATTISGARH,094001, Apatani,2,0,2,0,0,0,2,0,2
C0116,22,000,00000,CHHATTISGARH,094007, Nissi/Dafla,4,1,3,1,1,0,3,0,3
C0116,22,000,00000,CHHATTISGARH,094008, Tagin,3,1,2,0,0,0,3,1,2
C0116,22,000,00000,CHHATTISGARH,095000,95 NOCTE ,1,1,0,1,1,0,0,0,0
C0116,22,000,00000,CHHATTISGARH,095003, Nocte,1,1,0,1,1,0,0,0,0
C0116,22,000,00000,CHHATTISGARH,096000,96 PAITE,5,3,2,2,2,0,3,1,2
C0116,22,000,00000,CHHATTISGARH,096002, Paite,5,3,2,2,2,0,3,1,2
C0116,22,000,00000,CHHATTISGARH,097000,97 PARJI ,45344,22486,22858,44874,22255,22619,470,231,239
C0116,22,000,00000,CHHATTISGARH,097001, Dhurwa,45325,22475,22850,44855,22244,22611,470,231,239
C0116,22,000,00000,CHHATTISGARH,097999,97 Others ,19,11,8,19,11,8,0,0,0
C0116,22,000,00000,CHHATTISGARH,102000,102 RABHA ,1,0,1,1,0,1,0,0,0
C0116,22,000,00000,CHHATTISGARH,102002, Rabha,1,0,1,1,0,1,0,0,0
C0116,22,000,00000,CHHATTISGARH,106000,106 SAVARA,5,4,1,5,4,1,0,0,0
C0116,22,000,00000,CHHATTISGARH,106004, Savara,5,4,1,5,4,1,0,0,0
C0116,22,000,00000,CHHATTISGARH,107000,107 SEMA,1,1,0,0,0,0,1,1,0
C0116,22,000,00000,CHHATTISGARH,107002, Sema,1,1,0,0,0,0,1,1,0
C0116,22,000,00000,CHHATTISGARH,112000,112 TANGKHUL ,3,3,0,3,3,0,0,0,0
C0116,22,000,00000,CHHATTISGARH,112008, Tangkhul,3,3,0,3,3,0,0,0,0
C0116,22,000,00000,CHHATTISGARH,114000,114 THADO ,1,1,0,0,0,0,1,1,0
C0116,22,000,00000,CHHATTISGARH,114015, Thado,1,1,0,0,0,0,1,1,0
C0116,22,000,00000,CHHATTISGARH,115000,115 TIBETAN ,961,511,450,961,511,450,0,0,0
C0116,22,000,00000,CHHATTISGARH,115008, Tibetan,961,511,450,961,511,450,0,0,0
C0116,22,000,00000,CHHATTISGARH,116000,116 TRIPURI ,23,15,8,8,6,2,15,9,6
C0116,22,000,00000,CHHATTISGARH,116007, Kokbarak,11,9,2,5,3,2,6,6,0
C0116,22,000,00000,CHHATTISGARH,116011, Reang,4,0,4,0,0,0,4,0,4
C0116,22,000,00000,CHHATTISGARH,116014, Tripuri,8,6,2,3,3,0,5,3,2
C0116,22,000,00000,CHHATTISGARH,117000,117 TULU ,32,16,16,11,6,5,21,10,11
C0116,22,000,00000,CHHATTISGARH,117009, Tulu,21,10,11,1,0,1,20,10,10
C0116,22,000,00000,CHHATTISGARH,117999,117 Others ,11,6,5,10,6,4,1,0,1
C0116,22,000,00000,CHHATTISGARH,118000,118 VAIPHEI ,1,1,0,0,0,0,1,1,0
C0116,22,000,00000,CHHATTISGARH,118002, Vaiphei,1,1,0,0,0,0,1,1,0
C0116,22,000,00000,CHHATTISGARH,121000,121 ZELIANG ,6,2,4,2,2,0,4,0,4
C0116,22,000,00000,CHHATTISGARH,121001, Zeliang,6,2,4,2,2,0,4,0,4
C0116,22,000,00000,CHHATTISGARH,124000,124 OTHERS,4353,2426,1927,2905,1600,1305,1448,826,622
C0116,23,000,00000,MADHYA PRADESH,001000,1 ASSAMESE,1870,1302,568,116,84,32,1754,1218,536
C0116,23,000,00000,MADHYA PRADESH,001002, Assamese,1816,1261,555,115,83,32,1701,1178,523
C0116,23,000,00000,MADHYA PRADESH,001999,1 Others,54,41,13,1,1,0,53,40,13
C0116,23,000,00000,MADHYA PRADESH,002000,2 BENGALI ,109185,58238,50947,44874,23768,21106,64311,34470,29841
C0116,23,000,00000,MADHYA PRADESH,002007, Bengali,108215,57769,50446,43933,23316,20617,64282,34453,29829
C0116,23,000,00000,MADHYA PRADESH,002011, Chakma,6,5,1,1,1,0,5,4,1
C0116,23,000,00000,MADHYA PRADESH,002999,2 Others,964,464,500,940,451,489,24,13,11
C0116,23,000,00000,MADHYA PRADESH,003000,3 BODO ,87,56,31,16,7,9,71,49,22
C0116,23,000,00000,MADHYA PRADESH,003001, Bodo/Boro,70,48,22,1,0,1,69,48,21
C0116,23,000,00000,MADHYA PRADESH,003003, Kachari,2,1,1,0,0,0,2,1,1
C0116,23,000,00000,MADHYA PRADESH,003999,3 Others,15,7,8,15,7,8,0,0,0
C0116,23,000,00000,MADHYA PRADESH,004000,4 DOGRI ,835,637,198,63,57,6,772,580,192
C0116,23,000,00000,MADHYA PRADESH,004001, Dogri,835,637,198,63,57,6,772,580,192
C0116,23,000,00000,MADHYA PRADESH,005000,5 GUJARATI,187211,94152,93059,77751,38952,38799,109460,55200,54260
C0116,23,000,00000,MADHYA PRADESH,005018, Gujarati,163891,82553,81338,57339,28822,28517,106552,53731,52821
C0116,23,000,00000,MADHYA PRADESH,005019, Gujrao/Gujrau,3,1,2,1,1,0,2,0,2
C0116,23,000,00000,MADHYA PRADESH,005052, Pattani,5328,2679,2649,5259,2640,2619,69,39,30
C0116,23,000,00000,MADHYA PRADESH,005057, Saurashtra/Saurashtri,9,5,4,0,0,0,9,5,4
C0116,23,000,00000,MADHYA PRADESH,005999,5 Others,17980,8914,9066,15152,7489,7663,2828,1425,1403
C0116,23,000,00000,MADHYA PRADESH,006000,6 HINDI ,64324963,33425588,30899375,46244040,23986371,22257669,18080923,9439217,8641706
C0116,23,000,00000,MADHYA PRADESH,006030, Awadhi,2259,1094,1165,1034,417,617,1225,677,548
C0116,23,000,00000,MADHYA PRADESH,006040, Baghati/Baghati Pahari,29,15,14,17,10,7,12,5,7
C0116,23,000,00000,MADHYA PRADESH,006042, Bagheli/Baghel Khandi,2634542,1357027,1277515,2318888,1192588,1126300,315654,164439,151215
C0116,23,000,00000,MADHYA PRADESH,006066, Banjari,157570,80626,76944,151648,77611,74037,5922,3015,2907
C0116,23,000,00000,MADHYA PRADESH,006086, Bhadrawahi,39,19,20,24,11,13,15,8,7
C0116,23,000,00000,MADHYA PRADESH,006089, Bhagoria,12,5,7,0,0,0,12,5,7
C0116,23,000,00000,MADHYA PRADESH,006096, Bharmauri/Gaddi,1013,493,520,940,457,483,73,36,37
C0116,23,000,00000,MADHYA PRADESH,006102, Bhojpuri,39188,22825,16363,8182,5441,2741,31006,17384,13622
C0116,23,000,00000,MADHYA PRADESH,006123, Brajbhasha,9750,5122,4628,4180,2205,1975,5570,2917,2653
C0116,23,000,00000,MADHYA PRADESH,006125, Bundeli/Bundel khandi,4300436,2267449,2032987,3503519,1848668,1654851,796917,418781,378136
C0116,23,000,00000,MADHYA PRADESH,006133, Chambeali/Chamrali,35,19,16,23,8,15,12,11,1
C0116,23,000,00000,MADHYA PRADESH,006142, Chhattisgarhi,107108,52995,54113,93374,46050,47324,13734,6945,6789
C0116,23,000,00000,MADHYA PRADESH,006173, Dhundhari,136,74,62,36,21,15,100,53,47
C0116,23,000,00000,MADHYA PRADESH,006195, Garhwali,4859,2557,2302,2846,1399,1447,2013,1158,855
C0116,23,000,00000,MADHYA PRADESH,006198, Gawari,657,326,331,627,310,317,30,16,14
C0116,23,000,00000,MADHYA PRADESH,006207, Gojri/Gujjari/Gujar,5977,3110,2867,5610,2911,2699,367,199,168
C0116,23,000,00000,MADHYA PRADESH,006231, Handuri,12746,6425,6321,9079,4558,4521,3667,1867,1800
C0116,23,000,00000,MADHYA PRADESH,006232, Hara/Harauti,42,22,20,39,20,19,3,2,1
C0116,23,000,00000,MADHYA PRADESH,006235, Haryanvi,3251,2002,1249,1331,741,590,1920,1261,659
C0116,23,000,00000,MADHYA PRADESH,006240, Hindi,49353587,25710651,23642936,33235355,17292869,15942486,16118232,8417782,7700450
C0116,23,000,00000,MADHYA PRADESH,006265, Jaunpuri/Jaunsari,8,4,4,2,0,2,6,4,2
C0116,23,000,00000,MADHYA PRADESH,006291, Kangri,46,34,12,0,0,0,46,34,12
C0116,23,000,00000,MADHYA PRADESH,006311, Khari Boli,15025,7528,7497,14341,7180,7161,684,348,336
C0116,23,000,00000,MADHYA PRADESH,006320, Khortha/Khotta,144,106,38,105,84,21,39,22,17
C0116,23,000,00000,MADHYA PRADESH,006336, Kulvi,1,1,0,0,0,0,1,1,0
C0116,23,000,00000,MADHYA PRADESH,006340, Kumauni,1133,719,414,67,40,27,1066,679,387
C0116,23,000,00000,MADHYA PRADESH,006353, Lamani/Lambadi,7078,3638,3440,6913,3550,3363,165,88,77
C0116,23,000,00000,MADHYA PRADESH,006358, Lodhi,88962,43812,45150,86539,42632,43907,2423,1180,1243
C0116,23,000,00000,MADHYA PRADESH,006376, Magadhi/Magahi,724,397,327,37,23,14,687,374,313
C0116,23,000,00000,MADHYA PRADESH,006391, Malvi,4680239,2383862,2296377,4187395,2131503,2055892,492844,252359,240485
C0116,23,000,00000,MADHYA PRADESH,006394, Mandeali,43,24,19,30,15,15,13,9,4
C0116,23,000,00000,MADHYA PRADESH,006400, Marwari,38617,20180,18437,22961,11879,11082,15656,8301,7355
C0116,23,000,00000,MADHYA PRADESH,006408, Mewari,30630,15365,15265,29395,14769,14626,1235,596,639
C0116,23,000,00000,MADHYA PRADESH,006409, Mewati,806,417,389,568,292,276,238,125,113
C0116,23,000,00000,MADHYA PRADESH,006420, Nagpuria,51,28,23,13,6,7,38,22,16
C0116,23,000,00000,MADHYA PRADESH,006432, Nimadi,2293841,1170085,1123756,2061725,1051001,1010724,232116,119084,113032
C0116,23,000,00000,MADHYA PRADESH,006439, Pahari,1091,617,474,693,361,332,398,256,142
C0116,23,000,00000,MADHYA PRADESH,006451, Panch Pargania,2,1,1,0,0,0,2,1,1
C0116,23,000,00000,MADHYA PRADESH,006452, Pando/Pandwani,473,236,237,464,231,233,9,5,4
C0116,23,000,00000,MADHYA PRADESH,006466, Pawari/Powari,225840,112321,113519,220489,109628,110861,5351,2693,2658
C0116,23,000,00000,MADHYA PRADESH,006476, Puran/Puran Bhasha,3,0,3,3,0,3,0,0,0
C0116,23,000,00000,MADHYA PRADESH,006489, Rajasthani,50645,24873,25772,32786,15425,17361,17859,9448,8411
C0116,23,000,00000,MADHYA PRADESH,006503, Sadan/Sadri,756,370,386,455,224,231,301,146,155
C0116,23,000,00000,MADHYA PRADESH,006530, Sirmauri,1,1,0,0,0,0,1,1,0
C0116,23,000,00000,MADHYA PRADESH,006535, Sondwari,27480,14069,13411,27479,14069,13410,1,0,1
C0116,23,000,00000,MADHYA PRADESH,006547, Surgujia,180,99,81,48,25,23,132,74,58
C0116,23,000,00000,MADHYA PRADESH,006999,6 Others,227908,113945,113963,214780,107139,107641,13128,6806,6322
C0116,23,000,00000,MADHYA PRADESH,007000,7 KANNADA,4175,2244,1931,1762,863,899,2413,1381,1032
C0116,23,000,00000,MADHYA PRADESH,007002, Badaga,4,2,2,0,0,0,4,2,2
C0116,23,000,00000,MADHYA PRADESH,007016, Kannada,1977,1126,851,1279,618,661,698,508,190
C0116,23,000,00000,MADHYA PRADESH,007041, Prakritha/Prakritha Bhasha,2023,1038,985,348,187,161,1675,851,824
C0116,23,000,00000,MADHYA PRADESH,007999,7 Others,171,78,93,135,58,77,36,20,16
C0116,23,000,00000,MADHYA PRADESH,008000,8 KASHMIRI ,1050,612,438,379,195,184,671,417,254
C0116,23,000,00000,MADHYA PRADESH,008005, Kashmiri,711,440,271,42,24,18,669,416,253
C0116,23,000,00000,MADHYA PRADESH,008018, Siraji,333,169,164,333,169,164,0,0,0
C0116,23,000,00000,MADHYA PRADESH,008999,8 Others,6,3,3,4,2,2,2,1,1
C0116,23,000,00000,MADHYA PRADESH,009000,9 KONKANI,814,438,376,182,90,92,632,348,284
C0116,23,000,00000,MADHYA PRADESH,009011, Konkani,720,389,331,138,66,72,582,323,259
C0116,23,000,00000,MADHYA PRADESH,009013, Kudubi/Kudumbi,1,0,1,1,0,1,0,0,0
C0116,23,000,00000,MADHYA PRADESH,009016, Malwani,45,20,25,28,12,16,17,8,9
C0116,23,000,00000,MADHYA PRADESH,009028, Gorboli/Goru/Gorwani,3,2,1,0,0,0,3,2,1
C0116,23,000,00000,MADHYA PRADESH,009999,9 Others,45,27,18,15,12,3,30,15,15
C0116,23,000,00000,MADHYA PRADESH,010000,10 MAITHILI ,4129,2243,1886,953,538,415,3176,1705,1471
C0116,23,000,00000,MADHYA PRADESH,010008, Maithili,3198,1772,1426,361,235,126,2837,1537,1300
C0116,23,000,00000,MADHYA PRADESH,010011, Purbi Maithili,862,432,430,570,283,287,292,149,143
C0116,23,000,00000,MADHYA PRADESH,010013, Thati,57,32,25,22,20,2,35,12,23
C0116,23,000,00000,MADHYA PRADESH,010014, Tharu,12,7,5,0,0,0,12,7,5
C0116,23,000,00000,MADHYA PRADESH,011000,11 MALAYALAM,37761,18897,18864,3162,1480,1682,34599,17417,17182
C0116,23,000,00000,MADHYA PRADESH,011016, Malayalam,37481,18755,18726,3041,1422,1619,34440,17333,17107
C0116,23,000,00000,MADHYA PRADESH,011999,11 Others,280,142,138,121,58,63,159,84,75
C0116,23,000,00000,MADHYA PRADESH,012000,12 MANIPURI ,1009,646,363,75,47,28,934,599,335
C0116,23,000,00000,MADHYA PRADESH,012003, Manipuri,996,640,356,63,42,21,933,598,335
C0116,23,000,00000,MADHYA PRADESH,012999,12 Others,13,6,7,12,5,7,1,1,0
C0116,23,000,00000,MADHYA PRADESH,013000,13 MARATHI ,1231285,621953,609332,755463,379619,375844,475822,242334,233488
C0116,23,000,00000,MADHYA PRADESH,013060, Koli,2662,1320,1342,2528,1248,1280,134,72,62
C0116,23,000,00000,MADHYA PRADESH,013071, Marathi,1210493,611650,598843,735370,369664,365706,475123,241986,233137
C0116,23,000,00000,MADHYA PRADESH,013999,13 Others,18130,8983,9147,17565,8707,8858,565,276,289
C0116,23,000,00000,MADHYA PRADESH,014000,14 NEPALI ,8724,5184,3540,752,474,278,7972,4710,3262
C0116,23,000,00000,MADHYA PRADESH,014011, Nepali,8684,5165,3519,722,463,259,7962,4702,3260
C0116,23,000,00000,MADHYA PRADESH,014999,14 Others,40,19,21,30,11,19,10,8,2
C0116,23,000,00000,MADHYA PRADESH,015000,15 ODIA ,18765,9836,8929,5734,2450,3284,13031,7386,5645
C0116,23,000,00000,MADHYA PRADESH,015006, Bhatri,8,4,4,7,4,3,1,0,1
C0116,23,000,00000,MADHYA PRADESH,015007, Bhuiya/Bhuyan[Ori],28,13,15,24,10,14,4,3,1
C0116,23,000,00000,MADHYA PRADESH,015043, Odia,18073,9475,8598,5084,2121,2963,12989,7354,5635
C0116,23,000,00000,MADHYA PRADESH,015058, Sambalpuri,5,3,2,1,0,1,4,3,1
C0116,23,000,00000,MADHYA PRADESH,015999,15 Others,651,341,310,618,315,303,33,26,7
C0116,23,000,00000,MADHYA PRADESH,016000,16 PUNJABI ,139658,73993,65665,42067,22508,19559,97591,51485,46106
C0116,23,000,00000,MADHYA PRADESH,016002, Bagri,1161,628,533,837,444,393,324,184,140
C0116,23,000,00000,MADHYA PRADESH,016038, Punjabi,137960,73092,64868,40701,21796,18905,97259,51296,45963
C0116,23,000,00000,MADHYA PRADESH,016999,16 Others,537,273,264,529,268,261,8,5,3
C0116,23,000,00000,MADHYA PRADESH,017000,17 SANSKRIT ,1871,988,883,851,451,400,1020,537,483
C0116,23,000,00000,MADHYA PRADESH,017002, Sanskrit,1871,988,883,851,451,400,1020,537,483
C0116,23,000,00000,MADHYA PRADESH,018000,18 SANTALI ,404,218,186,224,122,102,180,96,84
C0116,23,000,00000,MADHYA PRADESH,018011, Mahili,12,7,5,0,0,0,12,7,5
C0116,23,000,00000,MADHYA PRADESH,018040, Santali,306,167,139,147,82,65,159,85,74
C0116,23,000,00000,MADHYA PRADESH,018999,18 Others,86,44,42,77,40,37,9,4,5
C0116,23,000,00000,MADHYA PRADESH,019000,19 SINDHI,245161,125936,119225,3330,1719,1611,241831,124217,117614
C0116,23,000,00000,MADHYA PRADESH,019002, Bhatia,22,10,12,15,6,9,7,4,3
C0116,23,000,00000,MADHYA PRADESH,019008, Kachchhi,895,447,448,68,36,32,827,411,416
C0116,23,000,00000,MADHYA PRADESH,019014, Sindhi,243783,125251,118532,2824,1470,1354,240959,123781,117178
C0116,23,000,00000,MADHYA PRADESH,019999,19 Others,461,228,233,423,207,216,38,21,17
C0116,23,000,00000,MADHYA PRADESH,020000,20 TAMIL ,20544,11491,9053,2026,1074,952,18518,10417,8101
C0116,23,000,00000,MADHYA PRADESH,020009, Kaikadi,517,239,278,455,207,248,62,32,30
C0116,23,000,00000,MADHYA PRADESH,020027, Tamil,19628,11050,8578,1313,736,577,18315,10314,8001
C0116,23,000,00000,MADHYA PRADESH,020999,20 Others,399,202,197,258,131,127,141,71,70
C0116,23,000,00000,MADHYA PRADESH,021000,21 TELUGU ,24411,13575,10836,3927,2310,1617,20484,11265,9219
C0116,23,000,00000,MADHYA PRADESH,021046, Telugu,24165,13438,10727,3735,2204,1531,20430,11234,9196
C0116,23,000,00000,MADHYA PRADESH,021048, Vadari,29,13,16,13,5,8,16,8,8
C0116,23,000,00000,MADHYA PRADESH,021999,21 Others,217,124,93,179,101,78,38,23,15
C0116,23,000,00000,MADHYA PRADESH,022000,22 URDU,916608,471380,445228,153735,80009,73726,762873,391371,371502
C0116,23,000,00000,MADHYA PRADESH,022015, Urdu,915292,470684,444608,153043,79671,73372,762249,391013,371236
C0116,23,000,00000,MADHYA PRADESH,022016, Bhansari,5,3,2,0,0,0,5,3,2
C0116,23,000,00000,MADHYA PRADESH,022999,22 Others,1311,693,618,692,338,354,619,355,264
C0116,23,000,00000,MADHYA PRADESH,023000,23 ADI ,426,243,183,355,201,154,71,42,29
C0116,23,000,00000,MADHYA PRADESH,023003, Adi,283,171,112,239,147,92,44,24,20
C0116,23,000,00000,MADHYA PRADESH,023040, Talgalo,19,15,4,5,4,1,14,11,3
C0116,23,000,00000,MADHYA PRADESH,023999,23 Others,124,57,67,111,50,61,13,7,6
C0116,23,000,00000,MADHYA PRADESH,024000,24 AFGHANI/KABULI/PASHTO ,12,7,5,0,0,0,12,7,5
C0116,23,000,00000,MADHYA PRADESH,024001, Afghani/Kabuli/Pashto,12,7,5,0,0,0,12,7,5
C0116,23,000,00000,MADHYA PRADESH,025000,25 ANAL ,13,9,4,0,0,0,13,9,4
C0116,23,000,00000,MADHYA PRADESH,025001, Anal,12,8,4,0,0,0,12,8,4
C0116,23,000,00000,MADHYA PRADESH,025999,25 Others,1,1,0,0,0,0,1,1,0
C0116,23,000,00000,MADHYA PRADESH,026000,26 ANGAMI ,27,16,11,4,2,2,23,14,9
C0116,23,000,00000,MADHYA PRADESH,026002, Angami,23,13,10,4,2,2,19,11,8
C0116,23,000,00000,MADHYA PRADESH,026999,26 Others,4,3,1,0,0,0,4,3,1
C0116,23,000,00000,MADHYA PRADESH,027000,27 AO ,16,11,5,0,0,0,16,11,5
C0116,23,000,00000,MADHYA PRADESH,027001, Ao,16,11,5,0,0,0,16,11,5
C0116,23,000,00000,MADHYA PRADESH,028000,28 ARABIC/ARBI ,1188,595,593,290,148,142,898,447,451
C0116,23,000,00000,MADHYA PRADESH,028001, Arabic/Arbi,1117,558,559,219,111,108,898,447,451
C0116,23,000,00000,MADHYA PRADESH,028999,28 Others,71,37,34,71,37,34,0,0,0
C0116,23,000,00000,MADHYA PRADESH,029000,29 BALTI ,2,2,0,0,0,0,2,2,0
C0116,23,000,00000,MADHYA PRADESH,029002, Balti,2,2,0,0,0,0,2,2,0
C0116,23,000,00000,MADHYA PRADESH,030000,30 BHILI/BHILODI ,3587810,1794814,1792996,3516097,1758229,1757868,71713,36585,35128
C0116,23,000,00000,MADHYA PRADESH,030002, Baori,3,2,1,3,2,1,0,0,0
C0116,23,000,00000,MADHYA PRADESH,030003, Barel,990249,496544,493705,975566,488973,486593,14683,7571,7112
C0116,23,000,00000,MADHYA PRADESH,030006, Bhilali,751598,374325,377273,740973,368949,372024,10625,5376,5249
C0116,23,000,00000,MADHYA PRADESH,030007, Bhili/Bhilodi,1815889,908771,907118,1770602,885684,884918,45287,23087,22200
C0116,23,000,00000,MADHYA PRADESH,030015, Dhodia,1,1,0,0,0,0,1,1,0
C0116,23,000,00000,MADHYA PRADESH,030035, Kokna/Kokni/Kukna,188,89,99,47,26,21,141,63,78
C0116,23,000,00000,MADHYA PRADESH,030049, Mawchi,3,1,2,3,1,2,0,0,0
C0116,23,000,00000,MADHYA PRADESH,030066, Paradhi,1271,659,612,1159,602,557,112,57,55
C0116,23,000,00000,MADHYA PRADESH,030068, Pawri,429,209,220,411,198,213,18,11,7
C0116,23,000,00000,MADHYA PRADESH,030070, Rathi,7324,3614,3710,7220,3565,3655,104,49,55
C0116,23,000,00000,MADHYA PRADESH,030073, Tadavi,2066,1016,1050,2030,998,1032,36,18,18
C0116,23,000,00000,MADHYA PRADESH,030075, Varli,6,1,5,3,1,2,3,0,3
C0116,23,000,00000,MADHYA PRADESH,030076, Vasava,2,2,0,2,2,0,0,0,0
C0116,23,000,00000,MADHYA PRADESH,030078, Wagdi,87,42,45,28,14,14,59,28,31
C0116,23,000,00000,MADHYA PRADESH,030999,30 Others,18694,9538,9156,18050,9214,8836,644,324,320
C0116,23,000,00000,MADHYA PRADESH,031000,31 BHOTIA ,57,37,20,32,21,11,25,16,9
C0116,23,000,00000,MADHYA PRADESH,031001, Bhotia,13,7,6,0,0,0,13,7,6
C0116,23,000,00000,MADHYA PRADESH,031999,31 Others,44,30,14,32,21,11,12,9,3
C0116,23,000,00000,MADHYA PRADESH,032000,32 BHUMIJ ,1,1,0,0,0,0,1,1,0
C0116,23,000,00000,MADHYA PRADESH,032999,32 Others,1,1,0,0,0,0,1,1,0
C0116,23,000,00000,MADHYA PRADESH,033000,33 BISHNUPURIYA,13,5,8,0,0,0,13,5,8
C0116,23,000,00000,MADHYA PRADESH,033999,33 Others,13,5,8,0,0,0,13,5,8
C0116,23,000,00000,MADHYA PRADESH,034000,34 CHAKHESANG ,5,2,3,0,0,0,5,2,3
C0116,23,000,00000,MADHYA PRADESH,034001, Chakhesang,5,2,3,0,0,0,5,2,3
C0116,23,000,00000,MADHYA PRADESH,035000,35 CHAKRU/CHOKRI ,5,2,3,5,2,3,0,0,0
C0116,23,000,00000,MADHYA PRADESH,035001, Chakru/Chokri,5,2,3,5,2,3,0,0,0
C0116,23,000,00000,MADHYA PRADESH,037000,37 COORGI/KODAGU ,19,13,6,4,2,2,15,11,4
C0116,23,000,00000,MADHYA PRADESH,037001, Coorgi/Kodagu,18,12,6,4,2,2,14,10,4
C0116,23,000,00000,MADHYA PRADESH,037003, Kodava,1,1,0,0,0,0,1,1,0
C0116,23,000,00000,MADHYA PRADESH,038000,38 DEORI ,7,4,3,1,1,0,6,3,3
C0116,23,000,00000,MADHYA PRADESH,038001, Deori,7,4,3,1,1,0,6,3,3
C0116,23,000,00000,MADHYA PRADESH,039000,39 DIMASA ,11,9,2,0,0,0,11,9,2
C0116,23,000,00000,MADHYA PRADESH,039002, Dimasa,7,6,1,0,0,0,7,6,1
C0116,23,000,00000,MADHYA PRADESH,039999,39 Others,4,3,1,0,0,0,4,3,1
C0116,23,000,00000,MADHYA PRADESH,040000,40 ENGLISH ,2381,1236,1145,463,281,182,1918,955,963
C0116,23,000,00000,MADHYA PRADESH,040001, English,2381,1236,1145,463,281,182,1918,955,963
C0116,23,000,00000,MADHYA PRADESH,041000,41 GADABA ,1,1,0,1,1,0,0,0,0
C0116,23,000,00000,MADHYA PRADESH,041001, Gadaba,1,1,0,1,1,0,0,0,0
C0116,23,000,00000,MADHYA PRADESH,042000,42 GANGTE ,8,5,3,0,0,0,8,5,3
C0116,23,000,00000,MADHYA PRADESH,042001, Gangte,8,5,3,0,0,0,8,5,3
C0116,23,000,00000,MADHYA PRADESH,043000,43 GARO ,19,11,8,2,1,1,17,10,7
C0116,23,000,00000,MADHYA PRADESH,043005, Garo,18,10,8,2,1,1,16,9,7
C0116,23,000,00000,MADHYA PRADESH,043999,43 Others,1,1,0,0,0,0,1,1,0
C0116,23,000,00000,MADHYA PRADESH,044000,44 GONDI,1164290,576549,587741,1136976,563050,573926,27314,13499,13815
C0116,23,000,00000,MADHYA PRADESH,044007, Gondi,1139697,564315,575382,1113160,551194,561966,26537,13121,13416
C0116,23,000,00000,MADHYA PRADESH,044013, Kalari,21856,10889,10967,21331,10626,10705,525,263,262
C0116,23,000,00000,MADHYA PRADESH,044017, Maria/ Muria,24,14,10,14,8,6,10,6,4
C0116,23,000,00000,MADHYA PRADESH,044999,44 Others,2713,1331,1382,2471,1222,1249,242,109,133
C0116,23,000,00000,MADHYA PRADESH,045000,45 HALABI,1985,983,1002,1848,919,929,137,64,73
C0116,23,000,00000,MADHYA PRADESH,045001, Halabi,1262,597,665,1125,533,592,137,64,73
C0116,23,000,00000,MADHYA PRADESH,045999,45 Others,723,386,337,723,386,337,0,0,0
C0116,23,000,00000,MADHYA PRADESH,046000,46 HALAM ,6,4,2,5,3,2,1,1,0
C0116,23,000,00000,MADHYA PRADESH,046999,46 Others,6,4,2,5,3,2,1,1,0
C0116,23,000,00000,MADHYA PRADESH,047000,47 HMAR,1,0,1,0,0,0,1,0,1
C0116,23,000,00000,MADHYA PRADESH,047001, Hmar,1,0,1,0,0,0,1,0,1
C0116,23,000,00000,MADHYA PRADESH,048000,48 HO,2579,1274,1305,2528,1251,1277,51,23,28
C0116,23,000,00000,MADHYA PRADESH,048004, Ho,41,27,14,23,19,4,18,8,10
C0116,23,000,00000,MADHYA PRADESH,048007, Lohara,2538,1247,1291,2505,1232,1273,33,15,18
C0116,23,000,00000,MADHYA PRADESH,051000,51 KABUI ,3,1,2,0,0,0,3,1,2
C0116,23,000,00000,MADHYA PRADESH,051005, Rongmei,3,1,2,0,0,0,3,1,2
C0116,23,000,00000,MADHYA PRADESH,052000,52 KARBI/MIKIR ,4,3,1,0,0,0,4,3,1
C0116,23,000,00000,MADHYA PRADESH,052002, Karbi/Mikir,4,3,1,0,0,0,4,3,1
C0116,23,000,00000,MADHYA PRADESH,053000,53 KHANDESHI,37882,19349,18533,24807,12646,12161,13075,6703,6372
C0116,23,000,00000,MADHYA PRADESH,053002, Ahirani,23807,12182,11625,13297,6804,6493,10510,5378,5132
C0116,23,000,00000,MADHYA PRADESH,053005, Gujari,4532,2305,2227,4472,2271,2201,60,34,26
C0116,23,000,00000,MADHYA PRADESH,053006, Khandeshi,5637,2920,2717,3225,1671,1554,2412,1249,1163
C0116,23,000,00000,MADHYA PRADESH,053999,53 Others,3906,1942,1964,3813,1900,1913,93,42,51
C0116,23,000,00000,MADHYA PRADESH,054000,54 KHARIA ,142,59,83,86,42,44,56,17,39
C0116,23,000,00000,MADHYA PRADESH,054005, Kharia,90,37,53,41,22,19,49,15,34
C0116,23,000,00000,MADHYA PRADESH,054999,54 Others,52,22,30,45,20,25,7,2,5
C0116,23,000,00000,MADHYA PRADESH,055000,55 KHASI ,13,10,3,2,1,1,11,9,2
C0116,23,000,00000,MADHYA PRADESH,055007, Khasi,13,10,3,2,1,1,11,9,2
C0116,23,000,00000,MADHYA PRADESH,056000,56 KHEZHA ,4,2,2,3,1,2,1,1,0
C0116,23,000,00000,MADHYA PRADESH,056999,56 Others ,4,2,2,3,1,2,1,1,0
C0116,23,000,00000,MADHYA PRADESH,058000,58 KHOND/KONDH ,11,6,5,10,5,5,1,1,0
C0116,23,000,00000,MADHYA PRADESH,058001, Khond/Kondh,6,3,3,6,3,3,0,0,0
C0116,23,000,00000,MADHYA PRADESH,058006, Kuvi,5,3,2,4,2,2,1,1,0
C0116,23,000,00000,MADHYA PRADESH,059000,59 KINNAURI ,8,6,2,0,0,0,8,6,2
C0116,23,000,00000,MADHYA PRADESH,059003, Kinnauri,4,3,1,0,0,0,4,3,1
C0116,23,000,00000,MADHYA PRADESH,059999,59 Others,4,3,1,0,0,0,4,3,1
C0116,23,000,00000,MADHYA PRADESH,060000,60 KISAN ,6,3,3,3,2,1,3,1,2
C0116,23,000,00000,MADHYA PRADESH,060002, Kisan,6,3,3,3,2,1,3,1,2
C0116,23,000,00000,MADHYA PRADESH,061000,61 KOCH ,2,1,1,1,1,0,1,0,1
C0116,23,000,00000,MADHYA PRADESH,061999,61 Others,2,1,1,1,1,0,1,0,1
C0116,23,000,00000,MADHYA PRADESH,062000,62 KODA/KORA ,2,1,1,2,1,1,0,0,0
C0116,23,000,00000,MADHYA PRADESH,062003, Koda/Kora,2,1,1,2,1,1,0,0,0
C0116,23,000,00000,MADHYA PRADESH,064000,64 KOM,5,2,3,0,0,0,5,2,3
C0116,23,000,00000,MADHYA PRADESH,064001, Kom,5,2,3,0,0,0,5,2,3
C0116,23,000,00000,MADHYA PRADESH,065000,65 KONDA,4,4,0,1,1,0,3,3,0
C0116,23,000,00000,MADHYA PRADESH,065002, Kodu,1,1,0,0,0,0,1,1,0
C0116,23,000,00000,MADHYA PRADESH,065003, Konda,2,2,0,0,0,0,2,2,0
C0116,23,000,00000,MADHYA PRADESH,065999,65 Others ,1,1,0,1,1,0,0,0,0
C0116,23,000,00000,MADHYA PRADESH,067000,67 KORKU ,470386,237748,232638,466695,235905,230790,3691,1843,1848
C0116,23,000,00000,MADHYA PRADESH,067001, Korku,433018,218993,214025,429438,217209,212229,3580,1784,1796
C0116,23,000,00000,MADHYA PRADESH,067004, Muwasi,35532,17820,17712,35431,17771,17660,101,49,52
C0116,23,000,00000,MADHYA PRADESH,067999,67 Others ,1836,935,901,1826,925,901,10,10,0
C0116,23,000,00000,MADHYA PRADESH,068000,68 KORWA ,2147,1109,1038,2023,1043,980,124,66,58
C0116,23,000,00000,MADHYA PRADESH,068003, Koraku,1321,658,663,1234,624,610,87,34,53
C0116,23,000,00000,MADHYA PRADESH,068999,68 Others ,826,451,375,789,419,370,37,32,5
C0116,23,000,00000,MADHYA PRADESH,070000,70 KUI ,93,59,34,93,59,34,0,0,0
C0116,23,000,00000,MADHYA PRADESH,070001, Kui,93,59,34,93,59,34,0,0,0
C0116,23,000,00000,MADHYA PRADESH,071000,71 KUKI,72,49,23,2,1,1,70,48,22
C0116,23,000,00000,MADHYA PRADESH,071008, Kuki,66,45,21,2,1,1,64,44,20
C0116,23,000,00000,MADHYA PRADESH,071999,71 Others ,6,4,2,0,0,0,6,4,2
C0116,23,000,00000,MADHYA PRADESH,072000,72 KURUKH/ORAON ,4132,2342,1790,1092,545,547,3040,1797,1243
C0116,23,000,00000,MADHYA PRADESH,072024, Kurukh/Oraon,2972,1483,1489,1033,511,522,1939,972,967
C0116,23,000,00000,MADHYA PRADESH,072999,72 Others ,1160,859,301,59,34,25,1101,825,276
C0116,23,000,00000,MADHYA PRADESH,073000,73 LADAKHI ,59,54,5,9,5,4,50,49,1
C0116,23,000,00000,MADHYA PRADESH,073003, Ladakhi,59,54,5,9,5,4,50,49,1
C0116,23,000,00000,MADHYA PRADESH,074000,74 LAHAULI ,319,177,142,319,177,142,0,0,0
C0116,23,000,00000,MADHYA PRADESH,074002, Lahauli,2,2,0,2,2,0,0,0,0
C0116,23,000,00000,MADHYA PRADESH,074999,74 Others ,317,175,142,317,175,142,0,0,0
C0116,23,000,00000,MADHYA PRADESH,075000,75 LAHNDA ,7738,3980,3758,6805,3503,3302,933,477,456
C0116,23,000,00000,MADHYA PRADESH,075001, Bahawal Puri,283,142,141,0,0,0,283,142,141
C0116,23,000,00000,MADHYA PRADESH,075006, Hindi Multani,7339,3770,3569,6728,3457,3271,611,313,298
C0116,23,000,00000,MADHYA PRADESH,075999,75 Others ,116,68,48,77,46,31,39,22,17
C0116,23,000,00000,MADHYA PRADESH,076000,76 LAKHER,21,11,10,12,4,8,9,7,2
C0116,23,000,00000,MADHYA PRADESH,076002, Mara,16,9,7,7,2,5,9,7,2
C0116,23,000,00000,MADHYA PRADESH,076999,76 Others ,5,2,3,5,2,3,0,0,0
C0116,23,000,00000,MADHYA PRADESH,078000,78 LEPCHA ,19,7,12,0,0,0,19,7,12
C0116,23,000,00000,MADHYA PRADESH,078001, Lepcha,19,7,12,0,0,0,19,7,12
C0116,23,000,00000,MADHYA PRADESH,079000,79 LIANGMEI ,2,1,1,0,0,0,2,1,1
C0116,23,000,00000,MADHYA PRADESH,079002, Liangmei,1,1,0,0,0,0,1,1,0
C0116,23,000,00000,MADHYA PRADESH,079999,79 Others ,1,0,1,0,0,0,1,0,1
C0116,23,000,00000,MADHYA PRADESH,081000,81 LOTHA ,14,10,4,1,1,0,13,9,4
C0116,23,000,00000,MADHYA PRADESH,081001, Lotha,14,10,4,1,1,0,13,9,4
C0116,23,000,00000,MADHYA PRADESH,082000,82 LUSHAI/MIZO ,181,114,67,12,3,9,169,111,58
C0116,23,000,00000,MADHYA PRADESH,082005, Lushai/Mizo,181,114,67,12,3,9,169,111,58
C0116,23,000,00000,MADHYA PRADESH,083000,83 MALTO ,196,102,94,196,102,94,0,0,0
C0116,23,000,00000,MADHYA PRADESH,083002, Pahariya,196,102,94,196,102,94,0,0,0
C0116,23,000,00000,MADHYA PRADESH,084000,84 MAO,7,7,0,0,0,0,7,7,0
C0116,23,000,00000,MADHYA PRADESH,084001, Mao,7,7,0,0,0,0,7,7,0
C0116,23,000,00000,MADHYA PRADESH,085000,85 MARAM,4,2,2,0,0,0,4,2,2
C0116,23,000,00000,MADHYA PRADESH,085001, Maram ,4,2,2,0,0,0,4,2,2
C0116,23,000,00000,MADHYA PRADESH,086000,86 MARING ,1,1,0,0,0,0,1,1,0
C0116,23,000,00000,MADHYA PRADESH,086001, Maring,1,1,0,0,0,0,1,1,0
C0116,23,000,00000,MADHYA PRADESH,088000,88 MISHMI ,3,2,1,1,1,0,2,1,1
C0116,23,000,00000,MADHYA PRADESH,088999,88 Others ,3,2,1,1,1,0,2,1,1
C0116,23,000,00000,MADHYA PRADESH,089000,89 MOGH ,2,1,1,0,0,0,2,1,1
C0116,23,000,00000,MADHYA PRADESH,089004, Mogh,2,1,1,0,0,0,2,1,1
C0116,23,000,00000,MADHYA PRADESH,090000,90 MONPA ,7,3,4,1,1,0,6,2,4
C0116,23,000,00000,MADHYA PRADESH,090003, Monpa,7,3,4,1,1,0,6,2,4
C0116,23,000,00000,MADHYA PRADESH,091000,91 MUNDA,258,133,125,113,59,54,145,74,71
C0116,23,000,00000,MADHYA PRADESH,091006, Kol,93,51,42,70,40,30,23,11,12
C0116,23,000,00000,MADHYA PRADESH,091009, Munda,146,73,73,35,15,20,111,58,53
C0116,23,000,00000,MADHYA PRADESH,091999,91 Others ,19,9,10,8,4,4,11,5,6
C0116,23,000,00000,MADHYA PRADESH,092000,92 MUNDARI ,424,230,194,19,14,5,405,216,189
C0116,23,000,00000,MADHYA PRADESH,092005, Mundari,415,227,188,12,11,1,403,216,187
C0116,23,000,00000,MADHYA PRADESH,092999,92 Others,9,3,6,7,3,4,2,0,2
C0116,23,000,00000,MADHYA PRADESH,094000,94 NISSI/DAFLA ,65,36,29,53,29,24,12,7,5
C0116,23,000,00000,MADHYA PRADESH,094001, Apatani,20,12,8,16,10,6,4,2,2
C0116,23,000,00000,MADHYA PRADESH,094007, Nissi/Dafla,15,9,6,11,7,4,4,2,2
C0116,23,000,00000,MADHYA PRADESH,094008, Tagin,1,1,0,0,0,0,1,1,0
C0116,23,000,00000,MADHYA PRADESH,094999,94 Others ,29,14,15,26,12,14,3,2,1
C0116,23,000,00000,MADHYA PRADESH,096000,96 PAITE,11,5,6,0,0,0,11,5,6
C0116,23,000,00000,MADHYA PRADESH,096002, Paite,11,5,6,0,0,0,11,5,6
C0116,23,000,00000,MADHYA PRADESH,101000,101 POCHURY,44,26,18,44,26,18,0,0,0
C0116,23,000,00000,MADHYA PRADESH,101999,101 Others ,44,26,18,44,26,18,0,0,0
C0116,23,000,00000,MADHYA PRADESH,102000,102 RABHA ,27,14,13,18,9,9,9,5,4
C0116,23,000,00000,MADHYA PRADESH,102002, Rabha,27,14,13,18,9,9,9,5,4
C0116,23,000,00000,MADHYA PRADESH,103000,103 RAI ,3,0,3,1,0,1,2,0,2
C0116,23,000,00000,MADHYA PRADESH,103003, Rai,3,0,3,1,0,1,2,0,2
C0116,23,000,00000,MADHYA PRADESH,104000,104 RENGMA ,1,1,0,0,0,0,1,1,0
C0116,23,000,00000,MADHYA PRADESH,104001, Rengma,1,1,0,0,0,0,1,1,0
C0116,23,000,00000,MADHYA PRADESH,105000,105 SANGTAM ,6,4,2,0,0,0,6,4,2
C0116,23,000,00000,MADHYA PRADESH,105004, Sangtam,6,4,2,0,0,0,6,4,2
C0116,23,000,00000,MADHYA PRADESH,106000,106 SAVARA,5,4,1,1,1,0,4,3,1
C0116,23,000,00000,MADHYA PRADESH,106004, Savara,4,3,1,1,1,0,3,2,1
C0116,23,000,00000,MADHYA PRADESH,106999,106 Others ,1,1,0,0,0,0,1,1,0
C0116,23,000,00000,MADHYA PRADESH,107000,107 SEMA,23,14,9,0,0,0,23,14,9
C0116,23,000,00000,MADHYA PRADESH,107002, Sema,23,14,9,0,0,0,23,14,9
C0116,23,000,00000,MADHYA PRADESH,109000,109 SHINA,1,0,1,1,0,1,0,0,0
C0116,23,000,00000,MADHYA PRADESH,109999,109 Others ,1,0,1,1,0,1,0,0,0
C0116,23,000,00000,MADHYA PRADESH,112000,112 TANGKHUL ,7,3,4,2,2,0,5,1,4
C0116,23,000,00000,MADHYA PRADESH,112008, Tangkhul,4,1,3,0,0,0,4,1,3
C0116,23,000,00000,MADHYA PRADESH,112999,112 Others ,3,2,1,2,2,0,1,0,1
C0116,23,000,00000,MADHYA PRADESH,113000,113 TANGSA,5,5,0,2,2,0,3,3,0
C0116,23,000,00000,MADHYA PRADESH,113999,113 Others,5,5,0,2,2,0,3,3,0
C0116,23,000,00000,MADHYA PRADESH,114000,114 THADO ,5,3,2,0,0,0,5,3,2
C0116,23,000,00000,MADHYA PRADESH,114015, Thado,5,3,2,0,0,0,5,3,2
C0116,23,000,00000,MADHYA PRADESH,115000,115 TIBETAN ,71,33,38,65,30,35,6,3,3
C0116,23,000,00000,MADHYA PRADESH,115008, Tibetan,65,30,35,65,30,35,0,0,0
C0116,23,000,00000,MADHYA PRADESH,115999,115 Others,6,3,3,0,0,0,6,3,3
C0116,23,000,00000,MADHYA PRADESH,116000,116 TRIPURI ,26,20,6,3,3,0,23,17,6
C0116,23,000,00000,MADHYA PRADESH,116007, Kokbarak,11,8,3,0,0,0,11,8,3
C0116,23,000,00000,MADHYA PRADESH,116011, Reang,1,0,1,0,0,0,1,0,1
C0116,23,000,00000,MADHYA PRADESH,116014, Tripuri,9,8,1,2,2,0,7,6,1
C0116,23,000,00000,MADHYA PRADESH,116999,116 Others ,5,4,1,1,1,0,4,3,1
C0116,23,000,00000,MADHYA PRADESH,117000,117 TULU ,92,44,48,20,8,12,72,36,36
C0116,23,000,00000,MADHYA PRADESH,117009, Tulu,64,28,36,9,4,5,55,24,31
C0116,23,000,00000,MADHYA PRADESH,117999,117 Others ,28,16,12,11,4,7,17,12,5
C0116,23,000,00000,MADHYA PRADESH,118000,118 VAIPHEI ,8,5,3,0,0,0,8,5,3
C0116,23,000,00000,MADHYA PRADESH,118002, Vaiphei,8,5,3,0,0,0,8,5,3
C0116,23,000,00000,MADHYA PRADESH,119000,119 WANCHO,5,3,2,0,0,0,5,3,2
C0116,23,000,00000,MADHYA PRADESH,119001, Wancho,5,3,2,0,0,0,5,3,2
C0116,23,000,00000,MADHYA PRADESH,121000,121 ZELIANG ,5,1,4,0,0,0,5,1,4
C0116,23,000,00000,MADHYA PRADESH,121001, Zeliang,5,1,4,0,0,0,5,1,4
C0116,23,000,00000,MADHYA PRADESH,122000,122 ZEMI ,5,2,3,0,0,0,5,2,3
C0116,23,000,00000,MADHYA PRADESH,122003, Zemi,5,2,3,0,0,0,5,2,3
C0116,23,000,00000,MADHYA PRADESH,123000,123 ZOU ,7,5,2,0,0,0,7,5,2
C0116,23,000,00000,MADHYA PRADESH,123001, Zou,7,5,2,0,0,0,7,5,2
C0116,23,000,00000,MADHYA PRADESH,124000,124 OTHERS,60814,31049,29765,54793,27855,26938,6021,3194,2827
C0116,24,000,00000,GUJARAT,001000,1 ASSAMESE,3935,2742,1193,1000,805,195,2935,1937,998
C0116,24,000,00000,GUJARAT,001002, Assamese,3924,2736,1188,992,799,193,2932,1937,995
C0116,24,000,00000,GUJARAT,001999,1 Others,11,6,5,8,6,2,3,0,3
C0116,24,000,00000,GUJARAT,002000,2 BENGALI ,79648,49910,29738,9456,6816,2640,70192,43094,27098
C0116,24,000,00000,GUJARAT,002007, Bengali,79626,49893,29733,9441,6804,2637,70185,43089,27096
C0116,24,000,00000,GUJARAT,002015, Haijong/Hajong,3,3,0,1,1,0,2,2,0
C0116,24,000,00000,GUJARAT,002999,2 Others,19,14,5,14,11,3,5,3,2
C0116,24,000,00000,GUJARAT,003000,3 BODO ,138,92,46,57,54,3,81,38,43
C0116,24,000,00000,GUJARAT,003001, Bodo/Boro,126,86,40,57,54,3,69,32,37
C0116,24,000,00000,GUJARAT,003003, Kachari,11,5,6,0,0,0,11,5,6
C0116,24,000,00000,GUJARAT,003004, Mech/Mechhia,1,1,0,0,0,0,1,1,0
C0116,24,000,00000,GUJARAT,004000,4 DOGRI ,2026,1598,428,111,88,23,1915,1510,405
C0116,24,000,00000,GUJARAT,004001, Dogri,2026,1598,428,111,88,23,1915,1510,405
C0116,24,000,00000,GUJARAT,005000,5 GUJARATI,51958730,26774337,25184393,32460163,16624382,15835781,19498567,10149955,9348612
C0116,24,000,00000,GUJARAT,005018, Gujarati,51937867,26763937,25173930,32457726,16623187,15834539,19480141,10140750,9339391
C0116,24,000,00000,GUJARAT,005052, Pattani,91,51,40,1,1,0,90,50,40
C0116,24,000,00000,GUJARAT,005057, Saurashtra/Saurashtri,90,50,40,9,5,4,81,45,36
C0116,24,000,00000,GUJARAT,005999,5 Others,20682,10299,10383,2427,1189,1238,18255,9110,9145
C0116,24,000,00000,GUJARAT,006000,6 HINDI ,4264868,2488970,1775898,509321,297057,212264,3755547,2191913,1563634
C0116,24,000,00000,GUJARAT,006030, Awadhi,1233,813,420,132,97,35,1101,716,385
C0116,24,000,00000,GUJARAT,006040, Baghati/Baghati Pahari,74,45,29,7,2,5,67,43,24
C0116,24,000,00000,GUJARAT,006042, Bagheli/Baghel Khandi,46,36,10,19,14,5,27,22,5
C0116,24,000,00000,GUJARAT,006066, Banjari,4919,2502,2417,4018,2022,1996,901,480,421
C0116,24,000,00000,GUJARAT,006086, Bhadrawahi,20,15,5,0,0,0,20,15,5
C0116,24,000,00000,GUJARAT,006089, Bhagoria,25,25,0,25,25,0,0,0,0
C0116,24,000,00000,GUJARAT,006096, Bharmauri/Gaddi,756,408,348,178,93,85,578,315,263
C0116,24,000,00000,GUJARAT,006102, Bhojpuri,137956,96878,41078,17964,14225,3739,119992,82653,37339
C0116,24,000,00000,GUJARAT,006123, Brajbhasha,163,106,57,7,7,0,156,99,57
C0116,24,000,00000,GUJARAT,006125, Bundeli/Bundel khandi,472,308,164,325,211,114,147,97,50
C0116,24,000,00000,GUJARAT,006142, Chhattisgarhi,1708,939,769,644,383,261,1064,556,508
C0116,24,000,00000,GUJARAT,006149, Churahi,8,5,3,0,0,0,8,5,3
C0116,24,000,00000,GUJARAT,006173, Dhundhari,63,37,26,9,7,2,54,30,24
C0116,24,000,00000,GUJARAT,006195, Garhwali,591,353,238,64,42,22,527,311,216
C0116,24,000,00000,GUJARAT,006198, Gawari,1,0,1,1,0,1,0,0,0
C0116,24,000,00000,GUJARAT,006207, Gojri/Gujjari/Gujar,3496,1853,1643,3152,1638,1514,344,215,129
C0116,24,000,00000,GUJARAT,006231, Handuri,11,4,7,5,2,3,6,2,4
C0116,24,000,00000,GUJARAT,006235, Haryanvi,70150,34640,35510,68095,33565,34530,2055,1075,980
C0116,24,000,00000,GUJARAT,006240, Hindi,3670047,2142119,1527928,365251,217087,148164,3304796,1925032,1379764
C0116,24,000,00000,GUJARAT,006265, Jaunpuri/Jaunsari,33,20,13,5,3,2,28,17,11
C0116,24,000,00000,GUJARAT,006291, Kangri,7,7,0,0,0,0,7,7,0
C0116,24,000,00000,GUJARAT,006311, Khari Boli,100,66,34,3,3,0,97,63,34
C0116,24,000,00000,GUJARAT,006320, Khortha/Khotta,605,521,84,62,53,9,543,468,75
C0116,24,000,00000,GUJARAT,006340, Kumauni,1284,976,308,53,44,9,1231,932,299
C0116,24,000,00000,GUJARAT,006345, Kurmali Thar,11,9,2,3,3,0,8,6,2
C0116,24,000,00000,GUJARAT,006353, Lamani/Lambadi,57,30,27,1,1,0,56,29,27
C0116,24,000,00000,GUJARAT,006376, Magadhi/Magahi,511,321,190,104,67,37,407,254,153
C0116,24,000,00000,GUJARAT,006391, Malvi,633,350,283,264,139,125,369,211,158
C0116,24,000,00000,GUJARAT,006394, Mandeali,1,1,0,0,0,0,1,1,0
C0116,24,000,00000,GUJARAT,006400, Marwari,272882,148895,123987,26286,13883,12403,246596,135012,111584
C0116,24,000,00000,GUJARAT,006408, Mewari,833,470,363,111,66,45,722,404,318
C0116,24,000,00000,GUJARAT,006409, Mewati,129,75,54,76,41,35,53,34,19
C0116,24,000,00000,GUJARAT,006420, Nagpuria,153,106,47,31,27,4,122,79,43
C0116,24,000,00000,GUJARAT,006432, Nimadi,1602,865,737,619,315,304,983,550,433
C0116,24,000,00000,GUJARAT,006438, Padari,1,0,1,1,0,1,0,0,0
C0116,24,000,00000,GUJARAT,006439, Pahari,670,437,233,143,100,43,527,337,190
C0116,24,000,00000,GUJARAT,006451, Panch Pargania,1,1,0,0,0,0,1,1,0
C0116,24,000,00000,GUJARAT,006466, Pawari/Powari,371,183,188,20,12,8,351,171,180
C0116,24,000,00000,GUJARAT,006489, Rajasthani,69475,38873,30602,16028,8790,7238,53447,30083,23364
C0116,24,000,00000,GUJARAT,006503, Sadan/Sadri,339,239,100,206,153,53,133,86,47
C0116,24,000,00000,GUJARAT,006535, Sondwari,33,16,17,33,16,17,0,0,0
C0116,24,000,00000,GUJARAT,006548, Surjapuri,106,82,24,37,27,10,69,55,14
C0116,24,000,00000,GUJARAT,006999,6 Others,23292,15341,7951,5339,3894,1445,17953,11447,6506
C0116,24,000,00000,GUJARAT,007000,7 KANNADA,18033,9609,8424,1931,1066,865,16102,8543,7559
C0116,24,000,00000,GUJARAT,007002, Badaga,1,1,0,1,1,0,0,0,0
C0116,24,000,00000,GUJARAT,007016, Kannada,16713,8918,7795,1333,755,578,15380,8163,7217
C0116,24,000,00000,GUJARAT,007041, Prakritha/Prakritha Bhasha,233,115,118,15,6,9,218,109,109
C0116,24,000,00000,GUJARAT,007999,7 Others,1086,575,511,582,304,278,504,271,233
C0116,24,000,00000,GUJARAT,008000,8 KASHMIRI ,1111,670,441,59,48,11,1052,622,430
C0116,24,000,00000,GUJARAT,008005, Kashmiri,1101,661,440,54,44,10,1047,617,430
C0116,24,000,00000,GUJARAT,008010, Kishtwari,5,5,0,0,0,0,5,5,0
C0116,24,000,00000,GUJARAT,008999,8 Others,5,4,1,5,4,1,0,0,0
C0116,24,000,00000,GUJARAT,009000,9 KONKANI,5092,2505,2587,3408,1681,1727,1684,824,860
C0116,24,000,00000,GUJARAT,009011, Konkani,4848,2378,2470,3389,1670,1719,1459,708,751
C0116,24,000,00000,GUJARAT,009016, Malwani,2,2,0,1,1,0,1,1,0
C0116,24,000,00000,GUJARAT,009999,9 Others,242,125,117,18,10,8,224,115,109
C0116,24,000,00000,GUJARAT,010000,10 MAITHILI ,10864,7065,3799,1359,937,422,9505,6128,3377
C0116,24,000,00000,GUJARAT,010008, Maithili,10552,6814,3738,1221,829,392,9331,5985,3346
C0116,24,000,00000,GUJARAT,010011, Purbi Maithili,5,3,2,0,0,0,5,3,2
C0116,24,000,00000,GUJARAT,010013, Thati,170,141,29,10,10,0,160,131,29
C0116,24,000,00000,GUJARAT,010014, Tharu,137,107,30,128,98,30,9,9,0
C0116,24,000,00000,GUJARAT,011000,11 MALAYALAM,64998,34208,30790,3965,2347,1618,61033,31861,29172
C0116,24,000,00000,GUJARAT,011016, Malayalam,64969,34194,30775,3965,2347,1618,61004,31847,29157
C0116,24,000,00000,GUJARAT,011999,11 Others,29,14,15,0,0,0,29,14,15
C0116,24,000,00000,GUJARAT,012000,12 MANIPURI ,408,268,140,56,43,13,352,225,127
C0116,24,000,00000,GUJARAT,012003, Manipuri,405,268,137,56,43,13,349,225,124
C0116,24,000,00000,GUJARAT,012999,12 Others,3,0,3,0,0,0,3,0,3
C0116,24,000,00000,GUJARAT,013000,13 MARATHI ,920345,487498,432847,62543,32051,30492,857802,455447,402355
C0116,24,000,00000,GUJARAT,013060, Koli,282,138,144,248,122,126,34,16,18
C0116,24,000,00000,GUJARAT,013071, Marathi,915771,485150,430621,59160,30363,28797,856611,454787,401824
C0116,24,000,00000,GUJARAT,013999,13 Others,4292,2210,2082,3135,1566,1569,1157,644,513
C0116,24,000,00000,GUJARAT,014000,14 NEPALI ,25142,15420,9722,3086,2163,923,22056,13257,8799
C0116,24,000,00000,GUJARAT,014011, Nepali,25138,15419,9719,3082,2162,920,22056,13257,8799
C0116,24,000,00000,GUJARAT,014999,14 Others,4,1,3,4,1,3,0,0,0
C0116,24,000,00000,GUJARAT,015000,15 ODIA ,183549,137009,46540,13402,10153,3249,170147,126856,43291
C0116,24,000,00000,GUJARAT,015006, Bhatri,1,0,1,1,0,1,0,0,0
C0116,24,000,00000,GUJARAT,015007, Bhuiya/Bhuyan[Ori],1,0,1,0,0,0,1,0,1
C0116,24,000,00000,GUJARAT,015043, Odia,183299,136877,46422,13181,10031,3150,170118,126846,43272
C0116,24,000,00000,GUJARAT,015058, Sambalpuri,3,2,1,0,0,0,3,2,1
C0116,24,000,00000,GUJARAT,015999,15 Others,245,130,115,220,122,98,25,8,17
C0116,24,000,00000,GUJARAT,016000,16 PUNJABI ,63288,34667,28621,7897,5368,2529,55391,29299,26092
C0116,24,000,00000,GUJARAT,016002, Bagri,6,5,1,5,4,1,1,1,0
C0116,24,000,00000,GUJARAT,016038, Punjabi,63265,34646,28619,7875,5348,2527,55390,29298,26092
C0116,24,000,00000,GUJARAT,016999,16 Others,17,16,1,17,16,1,0,0,0
C0116,24,000,00000,GUJARAT,017000,17 SANSKRIT ,720,468,252,40,27,13,680,441,239
C0116,24,000,00000,GUJARAT,017002, Sanskrit,720,468,252,40,27,13,680,441,239
C0116,24,000,00000,GUJARAT,018000,18 SANTALI ,297,226,71,29,28,1,268,198,70
C0116,24,000,00000,GUJARAT,018011, Mahili,18,11,7,1,1,0,17,10,7
C0116,24,000,00000,GUJARAT,018040, Santali,279,215,64,28,27,1,251,188,63
C0116,24,000,00000,GUJARAT,019000,19 SINDHI,1184024,604976,579048,592230,302803,289427,591794,302173,289621
C0116,24,000,00000,GUJARAT,019008, Kachchhi,861976,439018,422958,576144,294533,281611,285832,144485,141347
C0116,24,000,00000,GUJARAT,019014, Sindhi,321031,165453,155578,16071,8266,7805,304960,157187,147773
C0116,24,000,00000,GUJARAT,019999,19 Others,1017,505,512,15,4,11,1002,501,501
C0116,24,000,00000,GUJARAT,020000,20 TAMIL ,40072,21732,18340,2479,1474,1005,37593,20258,17335
C0116,24,000,00000,GUJARAT,020009, Kaikadi,271,139,132,0,0,0,271,139,132
C0116,24,000,00000,GUJARAT,020015, Korava,3,2,1,1,1,0,2,1,1
C0116,24,000,00000,GUJARAT,020027, Tamil,39763,21576,18187,2449,1460,989,37314,20116,17198
C0116,24,000,00000,GUJARAT,020999,20 Others,35,15,20,29,13,16,6,2,4
C0116,24,000,00000,GUJARAT,021000,21 TELUGU ,73568,39347,34221,3978,2296,1682,69590,37051,32539
C0116,24,000,00000,GUJARAT,021046, Telugu,72305,38686,33619,3869,2237,1632,68436,36449,31987
C0116,24,000,00000,GUJARAT,021048, Vadari,438,224,214,36,19,17,402,205,197
C0116,24,000,00000,GUJARAT,021999,21 Others,825,437,388,73,40,33,752,397,355
C0116,24,000,00000,GUJARAT,022000,22 URDU,479206,250005,229201,18695,10372,8323,460511,239633,220878
C0116,24,000,00000,GUJARAT,022015, Urdu,478952,249871,229081,18609,10325,8284,460343,239546,220797
C0116,24,000,00000,GUJARAT,022016, Bhansari,108,56,52,5,5,0,103,51,52
C0116,24,000,00000,GUJARAT,022999,22 Others,146,78,68,81,42,39,65,36,29
C0116,24,000,00000,GUJARAT,023000,23 ADI ,48,21,27,12,8,4,36,13,23
C0116,24,000,00000,GUJARAT,023003, Adi,3,3,0,3,3,0,0,0,0
C0116,24,000,00000,GUJARAT,023006, Adi Gallong/Gallong,16,7,9,9,5,4,7,2,5
C0116,24,000,00000,GUJARAT,023999,23 Others,29,11,18,0,0,0,29,11,18
C0116,24,000,00000,GUJARAT,024000,24 AFGHANI/KABULI/PASHTO ,78,59,19,0,0,0,78,59,19
C0116,24,000,00000,GUJARAT,024001, Afghani/Kabuli/Pashto,75,56,19,0,0,0,75,56,19
C0116,24,000,00000,GUJARAT,024999,24 Others,3,3,0,0,0,0,3,3,0
C0116,24,000,00000,GUJARAT,025000,25 ANAL ,3,3,0,0,0,0,3,3,0
C0116,24,000,00000,GUJARAT,025001, Anal,3,3,0,0,0,0,3,3,0
C0116,24,000,00000,GUJARAT,026000,26 ANGAMI ,14,8,6,0,0,0,14,8,6
C0116,24,000,00000,GUJARAT,026002, Angami,12,6,6,0,0,0,12,6,6
C0116,24,000,00000,GUJARAT,026999,26 Others,2,2,0,0,0,0,2,2,0
C0116,24,000,00000,GUJARAT,027000,27 AO ,2,1,1,0,0,0,2,1,1
C0116,24,000,00000,GUJARAT,027001, Ao,2,1,1,0,0,0,2,1,1
C0116,24,000,00000,GUJARAT,028000,28 ARABIC/ARBI ,324,154,170,48,21,27,276,133,143
C0116,24,000,00000,GUJARAT,028001, Arabic/Arbi,324,154,170,48,21,27,276,133,143
C0116,24,000,00000,GUJARAT,030000,30 BHILI/BHILODI ,825942,410243,415699,798919,396607,402312,27023,13636,13387
C0116,24,000,00000,GUJARAT,030002, Baori,318,169,149,19,12,7,299,157,142
C0116,24,000,00000,GUJARAT,030006, Bhilali,230,127,103,230,127,103,0,0,0
C0116,24,000,00000,GUJARAT,030007, Bhili/Bhilodi,135060,66930,68130,129237,63965,65272,5823,2965,2858
C0116,24,000,00000,GUJARAT,030011, Chodhari,110324,54395,55929,109648,54090,55558,676,305,371
C0116,24,000,00000,GUJARAT,030015, Dhodia,33346,16445,16901,32602,16061,16541,744,384,360
C0116,24,000,00000,GUJARAT,030020, Gamti/Gavit,137246,67887,69359,132340,65549,66791,4906,2338,2568
C0116,24,000,00000,GUJARAT,030021, Garasia,9408,4872,4536,6731,3481,3250,2677,1391,1286
C0116,24,000,00000,GUJARAT,030035, Kokna/Kokni/Kukna,97752,48732,49020,92747,46323,46424,5005,2409,2596
C0116,24,000,00000,GUJARAT,030049, Mawchi,1498,757,741,1457,737,720,41,20,21
C0116,24,000,00000,GUJARAT,030066, Paradhi,68,37,31,0,0,0,68,37,31
C0116,24,000,00000,GUJARAT,030068, Pawri,190,105,85,161,90,71,29,15,14
C0116,24,000,00000,GUJARAT,030070, Rathi,739,370,369,698,351,347,41,19,22
C0116,24,000,00000,GUJARAT,030073, Tadavi,3121,1589,1532,2905,1482,1423,216,107,109
C0116,24,000,00000,GUJARAT,030075, Varli,101908,50956,50952,100801,50359,50442,1107,597,510
C0116,24,000,00000,GUJARAT,030076, Vasava,177439,88119,89320,175124,86937,88187,2315,1182,1133
C0116,24,000,00000,GUJARAT,030078, Wagdi,2943,1553,1390,1750,813,937,1193,740,453
C0116,24,000,00000,GUJARAT,030999,30 Others,14352,7200,7152,12469,6230,6239,1883,970,913
C0116,24,000,00000,GUJARAT,031000,31 BHOTIA ,6,5,1,5,5,0,1,0,1
C0116,24,000,00000,GUJARAT,031001, Bhotia,5,4,1,4,4,0,1,0,1
C0116,24,000,00000,GUJARAT,031999,31 Others,1,1,0,1,1,0,0,0,0
C0116,24,000,00000,GUJARAT,032000,32 BHUMIJ ,9,8,1,6,6,0,3,2,1
C0116,24,000,00000,GUJARAT,032002, Bhumij,6,6,0,6,6,0,0,0,0
C0116,24,000,00000,GUJARAT,032999,32 Others,3,2,1,0,0,0,3,2,1
C0116,24,000,00000,GUJARAT,033000,33 BISHNUPURIYA,14,7,7,0,0,0,14,7,7
C0116,24,000,00000,GUJARAT,033999,33 Others,14,7,7,0,0,0,14,7,7
C0116,24,000,00000,GUJARAT,037000,37 COORGI/KODAGU ,33,17,16,19,11,8,14,6,8
C0116,24,000,00000,GUJARAT,037001, Coorgi/Kodagu,33,17,16,19,11,8,14,6,8
C0116,24,000,00000,GUJARAT,039000,39 DIMASA ,3,1,2,1,1,0,2,0,2
C0116,24,000,00000,GUJARAT,039002, Dimasa,1,0,1,0,0,0,1,0,1
C0116,24,000,00000,GUJARAT,039999,39 Others,2,1,1,1,1,0,1,0,1
C0116,24,000,00000,GUJARAT,040000,40 ENGLISH ,4224,2064,2160,334,199,135,3890,1865,2025
C0116,24,000,00000,GUJARAT,040001, English,4224,2064,2160,334,199,135,3890,1865,2025
C0116,24,000,00000,GUJARAT,042000,42 GANGTE ,1,1,0,0,0,0,1,1,0
C0116,24,000,00000,GUJARAT,042001, Gangte,1,1,0,0,0,0,1,1,0
C0116,24,000,00000,GUJARAT,043000,43 GARO ,14,11,3,3,1,2,11,10,1
C0116,24,000,00000,GUJARAT,043005, Garo,9,8,1,2,1,1,7,7,0
C0116,24,000,00000,GUJARAT,043999,43 Others,5,3,2,1,0,1,4,3,1
C0116,24,000,00000,GUJARAT,044000,44 GONDI,630,340,290,254,138,116,376,202,174
C0116,24,000,00000,GUJARAT,044007, Gondi,356,194,162,5,3,2,351,191,160
C0116,24,000,00000,GUJARAT,044999,44 Others,274,146,128,249,135,114,25,11,14
C0116,24,000,00000,GUJARAT,045000,45 HALABI,1053,573,480,2,2,0,1051,571,480
C0116,24,000,00000,GUJARAT,045001, Halabi,1053,573,480,2,2,0,1051,571,480
C0116,24,000,00000,GUJARAT,046000,46 HALAM ,1,1,0,0,0,0,1,1,0
C0116,24,000,00000,GUJARAT,046999,46 Others,1,1,0,0,0,0,1,1,0
C0116,24,000,00000,GUJARAT,047000,47 HMAR,2,0,2,0,0,0,2,0,2
C0116,24,000,00000,GUJARAT,047001, Hmar,2,0,2,0,0,0,2,0,2
C0116,24,000,00000,GUJARAT,048000,48 HO,86,56,30,56,40,16,30,16,14
C0116,24,000,00000,GUJARAT,048004, Ho,18,18,0,18,18,0,0,0,0
C0116,24,000,00000,GUJARAT,048007, Lohara,68,38,30,38,22,16,30,16,14
C0116,24,000,00000,GUJARAT,052000,52 KARBI/MIKIR ,1,0,1,0,0,0,1,0,1
C0116,24,000,00000,GUJARAT,052002, Karbi/Mikir,1,0,1,0,0,0,1,0,1
C0116,24,000,00000,GUJARAT,053000,53 KHANDESHI,153622,76903,76719,140864,70356,70508,12758,6547,6211
C0116,24,000,00000,GUJARAT,053002, Ahirani,13248,6800,6448,7231,3623,3608,6017,3177,2840
C0116,24,000,00000,GUJARAT,053004, Dangi,138179,68988,69191,133564,66700,66864,4615,2288,2327
C0116,24,000,00000,GUJARAT,053005, Gujari,10,6,4,4,3,1,6,3,3
C0116,24,000,00000,GUJARAT,053006, Khandeshi,2075,1056,1019,46,20,26,2029,1036,993
C0116,24,000,00000,GUJARAT,053999,53 Others,110,53,57,19,10,9,91,43,48
C0116,24,000,00000,GUJARAT,054000,54 KHARIA ,71,44,27,12,4,8,59,40,19
C0116,24,000,00000,GUJARAT,054005, Kharia,54,34,20,12,4,8,42,30,12
C0116,24,000,00000,GUJARAT,054999,54 Others,17,10,7,0,0,0,17,10,7
C0116,24,000,00000,GUJARAT,055000,55 KHASI ,24,13,11,11,7,4,13,6,7
C0116,24,000,00000,GUJARAT,055007, Khasi,23,13,10,10,7,3,13,6,7
C0116,24,000,00000,GUJARAT,055999,55 Others ,1,0,1,1,0,1,0,0,0
C0116,24,000,00000,GUJARAT,056000,56 KHEZHA ,6,5,1,0,0,0,6,5,1
C0116,24,000,00000,GUJARAT,056999,56 Others ,6,5,1,0,0,0,6,5,1
C0116,24,000,00000,GUJARAT,058000,58 KHOND/KONDH ,2,1,1,0,0,0,2,1,1
C0116,24,000,00000,GUJARAT,058001, Khond/Kondh,2,1,1,0,0,0,2,1,1
C0116,24,000,00000,GUJARAT,059000,59 KINNAURI ,5,2,3,0,0,0,5,2,3
C0116,24,000,00000,GUJARAT,059003, Kinnauri,5,2,3,0,0,0,5,2,3
C0116,24,000,00000,GUJARAT,062000,62 KODA/KORA ,17,10,7,2,1,1,15,9,6
C0116,24,000,00000,GUJARAT,062003, Koda/Kora,17,10,7,2,1,1,15,9,6
C0116,24,000,00000,GUJARAT,064000,64 KOM,3,3,0,3,3,0,0,0,0
C0116,24,000,00000,GUJARAT,064001, Kom,3,3,0,3,3,0,0,0,0
C0116,24,000,00000,GUJARAT,065000,65 KONDA,7,6,1,0,0,0,7,6,1
C0116,24,000,00000,GUJARAT,065003, Konda,4,4,0,0,0,0,4,4,0
C0116,24,000,00000,GUJARAT,065999,65 Others ,3,2,1,0,0,0,3,2,1
C0116,24,000,00000,GUJARAT,068000,68 KORWA ,8,4,4,0,0,0,8,4,4
C0116,24,000,00000,GUJARAT,068999,68 Others ,8,4,4,0,0,0,8,4,4
C0116,24,000,00000,GUJARAT,069000,69 KOYA ,29,17,12,6,4,2,23,13,10
C0116,24,000,00000,GUJARAT,069002, Koya,29,17,12,6,4,2,23,13,10
C0116,24,000,00000,GUJARAT,070000,70 KUI ,8,3,5,8,3,5,0,0,0
C0116,24,000,00000,GUJARAT,070001, Kui,8,3,5,8,3,5,0,0,0
C0116,24,000,00000,GUJARAT,071000,71 KUKI,81,47,34,68,39,29,13,8,5
C0116,24,000,00000,GUJARAT,071008, Kuki,81,47,34,68,39,29,13,8,5
C0116,24,000,00000,GUJARAT,072000,72 KURUKH/ORAON ,116,68,48,22,14,8,94,54,40
C0116,24,000,00000,GUJARAT,072024, Kurukh/Oraon,109,64,45,19,12,7,90,52,38
C0116,24,000,00000,GUJARAT,072999,72 Others ,7,4,3,3,2,1,4,2,2
C0116,24,000,00000,GUJARAT,073000,73 LADAKHI ,12,9,3,2,2,0,10,7,3
C0116,24,000,00000,GUJARAT,073003, Ladakhi,12,9,3,2,2,0,10,7,3
C0116,24,000,00000,GUJARAT,075000,75 LAHNDA ,3681,1827,1854,19,10,9,3662,1817,1845
C0116,24,000,00000,GUJARAT,075006, Hindi Multani,3668,1820,1848,12,6,6,3656,1814,1842
C0116,24,000,00000,GUJARAT,075999,75 Others ,13,7,6,7,4,3,6,3,3
C0116,24,000,00000,GUJARAT,076000,76 LAKHER,4,3,1,3,2,1,1,1,0
C0116,24,000,00000,GUJARAT,076002, Mara,4,3,1,3,2,1,1,1,0
C0116,24,000,00000,GUJARAT,078000,78 LEPCHA ,1,1,0,0,0,0,1,1,0
C0116,24,000,00000,GUJARAT,078001, Lepcha,1,1,0,0,0,0,1,1,0
C0116,24,000,00000,GUJARAT,079000,79 LIANGMEI ,16,6,10,0,0,0,16,6,10
C0116,24,000,00000,GUJARAT,079999,79 Others ,16,6,10,0,0,0,16,6,10
C0116,24,000,00000,GUJARAT,081000,81 LOTHA ,4,2,2,0,0,0,4,2,2
C0116,24,000,00000,GUJARAT,081001, Lotha,4,2,2,0,0,0,4,2,2
C0116,24,000,00000,GUJARAT,082000,82 LUSHAI/MIZO ,53,31,22,21,11,10,32,20,12
C0116,24,000,00000,GUJARAT,082005, Lushai/Mizo,53,31,22,21,11,10,32,20,12
C0116,24,000,00000,GUJARAT,083000,83 MALTO ,1,1,0,0,0,0,1,1,0
C0116,24,000,00000,GUJARAT,083999,83 Others,1,1,0,0,0,0,1,1,0
C0116,24,000,00000,GUJARAT,084000,84 MAO,65,26,39,0,0,0,65,26,39
C0116,24,000,00000,GUJARAT,084001, Mao,4,2,2,0,0,0,4,2,2
C0116,24,000,00000,GUJARAT,084003, Paola,61,24,37,0,0,0,61,24,37
C0116,24,000,00000,GUJARAT,085000,85 MARAM,1,0,1,0,0,0,1,0,1
C0116,24,000,00000,GUJARAT,085001, Maram ,1,0,1,0,0,0,1,0,1
C0116,24,000,00000,GUJARAT,087000,87 MIRI/MISHING,16,10,6,6,6,0,10,4,6
C0116,24,000,00000,GUJARAT,087003, Miri/Mishing,16,10,6,6,6,0,10,4,6
C0116,24,000,00000,GUJARAT,088000,88 MISHMI ,5,2,3,0,0,0,5,2,3
C0116,24,000,00000,GUJARAT,088999,88 Others ,5,2,3,0,0,0,5,2,3
C0116,24,000,00000,GUJARAT,089000,89 MOGH ,1,1,0,0,0,0,1,1,0
C0116,24,000,00000,GUJARAT,089004, Mogh,1,1,0,0,0,0,1,1,0
C0116,24,000,00000,GUJARAT,091000,91 MUNDA,40,30,10,24,20,4,16,10,6
C0116,24,000,00000,GUJARAT,091006, Kol,1,1,0,1,1,0,0,0,0
C0116,24,000,00000,GUJARAT,091009, Munda,12,9,3,2,2,0,10,7,3
C0116,24,000,00000,GUJARAT,091999,91 Others ,27,20,7,21,17,4,6,3,3
C0116,24,000,00000,GUJARAT,092000,92 MUNDARI ,91,77,14,9,7,2,82,70,12
C0116,24,000,00000,GUJARAT,092005, Mundari,91,77,14,9,7,2,82,70,12
C0116,24,000,00000,GUJARAT,093000,93 NICOBARESE ,4,2,2,0,0,0,4,2,2
C0116,24,000,00000,GUJARAT,093001, Nicobarese,4,2,2,0,0,0,4,2,2
C0116,24,000,00000,GUJARAT,094000,94 NISSI/DAFLA ,65,38,27,0,0,0,65,38,27
C0116,24,000,00000,GUJARAT,094001, Apatani,53,29,24,0,0,0,53,29,24
C0116,24,000,00000,GUJARAT,094999,94 Others ,12,9,3,0,0,0,12,9,3
C0116,24,000,00000,GUJARAT,096000,96 PAITE,5,4,1,3,3,0,2,1,1
C0116,24,000,00000,GUJARAT,096002, Paite,5,4,1,3,3,0,2,1,1
C0116,24,000,00000,GUJARAT,097000,97 PARJI ,36,15,21,2,0,2,34,15,19
C0116,24,000,00000,GUJARAT,097999,97 Others ,36,15,21,2,0,2,34,15,19
C0116,24,000,00000,GUJARAT,101000,101 POCHURY,3,1,2,0,0,0,3,1,2
C0116,24,000,00000,GUJARAT,101999,101 Others ,3,1,2,0,0,0,3,1,2
C0116,24,000,00000,GUJARAT,102000,102 RABHA ,1112,586,526,1010,530,480,102,56,46
C0116,24,000,00000,GUJARAT,102002, Rabha,1112,586,526,1010,530,480,102,56,46
C0116,24,000,00000,GUJARAT,106000,106 SAVARA,1,0,1,0,0,0,1,0,1
C0116,24,000,00000,GUJARAT,106004, Savara,1,0,1,0,0,0,1,0,1
C0116,24,000,00000,GUJARAT,109000,109 SHINA,1,1,0,0,0,0,1,1,0
C0116,24,000,00000,GUJARAT,109005, Shina,1,1,0,0,0,0,1,1,0
C0116,24,000,00000,GUJARAT,111000,111 TAMANG ,3,3,0,0,0,0,3,3,0
C0116,24,000,00000,GUJARAT,111001, Tamang,3,3,0,0,0,0,3,3,0
C0116,24,000,00000,GUJARAT,112000,112 TANGKHUL ,1,0,1,1,0,1,0,0,0
C0116,24,000,00000,GUJARAT,112999,112 Others ,1,0,1,1,0,1,0,0,0
C0116,24,000,00000,GUJARAT,113000,113 TANGSA,2,1,1,1,0,1,1,1,0
C0116,24,000,00000,GUJARAT,113999,113 Others,2,1,1,1,0,1,1,1,0
C0116,24,000,00000,GUJARAT,114000,114 THADO ,3,2,1,0,0,0,3,2,1
C0116,24,000,00000,GUJARAT,114015, Thado,3,2,1,0,0,0,3,2,1
C0116,24,000,00000,GUJARAT,115000,115 TIBETAN ,17,15,2,0,0,0,17,15,2
C0116,24,000,00000,GUJARAT,115008, Tibetan,15,13,2,0,0,0,15,13,2
C0116,24,000,00000,GUJARAT,115999,115 Others,2,2,0,0,0,0,2,2,0
C0116,24,000,00000,GUJARAT,116000,116 TRIPURI ,239,179,60,95,87,8,144,92,52
C0116,24,000,00000,GUJARAT,116007, Kokbarak,227,172,55,94,86,8,133,86,47
C0116,24,000,00000,GUJARAT,116014, Tripuri,12,7,5,1,1,0,11,6,5
C0116,24,000,00000,GUJARAT,117000,117 TULU ,1034,551,483,41,22,19,993,529,464
C0116,24,000,00000,GUJARAT,117009, Tulu,764,398,366,20,9,11,744,389,355
C0116,24,000,00000,GUJARAT,117999,117 Others ,270,153,117,21,13,8,249,140,109
C0116,24,000,00000,GUJARAT,120000,120 YIMCHUNGRE,14,10,4,14,10,4,0,0,0
C0116,24,000,00000,GUJARAT,120999,120 Others ,14,10,4,14,10,4,0,0,0
C0116,24,000,00000,GUJARAT,122000,122 ZEMI ,4,2,2,0,0,0,4,2,2
C0116,24,000,00000,GUJARAT,122003, Zemi,4,2,2,0,0,0,4,2,2
C0116,24,000,00000,GUJARAT,123000,123 ZOU ,5,4,1,0,0,0,5,4,1
C0116,24,000,00000,GUJARAT,123001, Zou,5,4,1,0,0,0,5,4,1
C0116,24,000,00000,GUJARAT,124000,124 OTHERS,66603,33799,32804,57438,28920,28518,9165,4879,4286
C0116,25,000,00000,DAMAN & DIU,001000,1 ASSAMESE,1201,1087,114,153,121,32,1048,966,82
C0116,25,000,00000,DAMAN & DIU,001002, Assamese,1201,1087,114,153,121,32,1048,966,82
C0116,25,000,00000,DAMAN & DIU,002000,2 BENGALI ,5232,4050,1182,385,295,90,4847,3755,1092
C0116,25,000,00000,DAMAN & DIU,002007, Bengali,5232,4050,1182,385,295,90,4847,3755,1092
C0116,25,000,00000,DAMAN & DIU,003000,3 BODO ,50,43,7,29,22,7,21,21,0
C0116,25,000,00000,DAMAN & DIU,003001, Bodo/Boro,50,43,7,29,22,7,21,21,0
C0116,25,000,00000,DAMAN & DIU,004000,4 DOGRI ,2,1,1,0,0,0,2,1,1
C0116,25,000,00000,DAMAN & DIU,004001, Dogri,2,1,1,0,0,0,2,1,1
C0116,25,000,00000,DAMAN & DIU,005000,5 GUJARATI,123648,62390,61258,52097,26348,25749,71551,36042,35509
C0116,25,000,00000,DAMAN & DIU,005018, Gujarati,123176,62159,61017,52081,26339,25742,71095,35820,35275
C0116,25,000,00000,DAMAN & DIU,005999,5 Others,472,231,241,16,9,7,456,222,234
C0116,25,000,00000,DAMAN & DIU,006000,6 HINDI ,88312,67144,21168,5711,4237,1474,82601,62907,19694
C0116,25,000,00000,DAMAN & DIU,006030, Awadhi,68,43,25,1,1,0,67,42,25
C0116,25,000,00000,DAMAN & DIU,006040, Baghati/Baghati Pahari,2,1,1,0,0,0,2,1,1
C0116,25,000,00000,DAMAN & DIU,006042, Bagheli/Baghel Khandi,51,50,1,12,12,0,39,38,1
C0116,25,000,00000,DAMAN & DIU,006066, Banjari,44,23,21,0,0,0,44,23,21
C0116,25,000,00000,DAMAN & DIU,006102, Bhojpuri,12116,9355,2761,595,448,147,11521,8907,2614
C0116,25,000,00000,DAMAN & DIU,006123, Brajbhasha,1,1,0,0,0,0,1,1,0
C0116,25,000,00000,DAMAN & DIU,006125, Bundeli/Bundel khandi,133,93,40,23,22,1,110,71,39
C0116,25,000,00000,DAMAN & DIU,006142, Chhattisgarhi,42,31,11,0,0,0,42,31,11
C0116,25,000,00000,DAMAN & DIU,006173, Dhundhari,13,7,6,0,0,0,13,7,6
C0116,25,000,00000,DAMAN & DIU,006195, Garhwali,55,41,14,10,10,0,45,31,14
C0116,25,000,00000,DAMAN & DIU,006207, Gojri/Gujjari/Gujar,5,3,2,0,0,0,5,3,2
C0116,25,000,00000,DAMAN & DIU,006235, Haryanvi,24,10,14,5,3,2,19,7,12
C0116,25,000,00000,DAMAN & DIU,006240, Hindi,70884,54130,16754,4575,3396,1179,66309,50734,15575
C0116,25,000,00000,DAMAN & DIU,006311, Khari Boli,20,14,6,7,6,1,13,8,5
C0116,25,000,00000,DAMAN & DIU,006320, Khortha/Khotta,183,174,9,17,17,0,166,157,9
C0116,25,000,00000,DAMAN & DIU,006340, Kumauni,19,13,6,0,0,0,19,13,6
C0116,25,000,00000,DAMAN & DIU,006376, Magadhi/Magahi,389,299,90,45,36,9,344,263,81
C0116,25,000,00000,DAMAN & DIU,006400, Marwari,2231,1442,789,223,144,79,2008,1298,710
C0116,25,000,00000,DAMAN & DIU,006408, Mewari,11,4,7,2,1,1,9,3,6
C0116,25,000,00000,DAMAN & DIU,006420, Nagpuria,40,34,6,0,0,0,40,34,6
C0116,25,000,00000,DAMAN & DIU,006439, Pahari,23,16,7,0,0,0,23,16,7
C0116,25,000,00000,DAMAN & DIU,006489, Rajasthani,976,632,344,71,47,24,905,585,320
C0116,25,000,00000,DAMAN & DIU,006503, Sadan/Sadri,43,31,12,0,0,0,43,31,12
C0116,25,000,00000,DAMAN & DIU,006999,6 Others,939,697,242,125,94,31,814,603,211
C0116,25,000,00000,DAMAN & DIU,007000,7 KANNADA,457,271,186,44,30,14,413,241,172
C0116,25,000,00000,DAMAN & DIU,007016, Kannada,432,259,173,44,30,14,388,229,159
C0116,25,000,00000,DAMAN & DIU,007999,7 Others,25,12,13,0,0,0,25,12,13
C0116,25,000,00000,DAMAN & DIU,008000,8 KASHMIRI ,3,1,2,0,0,0,3,1,2
C0116,25,000,00000,DAMAN & DIU,008005, Kashmiri,3,1,2,0,0,0,3,1,2
C0116,25,000,00000,DAMAN & DIU,009000,9 KONKANI,142,96,46,0,0,0,142,96,46
C0116,25,000,00000,DAMAN & DIU,009011, Konkani,138,92,46,0,0,0,138,92,46
C0116,25,000,00000,DAMAN & DIU,009013, Kudubi/Kudumbi,4,4,0,0,0,0,4,4,0
C0116,25,000,00000,DAMAN & DIU,010000,10 MAITHILI ,1044,745,299,66,44,22,978,701,277
C0116,25,000,00000,DAMAN & DIU,010008, Maithili,1002,719,283,63,41,22,939,678,261
C0116,25,000,00000,DAMAN & DIU,010011, Purbi Maithili,4,4,0,0,0,0,4,4,0
C0116,25,000,00000,DAMAN & DIU,010013, Thati,38,22,16,3,3,0,35,19,16
C0116,25,000,00000,DAMAN & DIU,011000,11 MALAYALAM,1229,658,571,105,62,43,1124,596,528
C0116,25,000,00000,DAMAN & DIU,011016, Malayalam,1224,653,571,105,62,43,1119,591,528
C0116,25,000,00000,DAMAN & DIU,011026, Yerava,2,2,0,0,0,0,2,2,0
C0116,25,000,00000,DAMAN & DIU,011999,11 Others,3,3,0,0,0,0,3,3,0
C0116,25,000,00000,DAMAN & DIU,012000,12 MANIPURI ,22,14,8,10,8,2,12,6,6
C0116,25,000,00000,DAMAN & DIU,012003, Manipuri,22,14,8,10,8,2,12,6,6
C0116,25,000,00000,DAMAN & DIU,013000,13 MARATHI ,11008,6539,4469,816,489,327,10192,6050,4142
C0116,25,000,00000,DAMAN & DIU,013071, Marathi,11003,6536,4467,816,489,327,10187,6047,4140
C0116,25,000,00000,DAMAN & DIU,013999,13 Others,5,3,2,0,0,0,5,3,2
C0116,25,000,00000,DAMAN & DIU,014000,14 NEPALI ,1401,1028,373,206,167,39,1195,861,334
C0116,25,000,00000,DAMAN & DIU,014011, Nepali,1401,1028,373,206,167,39,1195,861,334
C0116,25,000,00000,DAMAN & DIU,015000,15 ODIA ,4421,3430,991,463,367,96,3958,3063,895
C0116,25,000,00000,DAMAN & DIU,015043, Odia,4415,3428,987,463,367,96,3952,3061,891
C0116,25,000,00000,DAMAN & DIU,015999,15 Others,6,2,4,0,0,0,6,2,4
C0116,25,000,00000,DAMAN & DIU,016000,16 PUNJABI ,222,125,97,4,3,1,218,122,96
C0116,25,000,00000,DAMAN & DIU,016038, Punjabi,222,125,97,4,3,1,218,122,96
C0116,25,000,00000,DAMAN & DIU,017000,17 SANSKRIT ,2,1,1,0,0,0,2,1,1
C0116,25,000,00000,DAMAN & DIU,017002, Sanskrit,2,1,1,0,0,0,2,1,1
C0116,25,000,00000,DAMAN & DIU,018000,18 SANTALI ,81,68,13,0,0,0,81,68,13
C0116,25,000,00000,DAMAN & DIU,018011, Mahili,4,4,0,0,0,0,4,4,0
C0116,25,000,00000,DAMAN & DIU,018040, Santali,77,64,13,0,0,0,77,64,13
C0116,25,000,00000,DAMAN & DIU,019000,19 SINDHI,423,211,212,58,29,29,365,182,183
C0116,25,000,00000,DAMAN & DIU,019008, Kachchhi,354,175,179,56,28,28,298,147,151
C0116,25,000,00000,DAMAN & DIU,019014, Sindhi,69,36,33,2,1,1,67,35,32
C0116,25,000,00000,DAMAN & DIU,020000,20 TAMIL ,320,184,136,12,7,5,308,177,131
C0116,25,000,00000,DAMAN & DIU,020027, Tamil,319,183,136,12,7,5,307,176,131
C0116,25,000,00000,DAMAN & DIU,020999,20 Others,1,1,0,0,0,0,1,1,0
C0116,25,000,00000,DAMAN & DIU,021000,21 TELUGU ,464,261,203,12,7,5,452,254,198
C0116,25,000,00000,DAMAN & DIU,021046, Telugu,385,228,157,12,7,5,373,221,152
C0116,25,000,00000,DAMAN & DIU,021048, Vadari,79,33,46,0,0,0,79,33,46
C0116,25,000,00000,DAMAN & DIU,022000,22 URDU,1032,681,351,104,88,16,928,593,335
C0116,25,000,00000,DAMAN & DIU,022015, Urdu,1025,675,350,103,87,16,922,588,334
C0116,25,000,00000,DAMAN & DIU,022999,22 Others,7,6,1,1,1,0,6,5,1
C0116,25,000,00000,DAMAN & DIU,023000,23 ADI ,2,2,0,0,0,0,2,2,0
C0116,25,000,00000,DAMAN & DIU,023999,23 Others,2,2,0,0,0,0,2,2,0
C0116,25,000,00000,DAMAN & DIU,028000,28 ARABIC/ARBI ,15,8,7,0,0,0,15,8,7
C0116,25,000,00000,DAMAN & DIU,028001, Arabic/Arbi,15,8,7,0,0,0,15,8,7
C0116,25,000,00000,DAMAN & DIU,030000,30 BHILI/BHILODI ,518,294,224,65,45,20,453,249,204
C0116,25,000,00000,DAMAN & DIU,030007, Bhili/Bhilodi,7,0,7,0,0,0,7,0,7
C0116,25,000,00000,DAMAN & DIU,030011, Chodhari,2,2,0,0,0,0,2,2,0
C0116,25,000,00000,DAMAN & DIU,030035, Kokna/Kokni/Kukna,230,131,99,20,13,7,210,118,92
C0116,25,000,00000,DAMAN & DIU,030066, Paradhi,7,4,3,0,0,0,7,4,3
C0116,25,000,00000,DAMAN & DIU,030075, Varli,230,134,96,45,32,13,185,102,83
C0116,25,000,00000,DAMAN & DIU,030076, Vasava,1,1,0,0,0,0,1,1,0
C0116,25,000,00000,DAMAN & DIU,030078, Wagdi,41,22,19,0,0,0,41,22,19
C0116,25,000,00000,DAMAN & DIU,037000,37 COORGI/KODAGU ,2,2,0,0,0,0,2,2,0
C0116,25,000,00000,DAMAN & DIU,037001, Coorgi/Kodagu,2,2,0,0,0,0,2,2,0
C0116,25,000,00000,DAMAN & DIU,040000,40 ENGLISH ,183,90,93,10,4,6,173,86,87
C0116,25,000,00000,DAMAN & DIU,040001, English,183,90,93,10,4,6,173,86,87
C0116,25,000,00000,DAMAN & DIU,053000,53 KHANDESHI,14,7,7,5,2,3,9,5,4
C0116,25,000,00000,DAMAN & DIU,053004, Dangi,10,6,4,4,2,2,6,4,2
C0116,25,000,00000,DAMAN & DIU,053006, Khandeshi,3,1,2,0,0,0,3,1,2
C0116,25,000,00000,DAMAN & DIU,053999,53 Others,1,0,1,1,0,1,0,0,0
C0116,25,000,00000,DAMAN & DIU,054000,54 KHARIA ,6,3,3,0,0,0,6,3,3
C0116,25,000,00000,DAMAN & DIU,054005, Kharia,6,3,3,0,0,0,6,3,3
C0116,25,000,00000,DAMAN & DIU,056000,56 KHEZHA ,3,3,0,0,0,0,3,3,0
C0116,25,000,00000,DAMAN & DIU,056999,56 Others ,3,3,0,0,0,0,3,3,0
C0116,25,000,00000,DAMAN & DIU,064000,64 KOM,4,4,0,0,0,0,4,4,0
C0116,25,000,00000,DAMAN & DIU,064001, Kom,4,4,0,0,0,0,4,4,0
C0116,25,000,00000,DAMAN & DIU,065000,65 KONDA,2,1,1,0,0,0,2,1,1
C0116,25,000,00000,DAMAN & DIU,065999,65 Others ,2,1,1,0,0,0,2,1,1
C0116,25,000,00000,DAMAN & DIU,072000,72 KURUKH/ORAON ,21,18,3,0,0,0,21,18,3
C0116,25,000,00000,DAMAN & DIU,072024, Kurukh/Oraon,21,18,3,0,0,0,21,18,3
C0116,25,000,00000,DAMAN & DIU,091000,91 MUNDA,3,2,1,0,0,0,3,2,1
C0116,25,000,00000,DAMAN & DIU,091009, Munda,3,2,1,0,0,0,3,2,1
C0116,25,000,00000,DAMAN & DIU,092000,92 MUNDARI ,5,3,2,0,0,0,5,3,2
C0116,25,000,00000,DAMAN & DIU,092005, Mundari,5,3,2,0,0,0,5,3,2
C0116,25,000,00000,DAMAN & DIU,101000,101 POCHURY,1,0,1,0,0,0,1,0,1
C0116,25,000,00000,DAMAN & DIU,101006, Pochury,1,0,1,0,0,0,1,0,1
C0116,25,000,00000,DAMAN & DIU,102000,102 RABHA ,7,7,0,0,0,0,7,7,0
C0116,25,000,00000,DAMAN & DIU,102002, Rabha,7,7,0,0,0,0,7,7,0
C0116,25,000,00000,DAMAN & DIU,116000,116 TRIPURI ,5,3,2,0,0,0,5,3,2
C0116,25,000,00000,DAMAN & DIU,116007, Kokbarak,4,2,2,0,0,0,4,2,2
C0116,25,000,00000,DAMAN & DIU,116014, Tripuri,1,1,0,0,0,0,1,1,0
C0116,25,000,00000,DAMAN & DIU,117000,117 TULU ,24,15,9,0,0,0,24,15,9
C0116,25,000,00000,DAMAN & DIU,117009, Tulu,22,14,8,0,0,0,22,14,8
C0116,25,000,00000,DAMAN & DIU,117999,117 Others ,2,1,1,0,0,0,2,1,1
C0116,25,000,00000,DAMAN & DIU,124000,124 OTHERS,1716,811,905,41,20,21,1675,791,884
C0116,26,000,00000,DADRA & NAGAR HAVELI,001000,1 ASSAMESE,957,866,91,419,391,28,538,475,63
C0116,26,000,00000,DADRA & NAGAR HAVELI,001002, Assamese,957,866,91,419,391,28,538,475,63
C0116,26,000,00000,DADRA & NAGAR HAVELI,002000,2 BENGALI ,3116,2197,919,592,480,112,2524,1717,807
C0116,26,000,00000,DADRA & NAGAR HAVELI,002007, Bengali,3109,2191,918,586,475,111,2523,1716,807
C0116,26,000,00000,DADRA & NAGAR HAVELI,002011, Chakma,4,4,0,4,4,0,0,0,0
C0116,26,000,00000,DADRA & NAGAR HAVELI,002999,2 Others,3,2,1,2,1,1,1,1,0
C0116,26,000,00000,DADRA & NAGAR HAVELI,003000,3 BODO ,28,27,1,12,12,0,16,15,1
C0116,26,000,00000,DADRA & NAGAR HAVELI,003001, Bodo/Boro,28,27,1,12,12,0,16,15,1
C0116,26,000,00000,DADRA & NAGAR HAVELI,004000,4 DOGRI ,3,2,1,0,0,0,3,2,1
C0116,26,000,00000,DADRA & NAGAR HAVELI,004001, Dogri,3,2,1,0,0,0,3,2,1
C0116,26,000,00000,DADRA & NAGAR HAVELI,005000,5 GUJARATI,73831,37477,36354,28697,14380,14317,45134,23097,22037
C0116,26,000,00000,DADRA & NAGAR HAVELI,005018, Gujarati,73412,37267,36145,28402,14236,14166,45010,23031,21979
C0116,26,000,00000,DADRA & NAGAR HAVELI,005057, Saurashtra/Saurashtri,15,6,9,0,0,0,15,6,9
C0116,26,000,00000,DADRA & NAGAR HAVELI,005999,5 Others,404,204,200,295,144,151,109,60,49
C0116,26,000,00000,DADRA & NAGAR HAVELI,006000,6 HINDI ,89905,62122,27783,19981,15789,4192,69924,46333,23591
C0116,26,000,00000,DADRA & NAGAR HAVELI,006030, Awadhi,126,102,24,16,13,3,110,89,21
C0116,26,000,00000,DADRA & NAGAR HAVELI,006040, Baghati/Baghati Pahari,2,2,0,0,0,0,2,2,0
C0116,26,000,00000,DADRA & NAGAR HAVELI,006042, Bagheli/Baghel Khandi,51,47,4,16,16,0,35,31,4
C0116,26,000,00000,DADRA & NAGAR HAVELI,006066, Banjari,90,41,49,0,0,0,90,41,49
C0116,26,000,00000,DADRA & NAGAR HAVELI,006089, Bhagoria,3,3,0,0,0,0,3,3,0
C0116,26,000,00000,DADRA & NAGAR HAVELI,006096, Bharmauri/Gaddi,3,2,1,0,0,0,3,2,1
C0116,26,000,00000,DADRA & NAGAR HAVELI,006102, Bhojpuri,13270,9194,4076,3053,2435,618,10217,6759,3458
C0116,26,000,00000,DADRA & NAGAR HAVELI,006123, Brajbhasha,11,6,5,3,3,0,8,3,5
C0116,26,000,00000,DADRA & NAGAR HAVELI,006125, Bundeli/Bundel khandi,133,102,31,16,11,5,117,91,26
C0116,26,000,00000,DADRA & NAGAR HAVELI,006142, Chhattisgarhi,33,21,12,9,8,1,24,13,11
C0116,26,000,00000,DADRA & NAGAR HAVELI,006195, Garhwali,119,75,44,4,3,1,115,72,43
C0116,26,000,00000,DADRA & NAGAR HAVELI,006207, Gojri/Gujjari/Gujar,1,1,0,0,0,0,1,1,0
C0116,26,000,00000,DADRA & NAGAR HAVELI,006235, Haryanvi,26,17,9,5,3,2,21,14,7
C0116,26,000,00000,DADRA & NAGAR HAVELI,006240, Hindi,68788,47957,20831,15323,12247,3076,53465,35710,17755
C0116,26,000,00000,DADRA & NAGAR HAVELI,006265, Jaunpuri/Jaunsari,6,6,0,6,6,0,0,0,0
C0116,26,000,00000,DADRA & NAGAR HAVELI,006311, Khari Boli,19,16,3,16,14,2,3,2,1
C0116,26,000,00000,DADRA & NAGAR HAVELI,006320, Khortha/Khotta,122,113,9,29,29,0,93,84,9
C0116,26,000,00000,DADRA & NAGAR HAVELI,006340, Kumauni,91,53,38,16,8,8,75,45,30
C0116,26,000,00000,DADRA & NAGAR HAVELI,006376, Magadhi/Magahi,97,59,38,22,13,9,75,46,29
C0116,26,000,00000,DADRA & NAGAR HAVELI,006391, Malvi,4,2,2,0,0,0,4,2,2
C0116,26,000,00000,DADRA & NAGAR HAVELI,006400, Marwari,4360,2638,1722,565,379,186,3795,2259,1536
C0116,26,000,00000,DADRA & NAGAR HAVELI,006408, Mewari,25,13,12,4,2,2,21,11,10
C0116,26,000,00000,DADRA & NAGAR HAVELI,006420, Nagpuria,33,28,5,4,4,0,29,24,5
C0116,26,000,00000,DADRA & NAGAR HAVELI,006432, Nimadi,3,2,1,0,0,0,3,2,1
C0116,26,000,00000,DADRA & NAGAR HAVELI,006439, Pahari,51,30,21,16,10,6,35,20,15
C0116,26,000,00000,DADRA & NAGAR HAVELI,006489, Rajasthani,954,625,329,206,160,46,748,465,283
C0116,26,000,00000,DADRA & NAGAR HAVELI,006503, Sadan/Sadri,44,25,19,37,21,16,7,4,3
C0116,26,000,00000,DADRA & NAGAR HAVELI,006548, Surjapuri,22,22,0,22,22,0,0,0,0
C0116,26,000,00000,DADRA & NAGAR HAVELI,006999,6 Others,1418,920,498,593,382,211,825,538,287
C0116,26,000,00000,DADRA & NAGAR HAVELI,007000,7 KANNADA,886,484,402,69,47,22,817,437,380
C0116,26,000,00000,DADRA & NAGAR HAVELI,007016, Kannada,875,477,398,64,43,21,811,434,377
C0116,26,000,00000,DADRA & NAGAR HAVELI,007027, Kuruba/Kurumba,2,2,0,2,2,0,0,0,0
C0116,26,000,00000,DADRA & NAGAR HAVELI,007999,7 Others,9,5,4,3,2,1,6,3,3
C0116,26,000,00000,DADRA & NAGAR HAVELI,008000,8 KASHMIRI ,11,7,4,2,1,1,9,6,3
C0116,26,000,00000,DADRA & NAGAR HAVELI,008005, Kashmiri,11,7,4,2,1,1,9,6,3
C0116,26,000,00000,DADRA & NAGAR HAVELI,009000,9 KONKANI,7756,3908,3848,7550,3760,3790,206,148,58
C0116,26,000,00000,DADRA & NAGAR HAVELI,009011, Konkani,7741,3898,3843,7550,3760,3790,191,138,53
C0116,26,000,00000,DADRA & NAGAR HAVELI,009016, Malwani,4,2,2,0,0,0,4,2,2
C0116,26,000,00000,DADRA & NAGAR HAVELI,009999,9 Others,11,8,3,0,0,0,11,8,3
C0116,26,000,00000,DADRA & NAGAR HAVELI,010000,10 MAITHILI ,2187,1376,811,229,173,56,1958,1203,755
C0116,26,000,00000,DADRA & NAGAR HAVELI,010008, Maithili,2133,1333,800,217,163,54,1916,1170,746
C0116,26,000,00000,DADRA & NAGAR HAVELI,010013, Thati,50,40,10,12,10,2,38,30,8
C0116,26,000,00000,DADRA & NAGAR HAVELI,010014, Tharu,4,3,1,0,0,0,4,3,1
C0116,26,000,00000,DADRA & NAGAR HAVELI,011000,11 MALAYALAM,2172,1167,1005,139,84,55,2033,1083,950
C0116,26,000,00000,DADRA & NAGAR HAVELI,011016, Malayalam,2168,1166,1002,139,84,55,2029,1082,947
C0116,26,000,00000,DADRA & NAGAR HAVELI,011999,11 Others,4,1,3,0,0,0,4,1,3
C0116,26,000,00000,DADRA & NAGAR HAVELI,012000,12 MANIPURI ,81,67,14,13,13,0,68,54,14
C0116,26,000,00000,DADRA & NAGAR HAVELI,012003, Manipuri,81,67,14,13,13,0,68,54,14
C0116,26,000,00000,DADRA & NAGAR HAVELI,013000,13 MARATHI ,24105,13393,10712,5171,2904,2267,18934,10489,8445
C0116,26,000,00000,DADRA & NAGAR HAVELI,013060, Koli,253,129,124,252,128,124,1,1,0
C0116,26,000,00000,DADRA & NAGAR HAVELI,013071, Marathi,23490,13076,10414,4579,2605,1974,18911,10471,8440
C0116,26,000,00000,DADRA & NAGAR HAVELI,013999,13 Others,362,188,174,340,171,169,22,17,5
C0116,26,000,00000,DADRA & NAGAR HAVELI,014000,14 NEPALI ,1152,853,299,221,173,48,931,680,251
C0116,26,000,00000,DADRA & NAGAR HAVELI,014011, Nepali,1152,853,299,221,173,48,931,680,251
C0116,26,000,00000,DADRA & NAGAR HAVELI,015000,15 ODIA ,4463,3323,1140,1140,961,179,3323,2362,961
C0116,26,000,00000,DADRA & NAGAR HAVELI,015043, Odia,4459,3320,1139,1140,961,179,3319,2359,960
C0116,26,000,00000,DADRA & NAGAR HAVELI,015999,15 Others,4,3,1,0,0,0,4,3,1
C0116,26,000,00000,DADRA & NAGAR HAVELI,016000,16 PUNJABI ,414,252,162,64,50,14,350,202,148
C0116,26,000,00000,DADRA & NAGAR HAVELI,016038, Punjabi,414,252,162,64,50,14,350,202,148
C0116,26,000,00000,DADRA & NAGAR HAVELI,017000,17 SANSKRIT ,2,2,0,2,2,0,0,0,0
C0116,26,000,00000,DADRA & NAGAR HAVELI,017002, Sanskrit,2,2,0,2,2,0,0,0,0
C0116,26,000,00000,DADRA & NAGAR HAVELI,018000,18 SANTALI ,57,50,7,13,13,0,44,37,7
C0116,26,000,00000,DADRA & NAGAR HAVELI,018010, Karmali,4,2,2,0,0,0,4,2,2
C0116,26,000,00000,DADRA & NAGAR HAVELI,018040, Santali,53,48,5,13,13,0,40,35,5
C0116,26,000,00000,DADRA & NAGAR HAVELI,019000,19 SINDHI,471,250,221,20,14,6,451,236,215
C0116,26,000,00000,DADRA & NAGAR HAVELI,019008, Kachchhi,387,202,185,17,11,6,370,191,179
C0116,26,000,00000,DADRA & NAGAR HAVELI,019014, Sindhi,84,48,36,3,3,0,81,45,36
C0116,26,000,00000,DADRA & NAGAR HAVELI,020000,20 TAMIL ,739,421,318,74,46,28,665,375,290
C0116,26,000,00000,DADRA & NAGAR HAVELI,020027, Tamil,739,421,318,74,46,28,665,375,290
C0116,26,000,00000,DADRA & NAGAR HAVELI,021000,21 TELUGU ,778,410,368,76,37,39,702,373,329
C0116,26,000,00000,DADRA & NAGAR HAVELI,021046, Telugu,770,406,364,76,37,39,694,369,325
C0116,26,000,00000,DADRA & NAGAR HAVELI,021048, Vadari,8,4,4,0,0,0,8,4,4
C0116,26,000,00000,DADRA & NAGAR HAVELI,022000,22 URDU,1089,658,431,238,158,80,851,500,351
C0116,26,000,00000,DADRA & NAGAR HAVELI,022015, Urdu,1061,644,417,211,145,66,850,499,351
C0116,26,000,00000,DADRA & NAGAR HAVELI,022999,22 Others,28,14,14,27,13,14,1,1,0
C0116,26,000,00000,DADRA & NAGAR HAVELI,023000,23 ADI ,1,1,0,1,1,0,0,0,0
C0116,26,000,00000,DADRA & NAGAR HAVELI,023003, Adi,1,1,0,1,1,0,0,0,0
C0116,26,000,00000,DADRA & NAGAR HAVELI,030000,30 BHILI/BHILODI ,128078,63699,64379,118056,58628,59428,10022,5071,4951
C0116,26,000,00000,DADRA & NAGAR HAVELI,030007, Bhili/Bhilodi,24,15,9,9,6,3,15,9,6
C0116,26,000,00000,DADRA & NAGAR HAVELI,030011, Chodhari,27,20,7,2,1,1,25,19,6
C0116,26,000,00000,DADRA & NAGAR HAVELI,030015, Dhodia,10382,5142,5240,4807,2361,2446,5575,2781,2794
C0116,26,000,00000,DADRA & NAGAR HAVELI,030020, Gamti/Gavit,53,38,15,22,14,8,31,24,7
C0116,26,000,00000,DADRA & NAGAR HAVELI,030035, Kokna/Kokni/Kukna,19571,9761,9810,19290,9599,9691,281,162,119
C0116,26,000,00000,DADRA & NAGAR HAVELI,030075, Varli,97940,48677,49263,93902,46636,47266,4038,2041,1997
C0116,26,000,00000,DADRA & NAGAR HAVELI,030076, Vasava,13,9,4,1,0,1,12,9,3
C0116,26,000,00000,DADRA & NAGAR HAVELI,030078, Wagdi,45,26,19,1,1,0,44,25,19
C0116,26,000,00000,DADRA & NAGAR HAVELI,030999,30 Others,23,11,12,22,10,12,1,1,0
C0116,26,000,00000,DADRA & NAGAR HAVELI,032000,32 BHUMIJ ,8,5,3,8,5,3,0,0,0
C0116,26,000,00000,DADRA & NAGAR HAVELI,032999,32 Others,8,5,3,8,5,3,0,0,0
C0116,26,000,00000,DADRA & NAGAR HAVELI,040000,40 ENGLISH ,282,129,153,45,20,25,237,109,128
C0116,26,000,00000,DADRA & NAGAR HAVELI,040001, English,282,129,153,45,20,25,237,109,128
C0116,26,000,00000,DADRA & NAGAR HAVELI,044000,44 GONDI,3,3,0,0,0,0,3,3,0
C0116,26,000,00000,DADRA & NAGAR HAVELI,044007, Gondi,3,3,0,0,0,0,3,3,0
C0116,26,000,00000,DADRA & NAGAR HAVELI,048000,48 HO,5,3,2,0,0,0,5,3,2
C0116,26,000,00000,DADRA & NAGAR HAVELI,048004, Ho,1,1,0,0,0,0,1,1,0
C0116,26,000,00000,DADRA & NAGAR HAVELI,048007, Lohara,4,2,2,0,0,0,4,2,2
C0116,26,000,00000,DADRA & NAGAR HAVELI,052000,52 KARBI/MIKIR ,5,4,1,0,0,0,5,4,1
C0116,26,000,00000,DADRA & NAGAR HAVELI,052002, Karbi/Mikir,5,4,1,0,0,0,5,4,1
C0116,26,000,00000,DADRA & NAGAR HAVELI,053000,53 KHANDESHI,355,196,159,229,125,104,126,71,55
C0116,26,000,00000,DADRA & NAGAR HAVELI,053002, Ahirani,331,184,147,219,121,98,112,63,49
C0116,26,000,00000,DADRA & NAGAR HAVELI,053004, Dangi,14,6,8,10,4,6,4,2,2
C0116,26,000,00000,DADRA & NAGAR HAVELI,053006, Khandeshi,10,6,4,0,0,0,10,6,4
C0116,26,000,00000,DADRA & NAGAR HAVELI,054000,54 KHARIA ,5,3,2,0,0,0,5,3,2
C0116,26,000,00000,DADRA & NAGAR HAVELI,054005, Kharia,5,3,2,0,0,0,5,3,2
C0116,26,000,00000,DADRA & NAGAR HAVELI,056000,56 KHEZHA ,2,2,0,0,0,0,2,2,0
C0116,26,000,00000,DADRA & NAGAR HAVELI,056999,56 Others ,2,2,0,0,0,0,2,2,0
C0116,26,000,00000,DADRA & NAGAR HAVELI,062000,62 KODA/KORA ,5,5,0,5,5,0,0,0,0
C0116,26,000,00000,DADRA & NAGAR HAVELI,062003, Koda/Kora,5,5,0,5,5,0,0,0,0
C0116,26,000,00000,DADRA & NAGAR HAVELI,064000,64 KOM,3,2,1,1,0,1,2,2,0
C0116,26,000,00000,DADRA & NAGAR HAVELI,064001, Kom,3,2,1,1,0,1,2,2,0
C0116,26,000,00000,DADRA & NAGAR HAVELI,072000,72 KURUKH/ORAON ,4,3,1,3,2,1,1,1,0
C0116,26,000,00000,DADRA & NAGAR HAVELI,072024, Kurukh/Oraon,4,3,1,3,2,1,1,1,0
C0116,26,000,00000,DADRA & NAGAR HAVELI,087000,87 MIRI/MISHING,9,9,0,9,9,0,0,0,0
C0116,26,000,00000,DADRA & NAGAR HAVELI,087003, Miri/Mishing,9,9,0,9,9,0,0,0,0
C0116,26,000,00000,DADRA & NAGAR HAVELI,091000,91 MUNDA,9,6,3,0,0,0,9,6,3
C0116,26,000,00000,DADRA & NAGAR HAVELI,091009, Munda,9,6,3,0,0,0,9,6,3
C0116,26,000,00000,DADRA & NAGAR HAVELI,092000,92 MUNDARI ,13,12,1,1,1,0,12,11,1
C0116,26,000,00000,DADRA & NAGAR HAVELI,092005, Mundari,13,12,1,1,1,0,12,11,1
C0116,26,000,00000,DADRA & NAGAR HAVELI,114000,114 THADO ,3,1,2,0,0,0,3,1,2
C0116,26,000,00000,DADRA & NAGAR HAVELI,114015, Thado,3,1,2,0,0,0,3,1,2
C0116,26,000,00000,DADRA & NAGAR HAVELI,116000,116 TRIPURI ,6,4,2,1,1,0,5,3,2
C0116,26,000,00000,DADRA & NAGAR HAVELI,116007, Kokbarak,6,4,2,1,1,0,5,3,2
C0116,26,000,00000,DADRA & NAGAR HAVELI,117000,117 TULU ,44,23,21,2,1,1,42,22,20
C0116,26,000,00000,DADRA & NAGAR HAVELI,117009, Tulu,42,22,20,1,1,0,41,21,20
C0116,26,000,00000,DADRA & NAGAR HAVELI,117999,117 Others ,2,1,1,1,0,1,1,1,0
C0116,26,000,00000,DADRA & NAGAR HAVELI,124000,124 OTHERS,666,338,328,31,19,12,635,319,316
C0116,27,000,00000,MAHARASHTRA,001000,1 ASSAMESE,12842,8940,3902,2520,1896,624,10322,7044,3278
C0116,27,000,00000,MAHARASHTRA,001002, Assamese,12715,8858,3857,2510,1891,619,10205,6967,3238
C0116,27,000,00000,MAHARASHTRA,001999,1 Others,127,82,45,10,5,5,117,77,40
C0116,27,000,00000,MAHARASHTRA,002000,2 BENGALI ,442090,260983,181107,87120,47954,39166,354970,213029,141941
C0116,27,000,00000,MAHARASHTRA,002007, Bengali,441449,260643,180806,86655,47715,38940,354794,212928,141866
C0116,27,000,00000,MAHARASHTRA,002011, Chakma,46,34,12,0,0,0,46,34,12
C0116,27,000,00000,MAHARASHTRA,002015, Haijong/Hajong,5,3,2,0,0,0,5,3,2
C0116,27,000,00000,MAHARASHTRA,002999,2 Others,590,303,287,465,239,226,125,64,61
C0116,27,000,00000,MAHARASHTRA,003000,3 BODO ,330,234,96,64,51,13,266,183,83
C0116,27,000,00000,MAHARASHTRA,003001, Bodo/Boro,266,200,66,62,49,13,204,151,53
C0116,27,000,00000,MAHARASHTRA,003003, Kachari,59,30,29,2,2,0,57,28,29
C0116,27,000,00000,MAHARASHTRA,003004, Mech/Mechhia,5,4,1,0,0,0,5,4,1
C0116,27,000,00000,MAHARASHTRA,004000,4 DOGRI ,1936,1182,754,813,436,377,1123,746,377
C0116,27,000,00000,MAHARASHTRA,004001, Dogri,1936,1182,754,813,436,377,1123,746,377
C0116,27,000,00000,MAHARASHTRA,005000,5 GUJARATI,2371743,1198746,1172997,132149,67522,64627,2239594,1131224,1108370
C0116,27,000,00000,MAHARASHTRA,005018, Gujarati,2320191,1172520,1147671,109689,55978,53711,2210502,1116542,1093960
C0116,27,000,00000,MAHARASHTRA,005019, Gujrao/Gujrau,13023,6682,6341,12241,6296,5945,782,386,396
C0116,27,000,00000,MAHARASHTRA,005052, Pattani,952,488,464,795,400,395,157,88,69
C0116,27,000,00000,MAHARASHTRA,005057, Saurashtra/Saurashtri,1292,660,632,16,6,10,1276,654,622
C0116,27,000,00000,MAHARASHTRA,005999,5 Others,36285,18396,17889,9408,4842,4566,26877,13554,13323
C0116,27,000,00000,MAHARASHTRA,006000,6 HINDI ,14481513,8011083,6470430,4064495,2143068,1921427,10417018,5868015,4549003
C0116,27,000,00000,MAHARASHTRA,006030, Awadhi,3579,2264,1315,186,113,73,3393,2151,1242
C0116,27,000,00000,MAHARASHTRA,006040, Baghati/Baghati Pahari,203,107,96,7,4,3,196,103,93
C0116,27,000,00000,MAHARASHTRA,006042, Bagheli/Baghel Khandi,512,385,127,156,140,16,356,245,111
C0116,27,000,00000,MAHARASHTRA,006066, Banjari,1284345,671668,612677,1179278,616369,562909,105067,55299,49768
C0116,27,000,00000,MAHARASHTRA,006086, Bhadrawahi,17,7,10,1,0,1,16,7,9
C0116,27,000,00000,MAHARASHTRA,006089, Bhagoria,3,1,2,0,0,0,3,1,2
C0116,27,000,00000,MAHARASHTRA,006096, Bharmauri/Gaddi,519,289,230,102,48,54,417,241,176
C0116,27,000,00000,MAHARASHTRA,006102, Bhojpuri,511781,324258,187523,31460,20547,10913,480321,303711,176610
C0116,27,000,00000,MAHARASHTRA,006119, Bishnoi,2,2,0,0,0,0,2,2,0
C0116,27,000,00000,MAHARASHTRA,006123, Brajbhasha,662,379,283,80,49,31,582,330,252
C0116,27,000,00000,MAHARASHTRA,006125, Bundeli/Bundel khandi,1849,1026,823,371,225,146,1478,801,677
C0116,27,000,00000,MAHARASHTRA,006133, Chambeali/Chamrali,1083,548,535,503,259,244,580,289,291
C0116,27,000,00000,MAHARASHTRA,006142, Chhattisgarhi,127656,65380,62276,59501,29835,29666,68155,35545,32610
C0116,27,000,00000,MAHARASHTRA,006149, Churahi,19,10,9,11,5,6,8,5,3
C0116,27,000,00000,MAHARASHTRA,006173, Dhundhari,285,148,137,31,17,14,254,131,123
C0116,27,000,00000,MAHARASHTRA,006195, Garhwali,14401,8114,6287,431,222,209,13970,7892,6078
C0116,27,000,00000,MAHARASHTRA,006198, Gawari,7118,3742,3376,6476,3402,3074,642,340,302
C0116,27,000,00000,MAHARASHTRA,006207, Gojri/Gujjari/Gujar,55735,28937,26798,49274,25567,23707,6461,3370,3091
C0116,27,000,00000,MAHARASHTRA,006231, Handuri,1759,931,828,1721,914,807,38,17,21
C0116,27,000,00000,MAHARASHTRA,006232, Hara/Harauti,15,11,4,1,1,0,14,10,4
C0116,27,000,00000,MAHARASHTRA,006235, Haryanvi,13449,6968,6481,318,194,124,13131,6774,6357
C0116,27,000,00000,MAHARASHTRA,006240, Hindi,10901790,6077410,4824380,2184766,1159949,1024817,8717024,4917461,3799563
C0116,27,000,00000,MAHARASHTRA,006265, Jaunpuri/Jaunsari,53,35,18,3,2,1,50,33,17
C0116,27,000,00000,MAHARASHTRA,006291, Kangri,54,24,30,2,1,1,52,23,29
C0116,27,000,00000,MAHARASHTRA,006311, Khari Boli,345,213,132,43,26,17,302,187,115
C0116,27,000,00000,MAHARASHTRA,006320, Khortha/Khotta,1863,1432,431,583,399,184,1280,1033,247
C0116,27,000,00000,MAHARASHTRA,006336, Kulvi,9,4,5,0,0,0,9,4,5
C0116,27,000,00000,MAHARASHTRA,006340, Kumauni,3582,1961,1621,133,70,63,3449,1891,1558
C0116,27,000,00000,MAHARASHTRA,006345, Kurmali Thar,707,346,361,643,311,332,64,35,29
C0116,27,000,00000,MAHARASHTRA,006353, Lamani/Lambadi,243368,127411,115957,185896,97336,88560,57472,30075,27397
C0116,27,000,00000,MAHARASHTRA,006355, Laria,2,1,1,2,1,1,0,0,0
C0116,27,000,00000,MAHARASHTRA,006358, Lodhi,49982,25277,24705,46208,23371,22837,3774,1906,1868
C0116,27,000,00000,MAHARASHTRA,006376, Magadhi/Magahi,763,468,295,274,185,89,489,283,206
C0116,27,000,00000,MAHARASHTRA,006391, Malvi,1475,778,697,391,206,185,1084,572,512
C0116,27,000,00000,MAHARASHTRA,006394, Mandeali,25,17,8,3,3,0,22,14,8
C0116,27,000,00000,MAHARASHTRA,006400, Marwari,888093,468043,420050,81415,42823,38592,806678,425220,381458
C0116,27,000,00000,MAHARASHTRA,006408, Mewari,547,317,230,2,2,0,545,315,230
C0116,27,000,00000,MAHARASHTRA,006409, Mewati,3161,1692,1469,285,162,123,2876,1530,1346
C0116,27,000,00000,MAHARASHTRA,006420, Nagpuria,108,81,27,7,6,1,101,75,26
C0116,27,000,00000,MAHARASHTRA,006432, Nimadi,13395,6831,6564,12106,6159,5947,1289,672,617
C0116,27,000,00000,MAHARASHTRA,006439, Pahari,2901,1584,1317,191,99,92,2710,1485,1225
C0116,27,000,00000,MAHARASHTRA,006451, Panch Pargania,5,2,3,1,1,0,4,1,3
C0116,27,000,00000,MAHARASHTRA,006452, Pando/Pandwani,1,1,0,0,0,0,1,1,0
C0116,27,000,00000,MAHARASHTRA,006466, Pawari/Powari,98823,49710,49113,93235,46822,46413,5588,2888,2700
C0116,27,000,00000,MAHARASHTRA,006476, Puran/Puran Bhasha,2,0,2,0,0,0,2,0,2
C0116,27,000,00000,MAHARASHTRA,006489, Rajasthani,79279,44199,35080,13504,7629,5875,65775,36570,29205
C0116,27,000,00000,MAHARASHTRA,006503, Sadan/Sadri,527,302,225,97,65,32,430,237,193
C0116,27,000,00000,MAHARASHTRA,006547, Surgujia,2,2,0,2,2,0,0,0,0
C0116,27,000,00000,MAHARASHTRA,006548, Surjapuri,673,597,76,74,63,11,599,534,65
C0116,27,000,00000,MAHARASHTRA,006999,6 Others,164986,87170,77816,114721,59464,55257,50265,27706,22559
C0116,27,000,00000,MAHARASHTRA,007000,7 KANNADA,1000463,512941,487522,511484,261273,250211,488979,251668,237311
C0116,27,000,00000,MAHARASHTRA,007002, Badaga,50,22,28,0,0,0,50,22,28
C0116,27,000,00000,MAHARASHTRA,007016, Kannada,993133,509115,484018,509508,260221,249287,483625,248894,234731
C0116,27,000,00000,MAHARASHTRA,007041, Prakritha/Prakritha Bhasha,4067,2112,1955,1889,1005,884,2178,1107,1071
C0116,27,000,00000,MAHARASHTRA,007999,7 Others,3213,1692,1521,87,47,40,3126,1645,1481
C0116,27,000,00000,MAHARASHTRA,008000,8 KASHMIRI ,8274,4393,3881,1551,787,764,6723,3606,3117
C0116,27,000,00000,MAHARASHTRA,008005, Kashmiri,8265,4389,3876,1551,787,764,6714,3602,3112
C0116,27,000,00000,MAHARASHTRA,008019, Dardi,4,1,3,0,0,0,4,1,3
C0116,27,000,00000,MAHARASHTRA,008999,8 Others,5,3,2,0,0,0,5,3,2
C0116,27,000,00000,MAHARASHTRA,009000,9 KONKANI,399255,196778,202477,158796,81325,77471,240459,115453,125006
C0116,27,000,00000,MAHARASHTRA,009011, Konkani,324123,157469,166654,90153,45331,44822,233970,112138,121832
C0116,27,000,00000,MAHARASHTRA,009016, Malwani,23136,11414,11722,19559,9611,9948,3577,1803,1774
C0116,27,000,00000,MAHARASHTRA,009020, Nawait,55,28,27,1,1,0,54,27,27
C0116,27,000,00000,MAHARASHTRA,009028, Gorboli/Goru/Gorwani,50133,26941,23192,48891,26283,22608,1242,658,584
C0116,27,000,00000,MAHARASHTRA,009999,9 Others,1808,926,882,192,99,93,1616,827,789
C0116,27,000,00000,MAHARASHTRA,010000,10 MAITHILI ,46996,30582,16414,2591,1625,966,44405,28957,15448
C0116,27,000,00000,MAHARASHTRA,010008, Maithili,46472,30198,16274,2488,1553,935,43984,28645,15339
C0116,27,000,00000,MAHARASHTRA,010011, Purbi Maithili,35,20,15,0,0,0,35,20,15
C0116,27,000,00000,MAHARASHTRA,010013, Thati,374,266,108,77,51,26,297,215,82
C0116,27,000,00000,MAHARASHTRA,010014, Tharu,115,98,17,26,21,5,89,77,12
C0116,27,000,00000,MAHARASHTRA,011000,11 MALAYALAM,366153,187534,178619,15225,8285,6940,350928,179249,171679
C0116,27,000,00000,MAHARASHTRA,011016, Malayalam,365140,187005,178135,14444,7890,6554,350696,179115,171581
C0116,27,000,00000,MAHARASHTRA,011023, Pania,3,0,3,0,0,0,3,0,3
C0116,27,000,00000,MAHARASHTRA,011026, Yerava,11,6,5,6,3,3,5,3,2
C0116,27,000,00000,MAHARASHTRA,011999,11 Others,999,523,476,775,392,383,224,131,93
C0116,27,000,00000,MAHARASHTRA,012000,12 MANIPURI ,3475,2131,1344,215,157,58,3260,1974,1286
C0116,27,000,00000,MAHARASHTRA,012003, Manipuri,3460,2122,1338,215,157,58,3245,1965,1280
C0116,27,000,00000,MAHARASHTRA,012999,12 Others,15,9,6,0,0,0,15,9,6
C0116,27,000,00000,MAHARASHTRA,013000,13 MARATHI ,77461172,39702094,37759078,49974030,25575104,24398926,27487142,14126990,13360152
C0116,27,000,00000,MAHARASHTRA,013004, Are,9,5,4,0,0,0,9,5,4
C0116,27,000,00000,MAHARASHTRA,013060, Koli,9197,4656,4541,1674,829,845,7523,3827,3696
C0116,27,000,00000,MAHARASHTRA,013071, Marathi,77357905,39650549,37707356,49904195,25540482,24363713,27453710,14110067,13343643
C0116,27,000,00000,MAHARASHTRA,013999,13 Others,94061,46884,47177,68161,33793,34368,25900,13091,12809
C0116,27,000,00000,MAHARASHTRA,014000,14 NEPALI ,75683,45443,30240,8367,5272,3095,67316,40171,27145
C0116,27,000,00000,MAHARASHTRA,014011, Nepali,75665,45433,30232,8366,5272,3094,67299,40161,27138
C0116,27,000,00000,MAHARASHTRA,014999,14 Others,18,10,8,1,0,1,17,10,7
C0116,27,000,00000,MAHARASHTRA,015000,15 ODIA ,139241,86130,53111,13738,8715,5023,125503,77415,48088
C0116,27,000,00000,MAHARASHTRA,015007, Bhuiya/Bhuyan[Ori],182,90,92,10,4,6,172,86,86
C0116,27,000,00000,MAHARASHTRA,015043, Odia,136940,84967,51973,12774,8205,4569,124166,76762,47404
C0116,27,000,00000,MAHARASHTRA,015058, Sambalpuri,27,14,13,9,4,5,18,10,8
C0116,27,000,00000,MAHARASHTRA,015999,15 Others,2092,1059,1033,945,502,443,1147,557,590
C0116,27,000,00000,MAHARASHTRA,016000,16 PUNJABI ,280192,145718,134474,11842,6523,5319,268350,139195,129155
C0116,27,000,00000,MAHARASHTRA,016002, Bagri,390,231,159,15,9,6,375,222,153
C0116,27,000,00000,MAHARASHTRA,016005, Bhateali,28,11,17,0,0,0,28,11,17
C0116,27,000,00000,MAHARASHTRA,016006, Bilaspuri Kahluri,1,0,1,0,0,0,1,0,1
C0116,27,000,00000,MAHARASHTRA,016038, Punjabi,279689,145437,134252,11786,6495,5291,267903,138942,128961
C0116,27,000,00000,MAHARASHTRA,016999,16 Others,84,39,45,41,19,22,43,20,23
C0116,27,000,00000,MAHARASHTRA,017000,17 SANSKRIT ,3802,1984,1818,247,145,102,3555,1839,1716
C0116,27,000,00000,MAHARASHTRA,017002, Sanskrit,3801,1984,1817,247,145,102,3554,1839,1715
C0116,27,000,00000,MAHARASHTRA,017999,17 Others,1,0,1,0,0,0,1,0,1
C0116,27,000,00000,MAHARASHTRA,018000,18 SANTALI ,103456,51891,51565,102261,51131,51130,1195,760,435
C0116,27,000,00000,MAHARASHTRA,018010, Karmali,4,3,1,0,0,0,4,3,1
C0116,27,000,00000,MAHARASHTRA,018011, Mahili,301,161,140,254,128,126,47,33,14
C0116,27,000,00000,MAHARASHTRA,018040, Santali,102185,51236,50949,101075,50527,50548,1110,709,401
C0116,27,000,00000,MAHARASHTRA,018999,18 Others,966,491,475,932,476,456,34,15,19
C0116,27,000,00000,MAHARASHTRA,019000,19 SINDHI,723748,363262,360486,18833,9620,9213,704915,353642,351273
C0116,27,000,00000,MAHARASHTRA,019002, Bhatia,441,207,234,39,15,24,402,192,210
C0116,27,000,00000,MAHARASHTRA,019008, Kachchhi,159665,79563,80102,2855,1452,1403,156810,78111,78699
C0116,27,000,00000,MAHARASHTRA,019014, Sindhi,558054,280609,277445,10638,5434,5204,547416,275175,272241
C0116,27,000,00000,MAHARASHTRA,019999,19 Others,5588,2883,2705,5301,2719,2582,287,164,123
C0116,27,000,00000,MAHARASHTRA,020000,20 TAMIL ,509887,263338,246549,20246,10810,9436,489641,252528,237113
C0116,27,000,00000,MAHARASHTRA,020009, Kaikadi,24365,12209,12156,9074,4616,4458,15291,7593,7698
C0116,27,000,00000,MAHARASHTRA,020015, Korava,81,43,38,0,0,0,81,43,38
C0116,27,000,00000,MAHARASHTRA,020027, Tamil,484726,250731,233995,11104,6154,4950,473622,244577,229045
C0116,27,000,00000,MAHARASHTRA,020029, Yerukala/Yerukula,439,215,224,0,0,0,439,215,224
C0116,27,000,00000,MAHARASHTRA,020999,20 Others,276,140,136,68,40,28,208,100,108
C0116,27,000,00000,MAHARASHTRA,021000,21 TELUGU ,1320880,670233,650647,410747,207561,203186,910133,462672,447461
C0116,27,000,00000,MAHARASHTRA,021046, Telugu,1118694,568180,550514,311977,157266,154711,806717,410914,395803
C0116,27,000,00000,MAHARASHTRA,021048, Vadari,196488,99160,97328,95873,48834,47039,100615,50326,50289
C0116,27,000,00000,MAHARASHTRA,021999,21 Others,5698,2893,2805,2897,1461,1436,2801,1432,1369
C0116,27,000,00000,MAHARASHTRA,022000,22 URDU,7540324,3931539,3608785,1640718,837608,803110,5899606,3093931,2805675
C0116,27,000,00000,MAHARASHTRA,022015, Urdu,7534783,3928630,3606153,1637678,836094,801584,5897105,3092536,2804569
C0116,27,000,00000,MAHARASHTRA,022016, Bhansari,985,520,465,941,504,437,44,16,28
C0116,27,000,00000,MAHARASHTRA,022999,22 Others,4556,2389,2167,2099,1010,1089,2457,1379,1078
C0116,27,000,00000,MAHARASHTRA,023000,23 ADI ,168,98,70,59,35,24,109,63,46
C0116,27,000,00000,MAHARASHTRA,023003, Adi,9,3,6,6,3,3,3,0,3
C0116,27,000,00000,MAHARASHTRA,023006, Adi Gallong/Gallong,3,2,1,3,2,1,0,0,0
C0116,27,000,00000,MAHARASHTRA,023010, Adi Miniyong/Miniyong,1,1,0,0,0,0,1,1,0
C0116,27,000,00000,MAHARASHTRA,023040, Talgalo,13,6,7,2,0,2,11,6,5
C0116,27,000,00000,MAHARASHTRA,023999,23 Others,142,86,56,48,30,18,94,56,38
C0116,27,000,00000,MAHARASHTRA,024000,24 AFGHANI/KABULI/PASHTO ,147,116,31,12,12,0,135,104,31
C0116,27,000,00000,MAHARASHTRA,024001, Afghani/Kabuli/Pashto,123,96,27,6,6,0,117,90,27
C0116,27,000,00000,MAHARASHTRA,024999,24 Others,24,20,4,6,6,0,18,14,4
C0116,27,000,00000,MAHARASHTRA,025000,25 ANAL ,9,4,5,1,1,0,8,3,5
C0116,27,000,00000,MAHARASHTRA,025001, Anal,3,2,1,1,1,0,2,1,1
C0116,27,000,00000,MAHARASHTRA,025999,25 Others,6,2,4,0,0,0,6,2,4
C0116,27,000,00000,MAHARASHTRA,026000,26 ANGAMI ,164,88,76,121,61,60,43,27,16
C0116,27,000,00000,MAHARASHTRA,026002, Angami,154,81,73,117,57,60,37,24,13
C0116,27,000,00000,MAHARASHTRA,026999,26 Others,10,7,3,4,4,0,6,3,3
C0116,27,000,00000,MAHARASHTRA,027000,27 AO ,44,29,15,1,1,0,43,28,15
C0116,27,000,00000,MAHARASHTRA,027001, Ao,32,21,11,1,1,0,31,20,11
C0116,27,000,00000,MAHARASHTRA,027003, Chungli,7,5,2,0,0,0,7,5,2
C0116,27,000,00000,MAHARASHTRA,027999,27 Others,5,3,2,0,0,0,5,3,2
C0116,27,000,00000,MAHARASHTRA,028000,28 ARABIC/ARBI ,1830,1050,780,300,160,140,1530,890,640
C0116,27,000,00000,MAHARASHTRA,028001, Arabic/Arbi,1828,1049,779,300,160,140,1528,889,639
C0116,27,000,00000,MAHARASHTRA,028999,28 Others,2,1,1,0,0,0,2,1,1
C0116,27,000,00000,MAHARASHTRA,029000,29 BALTI ,17,9,8,0,0,0,17,9,8
C0116,27,000,00000,MAHARASHTRA,029002, Balti,6,3,3,0,0,0,6,3,3
C0116,27,000,00000,MAHARASHTRA,029999,29 Others,11,6,5,0,0,0,11,6,5
C0116,27,000,00000,MAHARASHTRA,030000,30 BHILI/BHILODI ,2247678,1124124,1123554,2081279,1040968,1040311,166399,83156,83243
C0116,27,000,00000,MAHARASHTRA,030002, Baori,292,148,144,100,53,47,192,95,97
C0116,27,000,00000,MAHARASHTRA,030003, Barel,797,408,389,323,182,141,474,226,248
C0116,27,000,00000,MAHARASHTRA,030006, Bhilali,1509,794,715,1504,791,713,5,3,2
C0116,27,000,00000,MAHARASHTRA,030007, Bhili/Bhilodi,1208159,604350,603809,1163582,581995,581587,44577,22355,22222
C0116,27,000,00000,MAHARASHTRA,030011, Chodhari,75,46,29,57,34,23,18,12,6
C0116,27,000,00000,MAHARASHTRA,030015, Dhodia,5293,2632,2661,3305,1591,1714,1988,1041,947
C0116,27,000,00000,MAHARASHTRA,030020, Gamti/Gavit,1535,735,800,1467,715,752,68,20,48
C0116,27,000,00000,MAHARASHTRA,030021, Garasia,12,6,6,5,4,1,7,2,5
C0116,27,000,00000,MAHARASHTRA,030035, Kokna/Kokni/Kukna,295399,147410,147989,214244,107368,106876,81155,40042,41113
C0116,27,000,00000,MAHARASHTRA,030049, Mawchi,96910,48088,48822,93039,46151,46888,3871,1937,1934
C0116,27,000,00000,MAHARASHTRA,030066, Paradhi,62435,31205,31230,50353,25132,25221,12082,6073,6009
C0116,27,000,00000,MAHARASHTRA,030068, Pawri,310940,157623,153317,303678,153731,149947,7262,3892,3370
C0116,27,000,00000,MAHARASHTRA,030070, Rathi,1423,739,684,1310,685,625,113,54,59
C0116,27,000,00000,MAHARASHTRA,030073, Tadavi,46403,23571,22832,41670,21148,20522,4733,2423,2310
C0116,27,000,00000,MAHARASHTRA,030075, Varli,187394,91601,95793,181614,88770,92844,5780,2831,2949
C0116,27,000,00000,MAHARASHTRA,030076, Vasava,9559,4746,4813,9272,4612,4660,287,134,153
C0116,27,000,00000,MAHARASHTRA,030078, Wagdi,3127,1414,1713,2112,955,1157,1015,459,556
C0116,27,000,00000,MAHARASHTRA,030999,30 Others,16416,8608,7808,13644,7051,6593,2772,1557,1215
C0116,27,000,00000,MAHARASHTRA,031000,31 BHOTIA ,116,72,44,26,11,15,90,61,29
C0116,27,000,00000,MAHARASHTRA,031001, Bhotia,43,33,10,0,0,0,43,33,10
C0116,27,000,00000,MAHARASHTRA,031999,31 Others,73,39,34,26,11,15,47,28,19
C0116,27,000,00000,MAHARASHTRA,032000,32 BHUMIJ ,37,26,11,0,0,0,37,26,11
C0116,27,000,00000,MAHARASHTRA,032999,32 Others,37,26,11,0,0,0,37,26,11
C0116,27,000,00000,MAHARASHTRA,033000,33 BISHNUPURIYA,10,5,5,0,0,0,10,5,5
C0116,27,000,00000,MAHARASHTRA,033003, Bishnupriya Manipuri/Manipuri Bishnupriya,4,2,2,0,0,0,4,2,2
C0116,27,000,00000,MAHARASHTRA,033999,33 Others,6,3,3,0,0,0,6,3,3
C0116,27,000,00000,MAHARASHTRA,034000,34 CHAKHESANG ,1,1,0,0,0,0,1,1,0
C0116,27,000,00000,MAHARASHTRA,034001, Chakhesang,1,1,0,0,0,0,1,1,0
C0116,27,000,00000,MAHARASHTRA,035000,35 CHAKRU/CHOKRI ,8,6,2,2,0,2,6,6,0
C0116,27,000,00000,MAHARASHTRA,035001, Chakru/Chokri,8,6,2,2,0,2,6,6,0
C0116,27,000,00000,MAHARASHTRA,036000,36 CHANG ,35,17,18,13,6,7,22,11,11
C0116,27,000,00000,MAHARASHTRA,036001, Chang,35,17,18,13,6,7,22,11,11
C0116,27,000,00000,MAHARASHTRA,037000,37 COORGI/KODAGU ,634,323,311,209,104,105,425,219,206
C0116,27,000,00000,MAHARASHTRA,037001, Coorgi/Kodagu,598,304,294,209,104,105,389,200,189
C0116,27,000,00000,MAHARASHTRA,037003, Kodava,36,19,17,0,0,0,36,19,17
C0116,27,000,00000,MAHARASHTRA,038000,38 DEORI ,5,2,3,1,0,1,4,2,2
C0116,27,000,00000,MAHARASHTRA,038001, Deori,5,2,3,1,0,1,4,2,2
C0116,27,000,00000,MAHARASHTRA,039000,39 DIMASA ,26,16,10,0,0,0,26,16,10
C0116,27,000,00000,MAHARASHTRA,039002, Dimasa,7,2,5,0,0,0,7,2,5
C0116,27,000,00000,MAHARASHTRA,039999,39 Others,19,14,5,0,0,0,19,14,5
C0116,27,000,00000,MAHARASHTRA,040000,40 ENGLISH ,106656,51200,55456,1848,1012,836,104808,50188,54620
C0116,27,000,00000,MAHARASHTRA,040001, English,106656,51200,55456,1848,1012,836,104808,50188,54620
C0116,27,000,00000,MAHARASHTRA,041000,41 GADABA ,9,2,7,1,0,1,8,2,6
C0116,27,000,00000,MAHARASHTRA,041001, Gadaba,4,0,4,1,0,1,3,0,3
C0116,27,000,00000,MAHARASHTRA,041999,41 Others,5,2,3,0,0,0,5,2,3
C0116,27,000,00000,MAHARASHTRA,042000,42 GANGTE ,16,9,7,1,1,0,15,8,7
C0116,27,000,00000,MAHARASHTRA,042001, Gangte,16,9,7,1,1,0,15,8,7
C0116,27,000,00000,MAHARASHTRA,043000,43 GARO ,117,63,54,0,0,0,117,63,54
C0116,27,000,00000,MAHARASHTRA,043005, Garo,103,55,48,0,0,0,103,55,48
C0116,27,000,00000,MAHARASHTRA,043999,43 Others,14,8,6,0,0,0,14,8,6
C0116,27,000,00000,MAHARASHTRA,044000,44 GONDI,458806,230177,228629,424148,212667,211481,34658,17510,17148
C0116,27,000,00000,MAHARASHTRA,044002, Dorli,50,28,22,0,0,0,50,28,22
C0116,27,000,00000,MAHARASHTRA,044007, Gondi,439084,219984,219100,406527,203538,202989,32557,16446,16111
C0116,27,000,00000,MAHARASHTRA,044013, Kalari,4484,2263,2221,4089,2058,2031,395,205,190
C0116,27,000,00000,MAHARASHTRA,044017, Maria/ Muria,2151,1172,979,2124,1155,969,27,17,10
C0116,27,000,00000,MAHARASHTRA,044999,44 Others,13037,6730,6307,11408,5916,5492,1629,814,815
C0116,27,000,00000,MAHARASHTRA,045000,45 HALABI,24950,12669,12281,8543,4294,4249,16407,8375,8032
C0116,27,000,00000,MAHARASHTRA,045001, Halabi,24947,12669,12278,8540,4294,4246,16407,8375,8032
C0116,27,000,00000,MAHARASHTRA,045999,45 Others,3,0,3,3,0,3,0,0,0
C0116,27,000,00000,MAHARASHTRA,046000,46 HALAM ,13,6,7,6,3,3,7,3,4
C0116,27,000,00000,MAHARASHTRA,046003, Halam,6,3,3,6,3,3,0,0,0
C0116,27,000,00000,MAHARASHTRA,046999,46 Others,7,3,4,0,0,0,7,3,4
C0116,27,000,00000,MAHARASHTRA,047000,47 HMAR,10,3,7,2,0,2,8,3,5
C0116,27,000,00000,MAHARASHTRA,047001, Hmar,10,3,7,2,0,2,8,3,5
C0116,27,000,00000,MAHARASHTRA,048000,48 HO,1470,736,734,983,492,491,487,244,243
C0116,27,000,00000,MAHARASHTRA,048004, Ho,57,29,28,14,7,7,43,22,21
C0116,27,000,00000,MAHARASHTRA,048007, Lohara,1413,707,706,969,485,484,444,222,222
C0116,27,000,00000,MAHARASHTRA,051000,51 KABUI ,57,25,32,2,0,2,55,25,30
C0116,27,000,00000,MAHARASHTRA,051003, Kabui,6,2,4,2,0,2,4,2,2
C0116,27,000,00000,MAHARASHTRA,051005, Rongmei,51,23,28,0,0,0,51,23,28
C0116,27,000,00000,MAHARASHTRA,052000,52 KARBI/MIKIR ,21,12,9,0,0,0,21,12,9
C0116,27,000,00000,MAHARASHTRA,052002, Karbi/Mikir,21,12,9,0,0,0,21,12,9
C0116,27,000,00000,MAHARASHTRA,053000,53 KHANDESHI,1616730,829828,786902,1441715,740455,701260,175015,89373,85642
C0116,27,000,00000,MAHARASHTRA,053002, Ahirani,1597606,820282,777324,1426392,732858,693534,171214,87424,83790
C0116,27,000,00000,MAHARASHTRA,053004, Dangi,12437,6120,6317,12361,6082,6279,76,38,38
C0116,27,000,00000,MAHARASHTRA,053005, Gujari,3081,1590,1491,2387,1213,1174,694,377,317
C0116,27,000,00000,MAHARASHTRA,053006, Khandeshi,2887,1466,1421,325,168,157,2562,1298,1264
C0116,27,000,00000,MAHARASHTRA,053999,53 Others,719,370,349,250,134,116,469,236,233
C0116,27,000,00000,MAHARASHTRA,054000,54 KHARIA ,341,190,151,85,50,35,256,140,116
C0116,27,000,00000,MAHARASHTRA,054005, Kharia,313,175,138,66,39,27,247,136,111
C0116,27,000,00000,MAHARASHTRA,054999,54 Others,28,15,13,19,11,8,9,4,5
C0116,27,000,00000,MAHARASHTRA,055000,55 KHASI ,249,125,124,13,9,4,236,116,120
C0116,27,000,00000,MAHARASHTRA,055007, Khasi,184,86,98,12,8,4,172,78,94
C0116,27,000,00000,MAHARASHTRA,055012, Pnar/Synteng,63,39,24,1,1,0,62,38,24
C0116,27,000,00000,MAHARASHTRA,055999,55 Others ,2,0,2,0,0,0,2,0,2
C0116,27,000,00000,MAHARASHTRA,056000,56 KHEZHA ,21,10,11,4,2,2,17,8,9
C0116,27,000,00000,MAHARASHTRA,056999,56 Others ,21,10,11,4,2,2,17,8,9
C0116,27,000,00000,MAHARASHTRA,058000,58 KHOND/KONDH ,29,16,13,1,1,0,28,15,13
C0116,27,000,00000,MAHARASHTRA,058001, Khond/Kondh,28,15,13,0,0,0,28,15,13
C0116,27,000,00000,MAHARASHTRA,058006, Kuvi,1,1,0,1,1,0,0,0,0
C0116,27,000,00000,MAHARASHTRA,059000,59 KINNAURI ,39,18,21,9,5,4,30,13,17
C0116,27,000,00000,MAHARASHTRA,059999,59 Others,39,18,21,9,5,4,30,13,17
C0116,27,000,00000,MAHARASHTRA,060000,60 KISAN ,44,26,18,17,10,7,27,16,11
C0116,27,000,00000,MAHARASHTRA,060002, Kisan,44,26,18,17,10,7,27,16,11
C0116,27,000,00000,MAHARASHTRA,061000,61 KOCH ,56,24,32,42,18,24,14,6,8
C0116,27,000,00000,MAHARASHTRA,061002, Koch,13,6,7,0,0,0,13,6,7
C0116,27,000,00000,MAHARASHTRA,061999,61 Others,43,18,25,42,18,24,1,0,1
C0116,27,000,00000,MAHARASHTRA,062000,62 KODA/KORA ,57,40,17,23,13,10,34,27,7
C0116,27,000,00000,MAHARASHTRA,062003, Koda/Kora,56,39,17,23,13,10,33,26,7
C0116,27,000,00000,MAHARASHTRA,062999,62 Others ,1,1,0,0,0,0,1,1,0
C0116,27,000,00000,MAHARASHTRA,063000,63 KOLAMI ,89170,44732,44438,87528,43912,43616,1642,820,822
C0116,27,000,00000,MAHARASHTRA,063001, Kolami,89170,44732,44438,87528,43912,43616,1642,820,822
C0116,27,000,00000,MAHARASHTRA,064000,64 KOM,35,15,20,7,4,3,28,11,17
C0116,27,000,00000,MAHARASHTRA,064001, Kom,35,15,20,7,4,3,28,11,17
C0116,27,000,00000,MAHARASHTRA,065000,65 KONDA,19,10,9,5,4,1,14,6,8
C0116,27,000,00000,MAHARASHTRA,065002, Kodu,7,6,1,4,4,0,3,2,1
C0116,27,000,00000,MAHARASHTRA,065003, Konda,12,4,8,1,0,1,11,4,7
C0116,27,000,00000,MAHARASHTRA,066000,66 KONYAK ,8,3,5,0,0,0,8,3,5
C0116,27,000,00000,MAHARASHTRA,066001, Konyak,8,3,5,0,0,0,8,3,5
C0116,27,000,00000,MAHARASHTRA,067000,67 KORKU ,255772,129982,125790,249636,126637,122999,6136,3345,2791
C0116,27,000,00000,MAHARASHTRA,067001, Korku,254216,129178,125038,248108,125848,122260,6108,3330,2778
C0116,27,000,00000,MAHARASHTRA,067004, Muwasi,150,81,69,124,67,57,26,14,12
C0116,27,000,00000,MAHARASHTRA,067999,67 Others ,1406,723,683,1404,722,682,2,1,1
C0116,27,000,00000,MAHARASHTRA,068000,68 KORWA ,1546,763,783,290,142,148,1256,621,635
C0116,27,000,00000,MAHARASHTRA,068003, Koraku,268,130,138,240,113,127,28,17,11
C0116,27,000,00000,MAHARASHTRA,068999,68 Others ,1278,633,645,50,29,21,1228,604,624
C0116,27,000,00000,MAHARASHTRA,069000,69 KOYA ,20,12,8,20,12,8,0,0,0
C0116,27,000,00000,MAHARASHTRA,069002, Koya,20,12,8,20,12,8,0,0,0
C0116,27,000,00000,MAHARASHTRA,071000,71 KUKI,273,136,137,45,22,23,228,114,114
C0116,27,000,00000,MAHARASHTRA,071008, Kuki,271,135,136,45,22,23,226,113,113
C0116,27,000,00000,MAHARASHTRA,071999,71 Others ,2,1,1,0,0,0,2,1,1
C0116,27,000,00000,MAHARASHTRA,072000,72 KURUKH/ORAON ,8239,4160,4079,6778,3388,3390,1461,772,689
C0116,27,000,00000,MAHARASHTRA,072024, Kurukh/Oraon,7019,3497,3522,6038,2999,3039,981,498,483
C0116,27,000,00000,MAHARASHTRA,072999,72 Others ,1220,663,557,740,389,351,480,274,206
C0116,27,000,00000,MAHARASHTRA,073000,73 LADAKHI ,14,7,7,1,1,0,13,6,7
C0116,27,000,00000,MAHARASHTRA,073003, Ladakhi,14,7,7,1,1,0,13,6,7
C0116,27,000,00000,MAHARASHTRA,074000,74 LAHAULI ,9,4,5,5,2,3,4,2,2
C0116,27,000,00000,MAHARASHTRA,074002, Lahauli,1,1,0,0,0,0,1,1,0
C0116,27,000,00000,MAHARASHTRA,074999,74 Others ,8,3,5,5,2,3,3,1,2
C0116,27,000,00000,MAHARASHTRA,075000,75 LAHNDA ,7271,3661,3610,4402,2206,2196,2869,1455,1414
C0116,27,000,00000,MAHARASHTRA,075001, Bahawal Puri,1933,996,937,44,22,22,1889,974,915
C0116,27,000,00000,MAHARASHTRA,075006, Hindi Multani,5163,2571,2592,4348,2177,2171,815,394,421
C0116,27,000,00000,MAHARASHTRA,075999,75 Others ,175,94,81,10,7,3,165,87,78
C0116,27,000,00000,MAHARASHTRA,076000,76 LAKHER,61,36,25,27,15,12,34,21,13
C0116,27,000,00000,MAHARASHTRA,076002, Mara,61,36,25,27,15,12,34,21,13
C0116,27,000,00000,MAHARASHTRA,078000,78 LEPCHA ,9,4,5,0,0,0,9,4,5
C0116,27,000,00000,MAHARASHTRA,078001, Lepcha,9,4,5,0,0,0,9,4,5
C0116,27,000,00000,MAHARASHTRA,079000,79 LIANGMEI ,74,30,44,0,0,0,74,30,44
C0116,27,000,00000,MAHARASHTRA,079002, Liangmei,11,3,8,0,0,0,11,3,8
C0116,27,000,00000,MAHARASHTRA,079999,79 Others ,63,27,36,0,0,0,63,27,36
C0116,27,000,00000,MAHARASHTRA,080000,80 LIMBU ,15,6,9,0,0,0,15,6,9
C0116,27,000,00000,MAHARASHTRA,080002, Limbu,13,5,8,0,0,0,13,5,8
C0116,27,000,00000,MAHARASHTRA,080999,80 Others ,2,1,1,0,0,0,2,1,1
C0116,27,000,00000,MAHARASHTRA,081000,81 LOTHA ,24,13,11,10,6,4,14,7,7
C0116,27,000,00000,MAHARASHTRA,081001, Lotha,24,13,11,10,6,4,14,7,7
C0116,27,000,00000,MAHARASHTRA,082000,82 LUSHAI/MIZO ,406,213,193,46,35,11,360,178,182
C0116,27,000,00000,MAHARASHTRA,082005, Lushai/Mizo,406,213,193,46,35,11,360,178,182
C0116,27,000,00000,MAHARASHTRA,083000,83 MALTO ,6,2,4,0,0,0,6,2,4
C0116,27,000,00000,MAHARASHTRA,083002, Pahariya,3,2,1,0,0,0,3,2,1
C0116,27,000,00000,MAHARASHTRA,083999,83 Others,3,0,3,0,0,0,3,0,3
C0116,27,000,00000,MAHARASHTRA,084000,84 MAO,23,8,15,5,3,2,18,5,13
C0116,27,000,00000,MAHARASHTRA,084001, Mao,23,8,15,5,3,2,18,5,13
C0116,27,000,00000,MAHARASHTRA,085000,85 MARAM,8,3,5,0,0,0,8,3,5
C0116,27,000,00000,MAHARASHTRA,085001, Maram ,8,3,5,0,0,0,8,3,5
C0116,27,000,00000,MAHARASHTRA,086000,86 MARING ,2,1,1,0,0,0,2,1,1
C0116,27,000,00000,MAHARASHTRA,086001, Maring,2,1,1,0,0,0,2,1,1
C0116,27,000,00000,MAHARASHTRA,087000,87 MIRI/MISHING,14,10,4,0,0,0,14,10,4
C0116,27,000,00000,MAHARASHTRA,087003, Miri/Mishing,14,10,4,0,0,0,14,10,4
C0116,27,000,00000,MAHARASHTRA,088000,88 MISHMI ,18,10,8,2,1,1,16,9,7
C0116,27,000,00000,MAHARASHTRA,088007, Mishmi,13,8,5,1,1,0,12,7,5
C0116,27,000,00000,MAHARASHTRA,088999,88 Others ,5,2,3,1,0,1,4,2,2
C0116,27,000,00000,MAHARASHTRA,089000,89 MOGH ,21,12,9,6,3,3,15,9,6
C0116,27,000,00000,MAHARASHTRA,089004, Mogh,21,12,9,6,3,3,15,9,6
C0116,27,000,00000,MAHARASHTRA,090000,90 MONPA ,8,4,4,0,0,0,8,4,4
C0116,27,000,00000,MAHARASHTRA,090003, Monpa,8,4,4,0,0,0,8,4,4
C0116,27,000,00000,MAHARASHTRA,091000,91 MUNDA,696,390,306,233,134,99,463,256,207
C0116,27,000,00000,MAHARASHTRA,091006, Kol,173,89,84,141,73,68,32,16,16
C0116,27,000,00000,MAHARASHTRA,091009, Munda,321,196,125,85,57,28,236,139,97
C0116,27,000,00000,MAHARASHTRA,091999,91 Others ,202,105,97,7,4,3,195,101,94
C0116,27,000,00000,MAHARASHTRA,092000,92 MUNDARI ,328,199,129,66,28,38,262,171,91
C0116,27,000,00000,MAHARASHTRA,092005, Mundari,319,194,125,65,27,38,254,167,87
C0116,27,000,00000,MAHARASHTRA,092999,92 Others,9,5,4,1,1,0,8,4,4
C0116,27,000,00000,MAHARASHTRA,094000,94 NISSI/DAFLA ,58,36,22,18,9,9,40,27,13
C0116,27,000,00000,MAHARASHTRA,094001, Apatani,9,6,3,2,1,1,7,5,2
C0116,27,000,00000,MAHARASHTRA,094007, Nissi/Dafla,21,13,8,2,0,2,19,13,6
C0116,27,000,00000,MAHARASHTRA,094008, Tagin,1,1,0,0,0,0,1,1,0
C0116,27,000,00000,MAHARASHTRA,094999,94 Others ,27,16,11,14,8,6,13,8,5
C0116,27,000,00000,MAHARASHTRA,095000,95 NOCTE ,1,1,0,1,1,0,0,0,0
C0116,27,000,00000,MAHARASHTRA,095999,95 Others ,1,1,0,1,1,0,0,0,0
C0116,27,000,00000,MAHARASHTRA,096000,96 PAITE,96,44,52,4,3,1,92,41,51
C0116,27,000,00000,MAHARASHTRA,096002, Paite,96,44,52,4,3,1,92,41,51
C0116,27,000,00000,MAHARASHTRA,097000,97 PARJI ,12,12,0,0,0,0,12,12,0
C0116,27,000,00000,MAHARASHTRA,097999,97 Others ,12,12,0,0,0,0,12,12,0
C0116,27,000,00000,MAHARASHTRA,098000,98 PAWI ,1,0,1,0,0,0,1,0,1
C0116,27,000,00000,MAHARASHTRA,098001, Pawi,1,0,1,0,0,0,1,0,1
C0116,27,000,00000,MAHARASHTRA,100000,100 PHOM ,1,1,0,0,0,0,1,1,0
C0116,27,000,00000,MAHARASHTRA,100001, Phom,1,1,0,0,0,0,1,1,0
C0116,27,000,00000,MAHARASHTRA,101000,101 POCHURY,4,1,3,1,1,0,3,0,3
C0116,27,000,00000,MAHARASHTRA,101006, Pochury,4,1,3,1,1,0,3,0,3
C0116,27,000,00000,MAHARASHTRA,102000,102 RABHA ,30,23,7,2,1,1,28,22,6
C0116,27,000,00000,MAHARASHTRA,102002, Rabha,30,23,7,2,1,1,28,22,6
C0116,27,000,00000,MAHARASHTRA,103000,103 RAI ,105,62,43,10,5,5,95,57,38
C0116,27,000,00000,MAHARASHTRA,103003, Rai,94,56,38,9,5,4,85,51,34
C0116,27,000,00000,MAHARASHTRA,103999,103 Others ,11,6,5,1,0,1,10,6,4
C0116,27,000,00000,MAHARASHTRA,105000,105 SANGTAM ,1,1,0,0,0,0,1,1,0
C0116,27,000,00000,MAHARASHTRA,105004, Sangtam,1,1,0,0,0,0,1,1,0
C0116,27,000,00000,MAHARASHTRA,106000,106 SAVARA,54,22,32,4,2,2,50,20,30
C0116,27,000,00000,MAHARASHTRA,106004, Savara,54,22,32,4,2,2,50,20,30
C0116,27,000,00000,MAHARASHTRA,107000,107 SEMA,68,37,31,4,2,2,64,35,29
C0116,27,000,00000,MAHARASHTRA,107002, Sema,68,37,31,4,2,2,64,35,29
C0116,27,000,00000,MAHARASHTRA,108000,108 SHERPA ,6,4,2,0,0,0,6,4,2
C0116,27,000,00000,MAHARASHTRA,108001, Sherpa,6,4,2,0,0,0,6,4,2
C0116,27,000,00000,MAHARASHTRA,109000,109 SHINA,12,5,7,2,1,1,10,4,6
C0116,27,000,00000,MAHARASHTRA,109005, Shina,3,0,3,0,0,0,3,0,3
C0116,27,000,00000,MAHARASHTRA,109999,109 Others ,9,5,4,2,1,1,7,4,3
C0116,27,000,00000,MAHARASHTRA,111000,111 TAMANG ,58,30,28,18,10,8,40,20,20
C0116,27,000,00000,MAHARASHTRA,111001, Tamang,58,30,28,18,10,8,40,20,20
C0116,27,000,00000,MAHARASHTRA,112000,112 TANGKHUL ,158,78,80,1,1,0,157,77,80
C0116,27,000,00000,MAHARASHTRA,112008, Tangkhul,157,78,79,1,1,0,156,77,79
C0116,27,000,00000,MAHARASHTRA,112999,112 Others ,1,0,1,0,0,0,1,0,1
C0116,27,000,00000,MAHARASHTRA,113000,113 TANGSA,15,6,9,4,2,2,11,4,7
C0116,27,000,00000,MAHARASHTRA,113024, Tutcha Tangsa,3,2,1,3,2,1,0,0,0
C0116,27,000,00000,MAHARASHTRA,113999,113 Others,12,4,8,1,0,1,11,4,7
C0116,27,000,00000,MAHARASHTRA,114000,114 THADO ,72,43,29,2,1,1,70,42,28
C0116,27,000,00000,MAHARASHTRA,114015, Thado,54,30,24,1,1,0,53,29,24
C0116,27,000,00000,MAHARASHTRA,114999,114 Others,18,13,5,1,0,1,17,13,4
C0116,27,000,00000,MAHARASHTRA,115000,115 TIBETAN ,1045,509,536,833,423,410,212,86,126
C0116,27,000,00000,MAHARASHTRA,115008, Tibetan,1029,499,530,830,421,409,199,78,121
C0116,27,000,00000,MAHARASHTRA,115011, Purkhi,6,4,2,0,0,0,6,4,2
C0116,27,000,00000,MAHARASHTRA,115999,115 Others,10,6,4,3,2,1,7,4,3
C0116,27,000,00000,MAHARASHTRA,116000,116 TRIPURI ,118,78,40,12,10,2,106,68,38
C0116,27,000,00000,MAHARASHTRA,116007, Kokbarak,50,35,15,7,5,2,43,30,13
C0116,27,000,00000,MAHARASHTRA,116011, Reang,4,1,3,0,0,0,4,1,3
C0116,27,000,00000,MAHARASHTRA,116014, Tripuri,57,39,18,5,5,0,52,34,18
C0116,27,000,00000,MAHARASHTRA,116999,116 Others ,7,3,4,0,0,0,7,3,4
C0116,27,000,00000,MAHARASHTRA,117000,117 TULU ,120072,61167,58905,2605,1363,1242,117467,59804,57663
C0116,27,000,00000,MAHARASHTRA,117009, Tulu,119293,60718,58575,2446,1261,1185,116847,59457,57390
C0116,27,000,00000,MAHARASHTRA,117999,117 Others ,779,449,330,159,102,57,620,347,273
C0116,27,000,00000,MAHARASHTRA,118000,118 VAIPHEI ,15,6,9,2,1,1,13,5,8
C0116,27,000,00000,MAHARASHTRA,118002, Vaiphei,15,6,9,2,1,1,13,5,8
C0116,27,000,00000,MAHARASHTRA,119000,119 WANCHO,3,2,1,0,0,0,3,2,1
C0116,27,000,00000,MAHARASHTRA,119001, Wancho,3,2,1,0,0,0,3,2,1
C0116,27,000,00000,MAHARASHTRA,120000,120 YIMCHUNGRE,13,9,4,2,1,1,11,8,3
C0116,27,000,00000,MAHARASHTRA,120001, Chirr,11,8,3,0,0,0,11,8,3
C0116,27,000,00000,MAHARASHTRA,120999,120 Others ,2,1,1,2,1,1,0,0,0
C0116,27,000,00000,MAHARASHTRA,121000,121 ZELIANG ,2,0,2,0,0,0,2,0,2
C0116,27,000,00000,MAHARASHTRA,121001, Zeliang,2,0,2,0,0,0,2,0,2
C0116,27,000,00000,MAHARASHTRA,122000,122 ZEMI ,68,48,20,3,2,1,65,46,19
C0116,27,000,00000,MAHARASHTRA,122003, Zemi,68,48,20,3,2,1,65,46,19
C0116,27,000,00000,MAHARASHTRA,124000,124 OTHERS,134081,68081,66000,65915,33381,32534,68166,34700,33466
C0116,28,000,00000,ANDHRA PRADESH,001000,1 ASSAMESE,2648,1847,801,449,348,101,2199,1499,700
C0116,28,000,00000,ANDHRA PRADESH,001002, Assamese,2573,1783,790,449,348,101,2124,1435,689
C0116,28,000,00000,ANDHRA PRADESH,001999,1 Others,75,64,11,0,0,0,75,64,11
C0116,28,000,00000,ANDHRA PRADESH,002000,2 BENGALI ,57804,32034,25770,21592,11867,9725,36212,20167,16045
C0116,28,000,00000,ANDHRA PRADESH,002007, Bengali,57785,32020,25765,21586,11862,9724,36199,20158,16041
C0116,28,000,00000,ANDHRA PRADESH,002011, Chakma,7,6,1,0,0,0,7,6,1
C0116,28,000,00000,ANDHRA PRADESH,002015, Haijong/Hajong,1,0,1,0,0,0,1,0,1
C0116,28,000,00000,ANDHRA PRADESH,002999,2 Others,11,8,3,6,5,1,5,3,2
C0116,28,000,00000,ANDHRA PRADESH,003000,3 BODO ,606,299,307,30,13,17,576,286,290
C0116,28,000,00000,ANDHRA PRADESH,003001, Bodo/Boro,135,75,60,8,5,3,127,70,57
C0116,28,000,00000,ANDHRA PRADESH,003003, Kachari,471,224,247,22,8,14,449,216,233
C0116,28,000,00000,ANDHRA PRADESH,004000,4 DOGRI ,769,568,201,37,29,8,732,539,193
C0116,28,000,00000,ANDHRA PRADESH,004001, Dogri,769,568,201,37,29,8,732,539,193
C0116,28,000,00000,ANDHRA PRADESH,005000,5 GUJARATI,58946,29851,29095,5348,2678,2670,53598,27173,26425
C0116,28,000,00000,ANDHRA PRADESH,005018, Gujarati,48359,24593,23766,3486,1788,1698,44873,22805,22068
C0116,28,000,00000,ANDHRA PRADESH,005019, Gujrao/Gujrau,1,1,0,1,1,0,0,0,0
C0116,28,000,00000,ANDHRA PRADESH,005052, Pattani,16,8,8,15,8,7,1,0,1
C0116,28,000,00000,ANDHRA PRADESH,005057, Saurashtra/Saurashtri,2323,1170,1153,42,24,18,2281,1146,1135
C0116,28,000,00000,ANDHRA PRADESH,005999,5 Others,8247,4079,4168,1804,857,947,6443,3222,3221
C0116,28,000,00000,ANDHRA PRADESH,006000,6 HINDI ,3120413,1615020,1505393,2255673,1155794,1099879,864740,459226,405514
C0116,28,000,00000,ANDHRA PRADESH,006030, Awadhi,42,27,15,0,0,0,42,27,15
C0116,28,000,00000,ANDHRA PRADESH,006040, Baghati/Baghati Pahari,11,7,4,8,4,4,3,3,0
C0116,28,000,00000,ANDHRA PRADESH,006066, Banjari,80355,41217,39138,71708,36566,35142,8647,4651,3996
C0116,28,000,00000,ANDHRA PRADESH,006086, Bhadrawahi,9,8,1,2,2,0,7,6,1
C0116,28,000,00000,ANDHRA PRADESH,006096, Bharmauri/Gaddi,24,14,10,1,0,1,23,14,9
C0116,28,000,00000,ANDHRA PRADESH,006102, Bhojpuri,8260,4925,3335,1131,748,383,7129,4177,2952
C0116,28,000,00000,ANDHRA PRADESH,006123, Brajbhasha,2,2,0,0,0,0,2,2,0
C0116,28,000,00000,ANDHRA PRADESH,006125, Bundeli/Bundel khandi,68,34,34,36,17,19,32,17,15
C0116,28,000,00000,ANDHRA PRADESH,006133, Chambeali/Chamrali,2,1,1,0,0,0,2,1,1
C0116,28,000,00000,ANDHRA PRADESH,006142, Chhattisgarhi,407,199,208,198,104,94,209,95,114
C0116,28,000,00000,ANDHRA PRADESH,006149, Churahi,5,2,3,0,0,0,5,2,3
C0116,28,000,00000,ANDHRA PRADESH,006173, Dhundhari,91,42,49,30,16,14,61,26,35
C0116,28,000,00000,ANDHRA PRADESH,006195, Garhwali,304,161,143,42,26,16,262,135,127
C0116,28,000,00000,ANDHRA PRADESH,006198, Gawari,24,14,10,2,2,0,22,12,10
C0116,28,000,00000,ANDHRA PRADESH,006207, Gojri/Gujjari/Gujar,28,25,3,0,0,0,28,25,3
C0116,28,000,00000,ANDHRA PRADESH,006232, Hara/Harauti,5,3,2,5,3,2,0,0,0
C0116,28,000,00000,ANDHRA PRADESH,006235, Haryanvi,560,316,244,58,36,22,502,280,222
C0116,28,000,00000,ANDHRA PRADESH,006240, Hindi,705179,379099,326080,134614,73321,61293,570565,305778,264787
C0116,28,000,00000,ANDHRA PRADESH,006265, Jaunpuri/Jaunsari,2,1,1,0,0,0,2,1,1
C0116,28,000,00000,ANDHRA PRADESH,006291, Kangri,4,3,1,0,0,0,4,3,1
C0116,28,000,00000,ANDHRA PRADESH,006311, Khari Boli,4,2,2,4,2,2,0,0,0
C0116,28,000,00000,ANDHRA PRADESH,006320, Khortha/Khotta,151,77,74,125,61,64,26,16,10
C0116,28,000,00000,ANDHRA PRADESH,006336, Kulvi,235,110,125,116,55,61,119,55,64
C0116,28,000,00000,ANDHRA PRADESH,006340, Kumauni,89,56,33,9,5,4,80,51,29
C0116,28,000,00000,ANDHRA PRADESH,006345, Kurmali Thar,9,6,3,0,0,0,9,6,3
C0116,28,000,00000,ANDHRA PRADESH,006353, Lamani/Lambadi,2024473,1033362,991111,1857980,947524,910456,166493,85838,80655
C0116,28,000,00000,ANDHRA PRADESH,006358, Lodhi,61,32,29,14,7,7,47,25,22
C0116,28,000,00000,ANDHRA PRADESH,006376, Magadhi/Magahi,120,66,54,6,3,3,114,63,51
C0116,28,000,00000,ANDHRA PRADESH,006391, Malvi,2,0,2,0,0,0,2,0,2
C0116,28,000,00000,ANDHRA PRADESH,006394, Mandeali,5,4,1,0,0,0,5,4,1
C0116,28,000,00000,ANDHRA PRADESH,006400, Marwari,76480,40127,36353,3578,2004,1574,72902,38123,34779
C0116,28,000,00000,ANDHRA PRADESH,006409, Mewati,8,3,5,8,3,5,0,0,0
C0116,28,000,00000,ANDHRA PRADESH,006420, Nagpuria,16,11,5,11,10,1,5,1,4
C0116,28,000,00000,ANDHRA PRADESH,006432, Nimadi,1,1,0,0,0,0,1,1,0
C0116,28,000,00000,ANDHRA PRADESH,006439, Pahari,238,163,75,11,7,4,227,156,71
C0116,28,000,00000,ANDHRA PRADESH,006452, Pando/Pandwani,1,0,1,1,0,1,0,0,0
C0116,28,000,00000,ANDHRA PRADESH,006489, Rajasthani,15662,8715,6947,3184,1861,1323,12478,6854,5624
C0116,28,000,00000,ANDHRA PRADESH,006503, Sadan/Sadri,56,28,28,18,8,10,38,20,18
C0116,28,000,00000,ANDHRA PRADESH,006530, Sirmauri,5,5,0,5,5,0,0,0,0
C0116,28,000,00000,ANDHRA PRADESH,006541, Sugali,170896,87032,83864,154333,78755,75578,16563,8277,8286
C0116,28,000,00000,ANDHRA PRADESH,006547, Surgujia,1,1,0,0,0,0,1,1,0
C0116,28,000,00000,ANDHRA PRADESH,006548, Surjapuri,1,0,1,0,0,0,1,0,1
C0116,28,000,00000,ANDHRA PRADESH,006999,6 Others,36517,19119,17398,28435,14639,13796,8082,4480,3602
C0116,28,000,00000,ANDHRA PRADESH,007000,7 KANNADA,534144,260573,273571,399952,193288,206664,134192,67285,66907
C0116,28,000,00000,ANDHRA PRADESH,007002, Badaga,662,313,349,626,300,326,36,13,23
C0116,28,000,00000,ANDHRA PRADESH,007016, Kannada,532937,259988,272949,399006,192834,206172,133931,67154,66777
C0116,28,000,00000,ANDHRA PRADESH,007027, Kuruba/Kurumba,55,25,30,55,25,30,0,0,0
C0116,28,000,00000,ANDHRA PRADESH,007041, Prakritha/Prakritha Bhasha,19,11,8,0,0,0,19,11,8
C0116,28,000,00000,ANDHRA PRADESH,007999,7 Others,471,236,235,265,129,136,206,107,99
C0116,28,000,00000,ANDHRA PRADESH,008000,8 KASHMIRI ,576,352,224,27,17,10,549,335,214
C0116,28,000,00000,ANDHRA PRADESH,008005, Kashmiri,567,345,222,27,17,10,540,328,212
C0116,28,000,00000,ANDHRA PRADESH,008010, Kishtwari,2,1,1,0,0,0,2,1,1
C0116,28,000,00000,ANDHRA PRADESH,008019, Dardi,7,6,1,0,0,0,7,6,1
C0116,28,000,00000,ANDHRA PRADESH,009000,9 KONKANI,2729,1274,1455,155,58,97,2574,1216,1358
C0116,28,000,00000,ANDHRA PRADESH,009011, Konkani,2650,1234,1416,124,46,78,2526,1188,1338
C0116,28,000,00000,ANDHRA PRADESH,009013, Kudubi/Kudumbi,7,3,4,0,0,0,7,3,4
C0116,28,000,00000,ANDHRA PRADESH,009016, Malwani,2,1,1,0,0,0,2,1,1
C0116,28,000,00000,ANDHRA PRADESH,009028, Gorboli/Goru/Gorwani,46,23,23,21,8,13,25,15,10
C0116,28,000,00000,ANDHRA PRADESH,009999,9 Others,24,13,11,10,4,6,14,9,5
C0116,28,000,00000,ANDHRA PRADESH,010000,10 MAITHILI ,2827,1532,1295,1642,857,785,1185,675,510
C0116,28,000,00000,ANDHRA PRADESH,010008, Maithili,2817,1526,1291,1638,855,783,1179,671,508
C0116,28,000,00000,ANDHRA PRADESH,010013, Thati,10,6,4,4,2,2,6,4,2
C0116,28,000,00000,ANDHRA PRADESH,011000,11 MALAYALAM,61147,29666,31481,8407,3829,4578,52740,25837,26903
C0116,28,000,00000,ANDHRA PRADESH,011016, Malayalam,61108,29648,31460,8378,3814,4564,52730,25834,26896
C0116,28,000,00000,ANDHRA PRADESH,011026, Yerava,14,6,8,10,4,6,4,2,2
C0116,28,000,00000,ANDHRA PRADESH,011999,11 Others,25,12,13,19,11,8,6,1,5
C0116,28,000,00000,ANDHRA PRADESH,012000,12 MANIPURI ,1356,698,658,241,165,76,1115,533,582
C0116,28,000,00000,ANDHRA PRADESH,012003, Manipuri,1356,698,658,241,165,76,1115,533,582
C0116,28,000,00000,ANDHRA PRADESH,013000,13 MARATHI ,674928,341066,333862,434526,218275,216251,240402,122791,117611
C0116,28,000,00000,ANDHRA PRADESH,013004, Are,3526,1747,1779,3443,1703,1740,83,44,39
C0116,28,000,00000,ANDHRA PRADESH,013060, Koli,12,5,7,7,3,4,5,2,3
C0116,28,000,00000,ANDHRA PRADESH,013071, Marathi,670048,338659,331389,430360,216225,214135,239688,122434,117254
C0116,28,000,00000,ANDHRA PRADESH,013999,13 Others,1342,655,687,716,344,372,626,311,315
C0116,28,000,00000,ANDHRA PRADESH,014000,14 NEPALI ,11551,6695,4856,2485,1497,988,9066,5198,3868
C0116,28,000,00000,ANDHRA PRADESH,014011, Nepali,11546,6694,4852,2482,1496,986,9064,5198,3866
C0116,28,000,00000,ANDHRA PRADESH,014999,14 Others,5,1,4,3,1,2,2,0,2
C0116,28,000,00000,ANDHRA PRADESH,015000,15 ODIA ,361471,183661,177810,263632,131557,132075,97839,52104,45735
C0116,28,000,00000,ANDHRA PRADESH,015006, Bhatri,12,7,5,0,0,0,12,7,5
C0116,28,000,00000,ANDHRA PRADESH,015014, Desia,1,1,0,1,1,0,0,0,0
C0116,28,000,00000,ANDHRA PRADESH,015043, Odia,344569,175376,169193,256261,127901,128360,88308,47475,40833
C0116,28,000,00000,ANDHRA PRADESH,015055, Relli,12153,5965,6188,4351,2162,2189,7802,3803,3999
C0116,28,000,00000,ANDHRA PRADESH,015999,15 Others,4736,2312,2424,3019,1493,1526,1717,819,898
C0116,28,000,00000,ANDHRA PRADESH,016000,16 PUNJABI ,24413,12941,11472,1901,1046,855,22512,11895,10617
C0116,28,000,00000,ANDHRA PRADESH,016002, Bagri,9,4,5,2,1,1,7,3,4
C0116,28,000,00000,ANDHRA PRADESH,016038, Punjabi,24379,12925,11454,1876,1034,842,22503,11891,10612
C0116,28,000,00000,ANDHRA PRADESH,016999,16 Others,25,12,13,23,11,12,2,1,1
C0116,28,000,00000,ANDHRA PRADESH,017000,17 SANSKRIT ,493,277,216,59,33,26,434,244,190
C0116,28,000,00000,ANDHRA PRADESH,017002, Sanskrit,493,277,216,59,33,26,434,244,190
C0116,28,000,00000,ANDHRA PRADESH,018000,18 SANTALI ,226,120,106,32,21,11,194,99,95
C0116,28,000,00000,ANDHRA PRADESH,018011, Mahili,1,1,0,0,0,0,1,1,0
C0116,28,000,00000,ANDHRA PRADESH,018040, Santali,219,115,104,32,21,11,187,94,93
C0116,28,000,00000,ANDHRA PRADESH,018999,18 Others,6,4,2,0,0,0,6,4,2
C0116,28,000,00000,ANDHRA PRADESH,019000,19 SINDHI,11299,5651,5648,188,96,92,11111,5555,5556
C0116,28,000,00000,ANDHRA PRADESH,019008, Kachchhi,989,475,514,35,16,19,954,459,495
C0116,28,000,00000,ANDHRA PRADESH,019014, Sindhi,10304,5173,5131,153,80,73,10151,5093,5058
C0116,28,000,00000,ANDHRA PRADESH,019999,19 Others,6,3,3,0,0,0,6,3,3
C0116,28,000,00000,ANDHRA PRADESH,020000,20 TAMIL ,713848,357579,356269,388188,193850,194338,325660,163729,161931
C0116,28,000,00000,ANDHRA PRADESH,020006, Irula/Irular Mozhi,1,1,0,0,0,0,1,1,0
C0116,28,000,00000,ANDHRA PRADESH,020009, Kaikadi,143,70,73,122,59,63,21,11,10
C0116,28,000,00000,ANDHRA PRADESH,020015, Korava,273,138,135,263,133,130,10,5,5
C0116,28,000,00000,ANDHRA PRADESH,020027, Tamil,625546,313271,312275,318459,158772,159687,307087,154499,152588
C0116,28,000,00000,ANDHRA PRADESH,020029, Yerukala/Yerukula,57595,28800,28795,39450,19790,19660,18145,9010,9135
C0116,28,000,00000,ANDHRA PRADESH,020999,20 Others,30290,15299,14991,29894,15096,14798,396,203,193
C0116,28,000,00000,ANDHRA PRADESH,021000,21 TELUGU ,70667780,35385456,35282324,49350893,24716157,24634736,21316887,10669299,10647588
C0116,28,000,00000,ANDHRA PRADESH,021046, Telugu,70662838,35382930,35279908,49347283,24714317,24632966,21315555,10668613,10646942
C0116,28,000,00000,ANDHRA PRADESH,021048, Vadari,635,327,308,507,261,246,128,66,62
C0116,28,000,00000,ANDHRA PRADESH,021999,21 Others,4307,2199,2108,3103,1579,1524,1204,620,584
C0116,28,000,00000,ANDHRA PRADESH,022000,22 URDU,7505623,3798603,3707020,2506042,1258234,1247808,4999581,2540369,2459212
C0116,28,000,00000,ANDHRA PRADESH,022015, Urdu,7504151,3797864,3706287,2505252,1257845,1247407,4998899,2540019,2458880
C0116,28,000,00000,ANDHRA PRADESH,022999,22 Others,1472,739,733,790,389,401,682,350,332
C0116,28,000,00000,ANDHRA PRADESH,023000,23 ADI ,50,31,19,5,3,2,45,28,17
C0116,28,000,00000,ANDHRA PRADESH,023003, Adi,37,23,14,5,3,2,32,20,12
C0116,28,000,00000,ANDHRA PRADESH,023040, Talgalo,1,0,1,0,0,0,1,0,1
C0116,28,000,00000,ANDHRA PRADESH,023999,23 Others,12,8,4,0,0,0,12,8,4
C0116,28,000,00000,ANDHRA PRADESH,024000,24 AFGHANI/KABULI/PASHTO ,15,13,2,1,1,0,14,12,2
C0116,28,000,00000,ANDHRA PRADESH,024001, Afghani/Kabuli/Pashto,11,9,2,1,1,0,10,8,2
C0116,28,000,00000,ANDHRA PRADESH,024999,24 Others,4,4,0,0,0,0,4,4,0
C0116,28,000,00000,ANDHRA PRADESH,025000,25 ANAL ,2,1,1,0,0,0,2,1,1
C0116,28,000,00000,ANDHRA PRADESH,025001, Anal,2,1,1,0,0,0,2,1,1
C0116,28,000,00000,ANDHRA PRADESH,026000,26 ANGAMI ,19,7,12,2,0,2,17,7,10
C0116,28,000,00000,ANDHRA PRADESH,026002, Angami,10,5,5,1,0,1,9,5,4
C0116,28,000,00000,ANDHRA PRADESH,026999,26 Others,9,2,7,1,0,1,8,2,6
C0116,28,000,00000,ANDHRA PRADESH,027000,27 AO ,29,16,13,0,0,0,29,16,13
C0116,28,000,00000,ANDHRA PRADESH,027001, Ao,22,14,8,0,0,0,22,14,8
C0116,28,000,00000,ANDHRA PRADESH,027003, Chungli,3,2,1,0,0,0,3,2,1
C0116,28,000,00000,ANDHRA PRADESH,027999,27 Others,4,0,4,0,0,0,4,0,4
C0116,28,000,00000,ANDHRA PRADESH,028000,28 ARABIC/ARBI ,1278,689,589,552,275,277,726,414,312
C0116,28,000,00000,ANDHRA PRADESH,028001, Arabic/Arbi,1278,689,589,552,275,277,726,414,312
C0116,28,000,00000,ANDHRA PRADESH,030000,30 BHILI/BHILODI ,5329,2628,2701,917,445,472,4412,2183,2229
C0116,28,000,00000,ANDHRA PRADESH,030002, Baori,5,2,3,4,1,3,1,1,0
C0116,28,000,00000,ANDHRA PRADESH,030003, Barel,167,91,76,167,91,76,0,0,0
C0116,28,000,00000,ANDHRA PRADESH,030011, Chodhari,4,1,3,0,0,0,4,1,3
C0116,28,000,00000,ANDHRA PRADESH,030015, Dhodia,5,3,2,0,0,0,5,3,2
C0116,28,000,00000,ANDHRA PRADESH,030035, Kokna/Kokni/Kukna,268,127,141,57,24,33,211,103,108
C0116,28,000,00000,ANDHRA PRADESH,030049, Mawchi,4,3,1,0,0,0,4,3,1
C0116,28,000,00000,ANDHRA PRADESH,030066, Paradhi,4064,2014,2050,62,33,29,4002,1981,2021
C0116,28,000,00000,ANDHRA PRADESH,030070, Rathi,4,2,2,0,0,0,4,2,2
C0116,28,000,00000,ANDHRA PRADESH,030073, Tadavi,1,0,1,1,0,1,0,0,0
C0116,28,000,00000,ANDHRA PRADESH,030078, Wagdi,28,14,14,14,7,7,14,7,7
C0116,28,000,00000,ANDHRA PRADESH,030999,30 Others,779,371,408,612,289,323,167,82,85
C0116,28,000,00000,ANDHRA PRADESH,031000,31 BHOTIA ,141,90,51,72,37,35,69,53,16
C0116,28,000,00000,ANDHRA PRADESH,031001, Bhotia,4,2,2,0,0,0,4,2,2
C0116,28,000,00000,ANDHRA PRADESH,031999,31 Others,137,88,49,72,37,35,65,51,14
C0116,28,000,00000,ANDHRA PRADESH,032000,32 BHUMIJ ,8,2,6,0,0,0,8,2,6
C0116,28,000,00000,ANDHRA PRADESH,032999,32 Others,8,2,6,0,0,0,8,2,6
C0116,28,000,00000,ANDHRA PRADESH,034000,34 CHAKHESANG ,1,0,1,0,0,0,1,0,1
C0116,28,000,00000,ANDHRA PRADESH,034001, Chakhesang,1,0,1,0,0,0,1,0,1
C0116,28,000,00000,ANDHRA PRADESH,035000,35 CHAKRU/CHOKRI ,2,2,0,0,0,0,2,2,0
C0116,28,000,00000,ANDHRA PRADESH,035001, Chakru/Chokri,2,2,0,0,0,0,2,2,0
C0116,28,000,00000,ANDHRA PRADESH,036000,36 CHANG ,4,3,1,1,1,0,3,2,1
C0116,28,000,00000,ANDHRA PRADESH,036001, Chang,4,3,1,1,1,0,3,2,1
C0116,28,000,00000,ANDHRA PRADESH,037000,37 COORGI/KODAGU ,62,32,30,9,4,5,53,28,25
C0116,28,000,00000,ANDHRA PRADESH,037001, Coorgi/Kodagu,62,32,30,9,4,5,53,28,25
C0116,28,000,00000,ANDHRA PRADESH,038000,38 DEORI ,8,3,5,2,1,1,6,2,4
C0116,28,000,00000,ANDHRA PRADESH,038001, Deori,8,3,5,2,1,1,6,2,4
C0116,28,000,00000,ANDHRA PRADESH,039000,39 DIMASA ,17,13,4,0,0,0,17,13,4
C0116,28,000,00000,ANDHRA PRADESH,039002, Dimasa,3,3,0,0,0,0,3,3,0
C0116,28,000,00000,ANDHRA PRADESH,039999,39 Others,14,10,4,0,0,0,14,10,4
C0116,28,000,00000,ANDHRA PRADESH,040000,40 ENGLISH ,13049,6622,6427,2064,1124,940,10985,5498,5487
C0116,28,000,00000,ANDHRA PRADESH,040001, English,13049,6622,6427,2064,1124,940,10985,5498,5487
C0116,28,000,00000,ANDHRA PRADESH,041000,41 GADABA ,7589,3670,3919,7531,3633,3898,58,37,21
C0116,28,000,00000,ANDHRA PRADESH,041001, Gadaba,7585,3668,3917,7531,3633,3898,54,35,19
C0116,28,000,00000,ANDHRA PRADESH,041999,41 Others,4,2,2,0,0,0,4,2,2
C0116,28,000,00000,ANDHRA PRADESH,043000,43 GARO ,151,75,76,127,61,66,24,14,10
C0116,28,000,00000,ANDHRA PRADESH,043005, Garo,28,16,12,4,2,2,24,14,10
C0116,28,000,00000,ANDHRA PRADESH,043999,43 Others,123,59,64,123,59,64,0,0,0
C0116,28,000,00000,ANDHRA PRADESH,044000,44 GONDI,214233,105999,108234,205295,101902,103393,8938,4097,4841
C0116,28,000,00000,ANDHRA PRADESH,044002, Dorli,3,1,2,3,1,2,0,0,0
C0116,28,000,00000,ANDHRA PRADESH,044007, Gondi,212263,105015,107248,204548,101515,103033,7715,3500,4215
C0116,28,000,00000,ANDHRA PRADESH,044013, Kalari,4,2,2,0,0,0,4,2,2
C0116,28,000,00000,ANDHRA PRADESH,044017, Maria/ Muria,2,1,1,0,0,0,2,1,1
C0116,28,000,00000,ANDHRA PRADESH,044999,44 Others,1961,980,981,744,386,358,1217,594,623
C0116,28,000,00000,ANDHRA PRADESH,045000,45 HALABI,7,5,2,3,3,0,4,2,2
C0116,28,000,00000,ANDHRA PRADESH,045001, Halabi,3,3,0,3,3,0,0,0,0
C0116,28,000,00000,ANDHRA PRADESH,045999,45 Others,4,2,2,0,0,0,4,2,2
C0116,28,000,00000,ANDHRA PRADESH,046000,46 HALAM ,6,3,3,0,0,0,6,3,3
C0116,28,000,00000,ANDHRA PRADESH,046003, Halam,3,2,1,0,0,0,3,2,1
C0116,28,000,00000,ANDHRA PRADESH,046999,46 Others,3,1,2,0,0,0,3,1,2
C0116,28,000,00000,ANDHRA PRADESH,047000,47 HMAR,16,8,8,0,0,0,16,8,8
C0116,28,000,00000,ANDHRA PRADESH,047001, Hmar,16,8,8,0,0,0,16,8,8
C0116,28,000,00000,ANDHRA PRADESH,048000,48 HO,15,9,6,3,1,2,12,8,4
C0116,28,000,00000,ANDHRA PRADESH,048004, Ho,15,9,6,3,1,2,12,8,4
C0116,28,000,00000,ANDHRA PRADESH,049000,49 JATAPU ,19913,9479,10434,19863,9453,10410,50,26,24
C0116,28,000,00000,ANDHRA PRADESH,049002, Jatapu,19907,9477,10430,19857,9451,10406,50,26,24
C0116,28,000,00000,ANDHRA PRADESH,049999,49 Others,6,2,4,6,2,4,0,0,0
C0116,28,000,00000,ANDHRA PRADESH,051000,51 KABUI ,33,8,25,4,1,3,29,7,22
C0116,28,000,00000,ANDHRA PRADESH,051003, Kabui,3,1,2,1,1,0,2,0,2
C0116,28,000,00000,ANDHRA PRADESH,051005, Rongmei,30,7,23,3,0,3,27,7,20
C0116,28,000,00000,ANDHRA PRADESH,053000,53 KHANDESHI,9,6,3,6,4,2,3,2,1
C0116,28,000,00000,ANDHRA PRADESH,053002, Ahirani,1,1,0,0,0,0,1,1,0
C0116,28,000,00000,ANDHRA PRADESH,053005, Gujari,8,5,3,6,4,2,2,1,1
C0116,28,000,00000,ANDHRA PRADESH,054000,54 KHARIA ,77,35,42,10,3,7,67,32,35
C0116,28,000,00000,ANDHRA PRADESH,054005, Kharia,77,35,42,10,3,7,67,32,35
C0116,28,000,00000,ANDHRA PRADESH,055000,55 KHASI ,31,18,13,3,3,0,28,15,13
C0116,28,000,00000,ANDHRA PRADESH,055007, Khasi,26,14,12,2,2,0,24,12,12
C0116,28,000,00000,ANDHRA PRADESH,055009, Lyngngam,2,2,0,1,1,0,1,1,0
C0116,28,000,00000,ANDHRA PRADESH,055012, Pnar/Synteng,3,2,1,0,0,0,3,2,1
C0116,28,000,00000,ANDHRA PRADESH,056000,56 KHEZHA ,7,4,3,1,1,0,6,3,3
C0116,28,000,00000,ANDHRA PRADESH,056003, Khezha,1,0,1,0,0,0,1,0,1
C0116,28,000,00000,ANDHRA PRADESH,056999,56 Others ,6,4,2,1,1,0,5,3,2
C0116,28,000,00000,ANDHRA PRADESH,058000,58 KHOND/KONDH ,39564,18974,20590,39459,18914,20545,105,60,45
C0116,28,000,00000,ANDHRA PRADESH,058001, Khond/Kondh,2235,1135,1100,2181,1102,1079,54,33,21
C0116,28,000,00000,ANDHRA PRADESH,058006, Kuvi,37329,17839,19490,37278,17812,19466,51,27,24
C0116,28,000,00000,ANDHRA PRADESH,059000,59 KINNAURI ,12,5,7,1,1,0,11,4,7
C0116,28,000,00000,ANDHRA PRADESH,059999,59 Others,12,5,7,1,1,0,11,4,7
C0116,28,000,00000,ANDHRA PRADESH,061000,61 KOCH ,11,6,5,1,1,0,10,5,5
C0116,28,000,00000,ANDHRA PRADESH,061002, Koch,11,6,5,1,1,0,10,5,5
C0116,28,000,00000,ANDHRA PRADESH,062000,62 KODA/KORA ,78,39,39,75,39,36,3,0,3
C0116,28,000,00000,ANDHRA PRADESH,062003, Koda/Kora,78,39,39,75,39,36,3,0,3
C0116,28,000,00000,ANDHRA PRADESH,063000,63 KOLAMI ,39120,19624,19496,38530,19248,19282,590,376,214
C0116,28,000,00000,ANDHRA PRADESH,063001, Kolami,39120,19624,19496,38530,19248,19282,590,376,214
C0116,28,000,00000,ANDHRA PRADESH,064000,64 KOM,7,1,6,4,0,4,3,1,2
C0116,28,000,00000,ANDHRA PRADESH,064001, Kom,7,1,6,4,0,4,3,1,2
C0116,28,000,00000,ANDHRA PRADESH,065000,65 KONDA,58115,28748,29367,56920,27790,29130,1195,958,237
C0116,28,000,00000,ANDHRA PRADESH,065002, Kodu,31954,15768,16186,30876,14895,15981,1078,873,205
C0116,28,000,00000,ANDHRA PRADESH,065003, Konda,24714,12228,12486,24610,12154,12456,104,74,30
C0116,28,000,00000,ANDHRA PRADESH,065999,65 Others ,1447,752,695,1434,741,693,13,11,2
C0116,28,000,00000,ANDHRA PRADESH,066000,66 KONYAK ,6,1,5,0,0,0,6,1,5
C0116,28,000,00000,ANDHRA PRADESH,066001, Konyak,6,1,5,0,0,0,6,1,5
C0116,28,000,00000,ANDHRA PRADESH,067000,67 KORKU ,3,3,0,0,0,0,3,3,0
C0116,28,000,00000,ANDHRA PRADESH,067001, Korku,1,1,0,0,0,0,1,1,0
C0116,28,000,00000,ANDHRA PRADESH,067999,67 Others ,2,2,0,0,0,0,2,2,0
C0116,28,000,00000,ANDHRA PRADESH,068000,68 KORWA ,22,11,11,17,8,9,5,3,2
C0116,28,000,00000,ANDHRA PRADESH,068999,68 Others ,22,11,11,17,8,9,5,3,2
C0116,28,000,00000,ANDHRA PRADESH,069000,69 KOYA ,262560,127946,134614,258154,125783,132371,4406,2163,2243
C0116,28,000,00000,ANDHRA PRADESH,069002, Koya,262560,127946,134614,258154,125783,132371,4406,2163,2243
C0116,28,000,00000,ANDHRA PRADESH,070000,70 KUI ,1549,727,822,1525,718,807,24,9,15
C0116,28,000,00000,ANDHRA PRADESH,070001, Kui,1549,727,822,1525,718,807,24,9,15
C0116,28,000,00000,ANDHRA PRADESH,071000,71 KUKI,79,47,32,13,7,6,66,40,26
C0116,28,000,00000,ANDHRA PRADESH,071008, Kuki,79,47,32,13,7,6,66,40,26
C0116,28,000,00000,ANDHRA PRADESH,072000,72 KURUKH/ORAON ,66,32,34,9,4,5,57,28,29
C0116,28,000,00000,ANDHRA PRADESH,072024, Kurukh/Oraon,66,32,34,9,4,5,57,28,29
C0116,28,000,00000,ANDHRA PRADESH,073000,73 LADAKHI ,5,3,2,3,1,2,2,2,0
C0116,28,000,00000,ANDHRA PRADESH,073003, Ladakhi,5,3,2,3,1,2,2,2,0
C0116,28,000,00000,ANDHRA PRADESH,074000,74 LAHAULI ,2,1,1,0,0,0,2,1,1
C0116,28,000,00000,ANDHRA PRADESH,074999,74 Others ,2,1,1,0,0,0,2,1,1
C0116,28,000,00000,ANDHRA PRADESH,075000,75 LAHNDA ,6007,2996,3011,5972,2975,2997,35,21,14
C0116,28,000,00000,ANDHRA PRADESH,075006, Hindi Multani,5997,2989,3008,5972,2975,2997,25,14,11
C0116,28,000,00000,ANDHRA PRADESH,075999,75 Others ,10,7,3,0,0,0,10,7,3
C0116,28,000,00000,ANDHRA PRADESH,076000,76 LAKHER,17,13,4,6,3,3,11,10,1
C0116,28,000,00000,ANDHRA PRADESH,076002, Mara,17,13,4,6,3,3,11,10,1
C0116,28,000,00000,ANDHRA PRADESH,078000,78 LEPCHA ,3,2,1,0,0,0,3,2,1
C0116,28,000,00000,ANDHRA PRADESH,078001, Lepcha,3,2,1,0,0,0,3,2,1
C0116,28,000,00000,ANDHRA PRADESH,079000,79 LIANGMEI ,8,3,5,1,1,0,7,2,5
C0116,28,000,00000,ANDHRA PRADESH,079002, Liangmei,1,1,0,1,1,0,0,0,0
C0116,28,000,00000,ANDHRA PRADESH,079999,79 Others ,7,2,5,0,0,0,7,2,5
C0116,28,000,00000,ANDHRA PRADESH,080000,80 LIMBU ,2,1,1,2,1,1,0,0,0
C0116,28,000,00000,ANDHRA PRADESH,080999,80 Others ,2,1,1,2,1,1,0,0,0
C0116,28,000,00000,ANDHRA PRADESH,081000,81 LOTHA ,18,9,9,0,0,0,18,9,9
C0116,28,000,00000,ANDHRA PRADESH,081001, Lotha,18,9,9,0,0,0,18,9,9
C0116,28,000,00000,ANDHRA PRADESH,082000,82 LUSHAI/MIZO ,274,168,106,25,14,11,249,154,95
C0116,28,000,00000,ANDHRA PRADESH,082005, Lushai/Mizo,274,168,106,25,14,11,249,154,95
C0116,28,000,00000,ANDHRA PRADESH,083000,83 MALTO ,8,5,3,4,2,2,4,3,1
C0116,28,000,00000,ANDHRA PRADESH,083002, Pahariya,7,5,2,3,2,1,4,3,1
C0116,28,000,00000,ANDHRA PRADESH,083999,83 Others,1,0,1,1,0,1,0,0,0
C0116,28,000,00000,ANDHRA PRADESH,084000,84 MAO,10,5,5,0,0,0,10,5,5
C0116,28,000,00000,ANDHRA PRADESH,084001, Mao,6,3,3,0,0,0,6,3,3
C0116,28,000,00000,ANDHRA PRADESH,084999,84 Others ,4,2,2,0,0,0,4,2,2
C0116,28,000,00000,ANDHRA PRADESH,085000,85 MARAM,1,0,1,0,0,0,1,0,1
C0116,28,000,00000,ANDHRA PRADESH,085001, Maram ,1,0,1,0,0,0,1,0,1
C0116,28,000,00000,ANDHRA PRADESH,088000,88 MISHMI ,1,0,1,0,0,0,1,0,1
C0116,28,000,00000,ANDHRA PRADESH,088007, Mishmi,1,0,1,0,0,0,1,0,1
C0116,28,000,00000,ANDHRA PRADESH,089000,89 MOGH ,2,1,1,0,0,0,2,1,1
C0116,28,000,00000,ANDHRA PRADESH,089004, Mogh,2,1,1,0,0,0,2,1,1
C0116,28,000,00000,ANDHRA PRADESH,090000,90 MONPA ,6,4,2,0,0,0,6,4,2
C0116,28,000,00000,ANDHRA PRADESH,090003, Monpa,6,4,2,0,0,0,6,4,2
C0116,28,000,00000,ANDHRA PRADESH,091000,91 MUNDA,58,26,32,8,3,5,50,23,27
C0116,28,000,00000,ANDHRA PRADESH,091006, Kol,6,2,4,5,2,3,1,0,1
C0116,28,000,00000,ANDHRA PRADESH,091009, Munda,42,19,23,3,1,2,39,18,21
C0116,28,000,00000,ANDHRA PRADESH,091999,91 Others ,10,5,5,0,0,0,10,5,5
C0116,28,000,00000,ANDHRA PRADESH,092000,92 MUNDARI ,47,32,15,6,4,2,41,28,13
C0116,28,000,00000,ANDHRA PRADESH,092005, Mundari,47,32,15,6,4,2,41,28,13
C0116,28,000,00000,ANDHRA PRADESH,093000,93 NICOBARESE ,5,4,1,0,0,0,5,4,1
C0116,28,000,00000,ANDHRA PRADESH,093001, Nicobarese,5,4,1,0,0,0,5,4,1
C0116,28,000,00000,ANDHRA PRADESH,094000,94 NISSI/DAFLA ,15,7,8,8,5,3,7,2,5
C0116,28,000,00000,ANDHRA PRADESH,094001, Apatani,3,0,3,0,0,0,3,0,3
C0116,28,000,00000,ANDHRA PRADESH,094007, Nissi/Dafla,9,6,3,8,5,3,1,1,0
C0116,28,000,00000,ANDHRA PRADESH,094008, Tagin,1,0,1,0,0,0,1,0,1
C0116,28,000,00000,ANDHRA PRADESH,094999,94 Others ,2,1,1,0,0,0,2,1,1
C0116,28,000,00000,ANDHRA PRADESH,096000,96 PAITE,22,11,11,0,0,0,22,11,11
C0116,28,000,00000,ANDHRA PRADESH,096002, Paite,22,11,11,0,0,0,22,11,11
C0116,28,000,00000,ANDHRA PRADESH,097000,97 PARJI ,395,206,189,379,190,189,16,16,0
C0116,28,000,00000,ANDHRA PRADESH,097001, Dhurwa,6,4,2,6,4,2,0,0,0
C0116,28,000,00000,ANDHRA PRADESH,097999,97 Others ,389,202,187,373,186,187,16,16,0
C0116,28,000,00000,ANDHRA PRADESH,100000,100 PHOM ,3,0,3,0,0,0,3,0,3
C0116,28,000,00000,ANDHRA PRADESH,100001, Phom,3,0,3,0,0,0,3,0,3
C0116,28,000,00000,ANDHRA PRADESH,101000,101 POCHURY,4,2,2,0,0,0,4,2,2
C0116,28,000,00000,ANDHRA PRADESH,101006, Pochury,4,2,2,0,0,0,4,2,2
C0116,28,000,00000,ANDHRA PRADESH,102000,102 RABHA ,1,1,0,1,1,0,0,0,0
C0116,28,000,00000,ANDHRA PRADESH,102002, Rabha,1,1,0,1,1,0,0,0,0
C0116,28,000,00000,ANDHRA PRADESH,104000,104 RENGMA ,5,2,3,1,0,1,4,2,2
C0116,28,000,00000,ANDHRA PRADESH,104001, Rengma,5,2,3,1,0,1,4,2,2
C0116,28,000,00000,ANDHRA PRADESH,106000,106 SAVARA,74605,36777,37828,73659,36245,37414,946,532,414
C0116,28,000,00000,ANDHRA PRADESH,106004, Savara,74605,36777,37828,73659,36245,37414,946,532,414
C0116,28,000,00000,ANDHRA PRADESH,107000,107 SEMA,11,5,6,2,0,2,9,5,4
C0116,28,000,00000,ANDHRA PRADESH,107002, Sema,11,5,6,2,0,2,9,5,4
C0116,28,000,00000,ANDHRA PRADESH,108000,108 SHERPA ,19,14,5,0,0,0,19,14,5
C0116,28,000,00000,ANDHRA PRADESH,108001, Sherpa,19,14,5,0,0,0,19,14,5
C0116,28,000,00000,ANDHRA PRADESH,111000,111 TAMANG ,1,1,0,0,0,0,1,1,0
C0116,28,000,00000,ANDHRA PRADESH,111001, Tamang,1,1,0,0,0,0,1,1,0
C0116,28,000,00000,ANDHRA PRADESH,112000,112 TANGKHUL ,8,5,3,0,0,0,8,5,3
C0116,28,000,00000,ANDHRA PRADESH,112008, Tangkhul,8,5,3,0,0,0,8,5,3
C0116,28,000,00000,ANDHRA PRADESH,113000,113 TANGSA,3,0,3,0,0,0,3,0,3
C0116,28,000,00000,ANDHRA PRADESH,113999,113 Others,3,0,3,0,0,0,3,0,3
C0116,28,000,00000,ANDHRA PRADESH,114000,114 THADO ,361,194,167,320,173,147,41,21,20
C0116,28,000,00000,ANDHRA PRADESH,114015, Thado,354,190,164,320,173,147,34,17,17
C0116,28,000,00000,ANDHRA PRADESH,114999,114 Others,7,4,3,0,0,0,7,4,3
C0116,28,000,00000,ANDHRA PRADESH,115000,115 TIBETAN ,32,17,15,16,12,4,16,5,11
C0116,28,000,00000,ANDHRA PRADESH,115008, Tibetan,19,8,11,9,8,1,10,0,10
C0116,28,000,00000,ANDHRA PRADESH,115011, Purkhi,1,1,0,0,0,0,1,1,0
C0116,28,000,00000,ANDHRA PRADESH,115999,115 Others,12,8,4,7,4,3,5,4,1
C0116,28,000,00000,ANDHRA PRADESH,116000,116 TRIPURI ,39,24,15,2,2,0,37,22,15
C0116,28,000,00000,ANDHRA PRADESH,116007, Kokbarak,25,13,12,2,2,0,23,11,12
C0116,28,000,00000,ANDHRA PRADESH,116011, Reang,1,0,1,0,0,0,1,0,1
C0116,28,000,00000,ANDHRA PRADESH,116014, Tripuri,13,11,2,0,0,0,13,11,2
C0116,28,000,00000,ANDHRA PRADESH,117000,117 TULU ,572,296,276,57,31,26,515,265,250
C0116,28,000,00000,ANDHRA PRADESH,117009, Tulu,516,263,253,31,16,15,485,247,238
C0116,28,000,00000,ANDHRA PRADESH,117999,117 Others ,56,33,23,26,15,11,30,18,12
C0116,28,000,00000,ANDHRA PRADESH,118000,118 VAIPHEI ,106,51,55,90,44,46,16,7,9
C0116,28,000,00000,ANDHRA PRADESH,118002, Vaiphei,106,51,55,90,44,46,16,7,9
C0116,28,000,00000,ANDHRA PRADESH,119000,119 WANCHO,7,2,5,0,0,0,7,2,5
C0116,28,000,00000,ANDHRA PRADESH,119001, Wancho,7,2,5,0,0,0,7,2,5
C0116,28,000,00000,ANDHRA PRADESH,121000,121 ZELIANG ,1,1,0,0,0,0,1,1,0
C0116,28,000,00000,ANDHRA PRADESH,121001, Zeliang,1,1,0,0,0,0,1,1,0
C0116,28,000,00000,ANDHRA PRADESH,123000,123 ZOU ,30,8,22,0,0,0,30,8,22
C0116,28,000,00000,ANDHRA PRADESH,123001, Zou,30,8,22,0,0,0,30,8,22
C0116,28,000,00000,ANDHRA PRADESH,124000,124 OTHERS,19173,9851,9322,8462,4356,4106,10711,5495,5216
C0116,29,000,00000,KARNATAKA,001000,1 ASSAMESE,9871,7083,2788,2984,2299,685,6887,4784,2103
C0116,29,000,00000,KARNATAKA,001002, Assamese,9724,7018,2706,2971,2293,678,6753,4725,2028
C0116,29,000,00000,KARNATAKA,001999,1 Others,147,65,82,13,6,7,134,59,75
C0116,29,000,00000,KARNATAKA,002000,2 BENGALI ,87963,52733,35230,21595,12970,8625,66368,39763,26605
C0116,29,000,00000,KARNATAKA,002007, Bengali,87889,52678,35211,21592,12967,8625,66297,39711,26586
C0116,29,000,00000,KARNATAKA,002011, Chakma,52,42,10,1,1,0,51,41,10
C0116,29,000,00000,KARNATAKA,002015, Haijong/Hajong,1,1,0,1,1,0,0,0,0
C0116,29,000,00000,KARNATAKA,002999,2 Others,21,12,9,1,1,0,20,11,9
C0116,29,000,00000,KARNATAKA,003000,3 BODO ,439,311,128,183,132,51,256,179,77
C0116,29,000,00000,KARNATAKA,003001, Bodo/Boro,430,304,126,182,131,51,248,173,75
C0116,29,000,00000,KARNATAKA,003003, Kachari,9,7,2,1,1,0,8,6,2
C0116,29,000,00000,KARNATAKA,004000,4 DOGRI ,834,565,269,116,83,33,718,482,236
C0116,29,000,00000,KARNATAKA,004001, Dogri,834,565,269,116,83,33,718,482,236
C0116,29,000,00000,KARNATAKA,005000,5 GUJARATI,114616,58706,55910,11083,5655,5428,103533,53051,50482
C0116,29,000,00000,KARNATAKA,005018, Gujarati,66265,34044,32221,8979,4578,4401,57286,29466,27820
C0116,29,000,00000,KARNATAKA,005052, Pattani,42,21,21,0,0,0,42,21,21
C0116,29,000,00000,KARNATAKA,005054, Ponchi,6,6,0,0,0,0,6,6,0
C0116,29,000,00000,KARNATAKA,005057, Saurashtra/Saurashtri,4399,2273,2126,56,26,30,4343,2247,2096
C0116,29,000,00000,KARNATAKA,005999,5 Others,43904,22362,21542,2048,1051,997,41856,21311,20545
C0116,29,000,00000,KARNATAKA,006000,6 HINDI ,2013364,1090678,922686,1088225,568591,519634,925139,522087,403052
C0116,29,000,00000,KARNATAKA,006030, Awadhi,53,36,17,7,7,0,46,29,17
C0116,29,000,00000,KARNATAKA,006040, Baghati/Baghati Pahari,8,3,5,3,2,1,5,1,4
C0116,29,000,00000,KARNATAKA,006042, Bagheli/Baghel Khandi,26,14,12,3,2,1,23,12,11
C0116,29,000,00000,KARNATAKA,006066, Banjari,25373,12997,12376,21309,10928,10381,4064,2069,1995
C0116,29,000,00000,KARNATAKA,006086, Bhadrawahi,8,6,2,5,3,2,3,3,0
C0116,29,000,00000,KARNATAKA,006096, Bharmauri/Gaddi,79,44,35,7,3,4,72,41,31
C0116,29,000,00000,KARNATAKA,006102, Bhojpuri,7675,5360,2315,1285,940,345,6390,4420,1970
C0116,29,000,00000,KARNATAKA,006123, Brajbhasha,5,3,2,0,0,0,5,3,2
C0116,29,000,00000,KARNATAKA,006125, Bundeli/Bundel khandi,31,25,6,9,9,0,22,16,6
C0116,29,000,00000,KARNATAKA,006142, Chhattisgarhi,139,101,38,51,44,7,88,57,31
C0116,29,000,00000,KARNATAKA,006149, Churahi,1,0,1,0,0,0,1,0,1
C0116,29,000,00000,KARNATAKA,006173, Dhundhari,87,44,43,54,28,26,33,16,17
C0116,29,000,00000,KARNATAKA,006195, Garhwali,381,264,117,77,69,8,304,195,109
C0116,29,000,00000,KARNATAKA,006207, Gojri/Gujjari/Gujar,77,48,29,6,4,2,71,44,27
C0116,29,000,00000,KARNATAKA,006232, Hara/Harauti,1,1,0,1,1,0,0,0,0
C0116,29,000,00000,KARNATAKA,006235, Haryanvi,690,464,226,108,71,37,582,393,189
C0116,29,000,00000,KARNATAKA,006240, Hindi,871809,500980,370829,199158,113205,85953,672651,387775,284876
C0116,29,000,00000,KARNATAKA,006265, Jaunpuri/Jaunsari,1,1,0,0,0,0,1,1,0
C0116,29,000,00000,KARNATAKA,006291, Kangri,1,1,0,1,1,0,0,0,0
C0116,29,000,00000,KARNATAKA,006311, Khari Boli,13,7,6,8,3,5,5,4,1
C0116,29,000,00000,KARNATAKA,006320, Khortha/Khotta,15,10,5,9,8,1,6,2,4
C0116,29,000,00000,KARNATAKA,006340, Kumauni,201,151,50,68,64,4,133,87,46
C0116,29,000,00000,KARNATAKA,006345, Kurmali Thar,16,10,6,0,0,0,16,10,6
C0116,29,000,00000,KARNATAKA,006353, Lamani/Lambadi,974622,498768,475854,859726,439403,420323,114896,59365,55531
C0116,29,000,00000,KARNATAKA,006358, Lodhi,3,2,1,0,0,0,3,2,1
C0116,29,000,00000,KARNATAKA,006376, Magadhi/Magahi,144,97,47,19,11,8,125,86,39
C0116,29,000,00000,KARNATAKA,006391, Malvi,20,16,4,0,0,0,20,16,4
C0116,29,000,00000,KARNATAKA,006394, Mandeali,3,3,0,2,2,0,1,1,0
C0116,29,000,00000,KARNATAKA,006400, Marwari,100214,52962,47252,2398,1346,1052,97816,51616,46200
C0116,29,000,00000,KARNATAKA,006408, Mewari,9,7,2,0,0,0,9,7,2
C0116,29,000,00000,KARNATAKA,006409, Mewati,6,4,2,0,0,0,6,4,2
C0116,29,000,00000,KARNATAKA,006420, Nagpuria,25,20,5,11,8,3,14,12,2
C0116,29,000,00000,KARNATAKA,006432, Nimadi,11,6,5,0,0,0,11,6,5
C0116,29,000,00000,KARNATAKA,006438, Padari,1,1,0,1,1,0,0,0,0
C0116,29,000,00000,KARNATAKA,006439, Pahari,163,102,61,23,19,4,140,83,57
C0116,29,000,00000,KARNATAKA,006466, Pawari/Powari,34,15,19,32,15,17,2,0,2
C0116,29,000,00000,KARNATAKA,006489, Rajasthani,24087,13472,10615,2198,1297,901,21889,12175,9714
C0116,29,000,00000,KARNATAKA,006503, Sadan/Sadri,152,79,73,34,15,19,118,64,54
C0116,29,000,00000,KARNATAKA,006541, Sugali,76,37,39,23,12,11,53,25,28
C0116,29,000,00000,KARNATAKA,006548, Surjapuri,13,13,0,2,2,0,11,11,0
C0116,29,000,00000,KARNATAKA,006999,6 Others,7091,4504,2587,1587,1068,519,5504,3436,2068
C0116,29,000,00000,KARNATAKA,007000,7 KANNADA,40651090,20567090,20084000,29040962,14670153,14370809,11610128,5896937,5713191
C0116,29,000,00000,KARNATAKA,007002, Badaga,619,315,304,42,24,18,577,291,286
C0116,29,000,00000,KARNATAKA,007016, Kannada,40622836,20552989,20069847,29019265,14659315,14359950,11603571,5893674,5709897
C0116,29,000,00000,KARNATAKA,007027, Kuruba/Kurumba,15674,7781,7893,15073,7477,7596,601,304,297
C0116,29,000,00000,KARNATAKA,007041, Prakritha/Prakritha Bhasha,385,194,191,19,10,9,366,184,182
C0116,29,000,00000,KARNATAKA,007999,7 Others,11576,5811,5765,6563,3327,3236,5013,2484,2529
C0116,29,000,00000,KARNATAKA,008000,8 KASHMIRI ,3388,1914,1474,833,436,397,2555,1478,1077
C0116,29,000,00000,KARNATAKA,008005, Kashmiri,2972,1718,1254,434,246,188,2538,1472,1066
C0116,29,000,00000,KARNATAKA,008010, Kishtwari,1,0,1,0,0,0,1,0,1
C0116,29,000,00000,KARNATAKA,008019, Dardi,403,192,211,399,190,209,4,2,2
C0116,29,000,00000,KARNATAKA,008999,8 Others,12,4,8,0,0,0,12,4,8
C0116,29,000,00000,KARNATAKA,009000,9 KONKANI,788294,387080,401214,357372,176623,180749,430922,210457,220465
C0116,29,000,00000,KARNATAKA,009011, Konkani,764196,375201,388995,340350,168230,172120,423846,206971,216875
C0116,29,000,00000,KARNATAKA,009013, Kudubi/Kudumbi,9053,4562,4491,8453,4259,4194,600,303,297
C0116,29,000,00000,KARNATAKA,009016, Malwani,14,8,6,5,3,2,9,5,4
C0116,29,000,00000,KARNATAKA,009020, Nawait,12775,6129,6646,7009,3327,3682,5766,2802,2964
C0116,29,000,00000,KARNATAKA,009028, Gorboli/Goru/Gorwani,21,12,9,0,0,0,21,12,9
C0116,29,000,00000,KARNATAKA,009999,9 Others,2235,1168,1067,1555,804,751,680,364,316
C0116,29,000,00000,KARNATAKA,010000,10 MAITHILI ,1810,1118,692,163,111,52,1647,1007,640
C0116,29,000,00000,KARNATAKA,010008, Maithili,1757,1078,679,134,89,45,1623,989,634
C0116,29,000,00000,KARNATAKA,010011, Purbi Maithili,1,1,0,0,0,0,1,1,0
C0116,29,000,00000,KARNATAKA,010013, Thati,42,29,13,20,13,7,22,16,6
C0116,29,000,00000,KARNATAKA,010014, Tharu,10,10,0,9,9,0,1,1,0
C0116,29,000,00000,KARNATAKA,011000,11 MALAYALAM,774057,388391,385666,339952,168875,171077,434105,219516,214589
C0116,29,000,00000,KARNATAKA,011016, Malayalam,745903,374572,371331,312494,155400,157094,433409,219172,214237
C0116,29,000,00000,KARNATAKA,011023, Pania,257,116,141,247,114,133,10,2,8
C0116,29,000,00000,KARNATAKA,011026, Yerava,26536,13005,13531,25889,12687,13202,647,318,329
C0116,29,000,00000,KARNATAKA,011999,11 Others,1361,698,663,1322,674,648,39,24,15
C0116,29,000,00000,KARNATAKA,012000,12 MANIPURI ,4103,2526,1577,303,220,83,3800,2306,1494
C0116,29,000,00000,KARNATAKA,012003, Manipuri,4073,2505,1568,303,220,83,3770,2285,1485
C0116,29,000,00000,KARNATAKA,012999,12 Others,30,21,9,0,0,0,30,21,9
C0116,29,000,00000,KARNATAKA,013000,13 MARATHI ,2064906,1044408,1020498,1237722,627205,610517,827184,417203,409981
C0116,29,000,00000,KARNATAKA,013004, Are,50339,25008,25331,45914,22949,22965,4425,2059,2366
C0116,29,000,00000,KARNATAKA,013060, Koli,9,5,4,1,1,0,8,4,4
C0116,29,000,00000,KARNATAKA,013071, Marathi,2013090,1018672,994418,1190734,603735,586999,822356,414937,407419
C0116,29,000,00000,KARNATAKA,013999,13 Others,1468,723,745,1073,520,553,395,203,192
C0116,29,000,00000,KARNATAKA,014000,14 NEPALI ,19274,11453,7821,3940,2564,1376,15334,8889,6445
C0116,29,000,00000,KARNATAKA,014011, Nepali,19263,11448,7815,3940,2564,1376,15323,8884,6439
C0116,29,000,00000,KARNATAKA,014999,14 Others,11,5,6,0,0,0,11,5,6
C0116,29,000,00000,KARNATAKA,015000,15 ODIA ,64119,43456,20663,16212,11177,5035,47907,32279,15628
C0116,29,000,00000,KARNATAKA,015006, Bhatri,2,0,2,0,0,0,2,0,2
C0116,29,000,00000,KARNATAKA,015007, Bhuiya/Bhuyan[Ori],1,1,0,0,0,0,1,1,0
C0116,29,000,00000,KARNATAKA,015043, Odia,63917,43350,20567,16077,11104,4973,47840,32246,15594
C0116,29,000,00000,KARNATAKA,015058, Sambalpuri,22,6,16,16,4,12,6,2,4
C0116,29,000,00000,KARNATAKA,015999,15 Others,177,99,78,119,69,50,58,30,28
C0116,29,000,00000,KARNATAKA,016000,16 PUNJABI ,25981,13832,12149,1085,657,428,24896,13175,11721
C0116,29,000,00000,KARNATAKA,016002, Bagri,3,2,1,0,0,0,3,2,1
C0116,29,000,00000,KARNATAKA,016038, Punjabi,25910,13793,12117,1081,653,428,24829,13140,11689
C0116,29,000,00000,KARNATAKA,016999,16 Others,68,37,31,4,4,0,64,33,31
C0116,29,000,00000,KARNATAKA,017000,17 SANSKRIT ,1218,698,520,202,163,39,1016,535,481
C0116,29,000,00000,KARNATAKA,017002, Sanskrit,1218,698,520,202,163,39,1016,535,481
C0116,29,000,00000,KARNATAKA,018000,18 SANTALI ,311,199,112,76,51,25,235,148,87
C0116,29,000,00000,KARNATAKA,018011, Mahili,9,4,5,0,0,0,9,4,5
C0116,29,000,00000,KARNATAKA,018040, Santali,300,194,106,75,50,25,225,144,81
C0116,29,000,00000,KARNATAKA,018999,18 Others,2,1,1,1,1,0,1,0,1
C0116,29,000,00000,KARNATAKA,019000,19 SINDHI,16954,8349,8605,86,44,42,16868,8305,8563
C0116,29,000,00000,KARNATAKA,019002, Bhatia,15,7,8,0,0,0,15,7,8
C0116,29,000,00000,KARNATAKA,019008, Kachchhi,2008,980,1028,19,13,6,1989,967,1022
C0116,29,000,00000,KARNATAKA,019014, Sindhi,14923,7357,7566,67,31,36,14856,7326,7530
C0116,29,000,00000,KARNATAKA,019999,19 Others,8,5,3,0,0,0,8,5,3
C0116,29,000,00000,KARNATAKA,020000,20 TAMIL ,2110128,1066935,1043193,332578,169630,162948,1777550,897305,880245
C0116,29,000,00000,KARNATAKA,020009, Kaikadi,523,251,272,282,133,149,241,118,123
C0116,29,000,00000,KARNATAKA,020015, Korava,8385,4195,4190,3769,1879,1890,4616,2316,2300
C0116,29,000,00000,KARNATAKA,020027, Tamil,2101032,1062389,1038643,328485,167600,160885,1772547,894789,877758
C0116,29,000,00000,KARNATAKA,020999,20 Others,188,100,88,42,18,24,146,82,64
C0116,29,000,00000,KARNATAKA,021000,21 TELUGU ,3569400,1798848,1770552,1617894,809080,808814,1951506,989768,961738
C0116,29,000,00000,KARNATAKA,021046, Telugu,3565618,1796969,1768649,1616012,808160,807852,1949606,988809,960797
C0116,29,000,00000,KARNATAKA,021048, Vadari,204,97,107,176,84,92,28,13,15
C0116,29,000,00000,KARNATAKA,021999,21 Others,3578,1782,1796,1706,836,870,1872,946,926
C0116,29,000,00000,KARNATAKA,022000,22 URDU,6618324,3360902,3257422,2142104,1087181,1054923,4476220,2273721,2202499
C0116,29,000,00000,KARNATAKA,022015, Urdu,6617850,3360644,3257206,2141897,1087067,1054830,4475953,2273577,2202376
C0116,29,000,00000,KARNATAKA,022016, Bhansari,27,17,10,15,9,6,12,8,4
C0116,29,000,00000,KARNATAKA,022999,22 Others,447,241,206,192,105,87,255,136,119
C0116,29,000,00000,KARNATAKA,023000,23 ADI ,136,62,74,32,12,20,104,50,54
C0116,29,000,00000,KARNATAKA,023003, Adi,61,30,31,13,7,6,48,23,25
C0116,29,000,00000,KARNATAKA,023006, Adi Gallong/Gallong,7,0,7,0,0,0,7,0,7
C0116,29,000,00000,KARNATAKA,023010, Adi Miniyong/Miniyong,2,0,2,1,0,1,1,0,1
C0116,29,000,00000,KARNATAKA,023040, Talgalo,26,13,13,6,1,5,20,12,8
C0116,29,000,00000,KARNATAKA,023999,23 Others,40,19,21,12,4,8,28,15,13
C0116,29,000,00000,KARNATAKA,024000,24 AFGHANI/KABULI/PASHTO ,27,27,0,0,0,0,27,27,0
C0116,29,000,00000,KARNATAKA,024001, Afghani/Kabuli/Pashto,21,21,0,0,0,0,21,21,0
C0116,29,000,00000,KARNATAKA,024999,24 Others,6,6,0,0,0,0,6,6,0
C0116,29,000,00000,KARNATAKA,025000,25 ANAL ,14,7,7,2,2,0,12,5,7
C0116,29,000,00000,KARNATAKA,025001, Anal,14,7,7,2,2,0,12,5,7
C0116,29,000,00000,KARNATAKA,026000,26 ANGAMI ,57,24,33,2,1,1,55,23,32
C0116,29,000,00000,KARNATAKA,026002, Angami,51,23,28,2,1,1,49,22,27
C0116,29,000,00000,KARNATAKA,026999,26 Others,6,1,5,0,0,0,6,1,5
C0116,29,000,00000,KARNATAKA,027000,27 AO ,60,33,27,4,4,0,56,29,27
C0116,29,000,00000,KARNATAKA,027001, Ao,26,13,13,2,2,0,24,11,13
C0116,29,000,00000,KARNATAKA,027005, Mongsen,3,2,1,2,2,0,1,0,1
C0116,29,000,00000,KARNATAKA,027999,27 Others,31,18,13,0,0,0,31,18,13
C0116,29,000,00000,KARNATAKA,028000,28 ARABIC/ARBI ,1159,725,434,552,281,271,607,444,163
C0116,29,000,00000,KARNATAKA,028001, Arabic/Arbi,1159,725,434,552,281,271,607,444,163
C0116,29,000,00000,KARNATAKA,030000,30 BHILI/BHILODI ,2621,1318,1303,1667,843,824,954,475,479
C0116,29,000,00000,KARNATAKA,030002, Baori,2,1,1,0,0,0,2,1,1
C0116,29,000,00000,KARNATAKA,030003, Barel,1,1,0,0,0,0,1,1,0
C0116,29,000,00000,KARNATAKA,030006, Bhilali,1,1,0,1,1,0,0,0,0
C0116,29,000,00000,KARNATAKA,030007, Bhili/Bhilodi,4,2,2,0,0,0,4,2,2
C0116,29,000,00000,KARNATAKA,030011, Chodhari,29,15,14,0,0,0,29,15,14
C0116,29,000,00000,KARNATAKA,030035, Kokna/Kokni/Kukna,55,31,24,18,12,6,37,19,18
C0116,29,000,00000,KARNATAKA,030049, Mawchi,5,4,1,0,0,0,5,4,1
C0116,29,000,00000,KARNATAKA,030066, Paradhi,454,234,220,197,106,91,257,128,129
C0116,29,000,00000,KARNATAKA,030073, Tadavi,3,1,2,0,0,0,3,1,2
C0116,29,000,00000,KARNATAKA,030078, Wagdi,575,276,299,393,186,207,182,90,92
C0116,29,000,00000,KARNATAKA,030999,30 Others,1492,752,740,1058,538,520,434,214,220
C0116,29,000,00000,KARNATAKA,031000,31 BHOTIA ,888,630,258,488,424,64,400,206,194
C0116,29,000,00000,KARNATAKA,031001, Bhotia,366,354,12,344,344,0,22,10,12
C0116,29,000,00000,KARNATAKA,031999,31 Others,522,276,246,144,80,64,378,196,182
C0116,29,000,00000,KARNATAKA,032000,32 BHUMIJ ,11,7,4,2,1,1,9,6,3
C0116,29,000,00000,KARNATAKA,032999,32 Others,11,7,4,2,1,1,9,6,3
C0116,29,000,00000,KARNATAKA,033000,33 BISHNUPURIYA,15,9,6,0,0,0,15,9,6
C0116,29,000,00000,KARNATAKA,033003, Bishnupriya Manipuri/Manipuri Bishnupriya,2,1,1,0,0,0,2,1,1
C0116,29,000,00000,KARNATAKA,033999,33 Others,13,8,5,0,0,0,13,8,5
C0116,29,000,00000,KARNATAKA,034000,34 CHAKHESANG ,2,1,1,0,0,0,2,1,1
C0116,29,000,00000,KARNATAKA,034001, Chakhesang,2,1,1,0,0,0,2,1,1
C0116,29,000,00000,KARNATAKA,035000,35 CHAKRU/CHOKRI ,13,6,7,0,0,0,13,6,7
C0116,29,000,00000,KARNATAKA,035001, Chakru/Chokri,13,6,7,0,0,0,13,6,7
C0116,29,000,00000,KARNATAKA,036000,36 CHANG ,3,2,1,1,1,0,2,1,1
C0116,29,000,00000,KARNATAKA,036001, Chang,3,2,1,1,1,0,2,1,1
C0116,29,000,00000,KARNATAKA,037000,37 COORGI/KODAGU ,110508,54404,56104,76421,37859,38562,34087,16545,17542
C0116,29,000,00000,KARNATAKA,037001, Coorgi/Kodagu,13630,6600,7030,693,350,343,12937,6250,6687
C0116,29,000,00000,KARNATAKA,037003, Kodava,96878,47804,49074,75728,37509,38219,21150,10295,10855
C0116,29,000,00000,KARNATAKA,038000,38 DEORI ,17,9,8,0,0,0,17,9,8
C0116,29,000,00000,KARNATAKA,038001, Deori,17,9,8,0,0,0,17,9,8
C0116,29,000,00000,KARNATAKA,039000,39 DIMASA ,20,14,6,2,1,1,18,13,5
C0116,29,000,00000,KARNATAKA,039002, Dimasa,18,13,5,0,0,0,18,13,5
C0116,29,000,00000,KARNATAKA,039999,39 Others,2,1,1,2,1,1,0,0,0
C0116,29,000,00000,KARNATAKA,040000,40 ENGLISH ,23227,11724,11503,1691,924,767,21536,10800,10736
C0116,29,000,00000,KARNATAKA,040001, English,23227,11724,11503,1691,924,767,21536,10800,10736
C0116,29,000,00000,KARNATAKA,041000,41 GADABA ,5,1,4,1,0,1,4,1,3
C0116,29,000,00000,KARNATAKA,041001, Gadaba,5,1,4,1,0,1,4,1,3
C0116,29,000,00000,KARNATAKA,042000,42 GANGTE ,10,6,4,0,0,0,10,6,4
C0116,29,000,00000,KARNATAKA,042001, Gangte,10,6,4,0,0,0,10,6,4
C0116,29,000,00000,KARNATAKA,043000,43 GARO ,41,17,24,5,2,3,36,15,21
C0116,29,000,00000,KARNATAKA,043005, Garo,41,17,24,5,2,3,36,15,21
C0116,29,000,00000,KARNATAKA,044000,44 GONDI,1145,562,583,285,147,138,860,415,445
C0116,29,000,00000,KARNATAKA,044002, Dorli,1,1,0,0,0,0,1,1,0
C0116,29,000,00000,KARNATAKA,044007, Gondi,1012,501,511,283,147,136,729,354,375
C0116,29,000,00000,KARNATAKA,044013, Kalari,4,2,2,0,0,0,4,2,2
C0116,29,000,00000,KARNATAKA,044017, Maria/ Muria,4,1,3,0,0,0,4,1,3
C0116,29,000,00000,KARNATAKA,044999,44 Others,124,57,67,2,0,2,122,57,65
C0116,29,000,00000,KARNATAKA,045000,45 HALABI,76,37,39,13,6,7,63,31,32
C0116,29,000,00000,KARNATAKA,045001, Halabi,1,0,1,1,0,1,0,0,0
C0116,29,000,00000,KARNATAKA,045999,45 Others,75,37,38,12,6,6,63,31,32
C0116,29,000,00000,KARNATAKA,046000,46 HALAM ,7,5,2,0,0,0,7,5,2
C0116,29,000,00000,KARNATAKA,046003, Halam,4,2,2,0,0,0,4,2,2
C0116,29,000,00000,KARNATAKA,046999,46 Others,3,3,0,0,0,0,3,3,0
C0116,29,000,00000,KARNATAKA,047000,47 HMAR,24,10,14,0,0,0,24,10,14
C0116,29,000,00000,KARNATAKA,047001, Hmar,24,10,14,0,0,0,24,10,14
C0116,29,000,00000,KARNATAKA,048000,48 HO,23,11,12,0,0,0,23,11,12
C0116,29,000,00000,KARNATAKA,048004, Ho,15,8,7,0,0,0,15,8,7
C0116,29,000,00000,KARNATAKA,048007, Lohara,8,3,5,0,0,0,8,3,5
C0116,29,000,00000,KARNATAKA,049000,49 JATAPU ,6,3,3,0,0,0,6,3,3
C0116,29,000,00000,KARNATAKA,049999,49 Others,6,3,3,0,0,0,6,3,3
C0116,29,000,00000,KARNATAKA,051000,51 KABUI ,44,25,19,0,0,0,44,25,19
C0116,29,000,00000,KARNATAKA,051003, Kabui,6,4,2,0,0,0,6,4,2
C0116,29,000,00000,KARNATAKA,051005, Rongmei,38,21,17,0,0,0,38,21,17
C0116,29,000,00000,KARNATAKA,052000,52 KARBI/MIKIR ,38,31,7,7,7,0,31,24,7
C0116,29,000,00000,KARNATAKA,052002, Karbi/Mikir,38,31,7,7,7,0,31,24,7
C0116,29,000,00000,KARNATAKA,053000,53 KHANDESHI,490,248,242,487,246,241,3,2,1
C0116,29,000,00000,KARNATAKA,053002, Ahirani,6,4,2,3,2,1,3,2,1
C0116,29,000,00000,KARNATAKA,053999,53 Others,484,244,240,484,244,240,0,0,0
C0116,29,000,00000,KARNATAKA,054000,54 KHARIA ,66,31,35,18,18,0,48,13,35
C0116,29,000,00000,KARNATAKA,054005, Kharia,61,28,33,15,15,0,46,13,33
C0116,29,000,00000,KARNATAKA,054999,54 Others,5,3,2,3,3,0,2,0,2
C0116,29,000,00000,KARNATAKA,055000,55 KHASI ,359,180,179,98,66,32,261,114,147
C0116,29,000,00000,KARNATAKA,055007, Khasi,257,122,135,57,33,24,200,89,111
C0116,29,000,00000,KARNATAKA,055009, Lyngngam,2,2,0,1,1,0,1,1,0
C0116,29,000,00000,KARNATAKA,055012, Pnar/Synteng,97,55,42,40,32,8,57,23,34
C0116,29,000,00000,KARNATAKA,055999,55 Others ,3,1,2,0,0,0,3,1,2
C0116,29,000,00000,KARNATAKA,056000,56 KHEZHA ,11,5,6,0,0,0,11,5,6
C0116,29,000,00000,KARNATAKA,056003, Khezha,7,3,4,0,0,0,7,3,4
C0116,29,000,00000,KARNATAKA,056999,56 Others ,4,2,2,0,0,0,4,2,2
C0116,29,000,00000,KARNATAKA,057000,57 KHIEMNUNGAN,6,3,3,0,0,0,6,3,3
C0116,29,000,00000,KARNATAKA,057999,57 Others ,6,3,3,0,0,0,6,3,3
C0116,29,000,00000,KARNATAKA,058000,58 KHOND/KONDH ,125,62,63,118,58,60,7,4,3
C0116,29,000,00000,KARNATAKA,058001, Khond/Kondh,125,62,63,118,58,60,7,4,3
C0116,29,000,00000,KARNATAKA,059000,59 KINNAURI ,54,40,14,34,28,6,20,12,8
C0116,29,000,00000,KARNATAKA,059003, Kinnauri,54,40,14,34,28,6,20,12,8
C0116,29,000,00000,KARNATAKA,060000,60 KISAN ,4,3,1,1,1,0,3,2,1
C0116,29,000,00000,KARNATAKA,060002, Kisan,4,3,1,1,1,0,3,2,1
C0116,29,000,00000,KARNATAKA,061000,61 KOCH ,3,0,3,0,0,0,3,0,3
C0116,29,000,00000,KARNATAKA,061002, Koch,3,0,3,0,0,0,3,0,3
C0116,29,000,00000,KARNATAKA,062000,62 KODA/KORA ,227,124,103,85,46,39,142,78,64
C0116,29,000,00000,KARNATAKA,062003, Koda/Kora,227,124,103,85,46,39,142,78,64
C0116,29,000,00000,KARNATAKA,064000,64 KOM,71,40,31,10,7,3,61,33,28
C0116,29,000,00000,KARNATAKA,064001, Kom,71,40,31,10,7,3,61,33,28
C0116,29,000,00000,KARNATAKA,065000,65 KONDA,12,8,4,5,5,0,7,3,4
C0116,29,000,00000,KARNATAKA,065002, Kodu,4,4,0,4,4,0,0,0,0
C0116,29,000,00000,KARNATAKA,065003, Konda,8,4,4,1,1,0,7,3,4
C0116,29,000,00000,KARNATAKA,066000,66 KONYAK ,5,5,0,1,1,0,4,4,0
C0116,29,000,00000,KARNATAKA,066001, Konyak,5,5,0,1,1,0,4,4,0
C0116,29,000,00000,KARNATAKA,067000,67 KORKU ,7,4,3,3,1,2,4,3,1
C0116,29,000,00000,KARNATAKA,067001, Korku,7,4,3,3,1,2,4,3,1
C0116,29,000,00000,KARNATAKA,068000,68 KORWA ,132,74,58,10,5,5,122,69,53
C0116,29,000,00000,KARNATAKA,068003, Koraku,4,3,1,0,0,0,4,3,1
C0116,29,000,00000,KARNATAKA,068999,68 Others ,128,71,57,10,5,5,118,66,52
C0116,29,000,00000,KARNATAKA,069000,69 KOYA ,29,12,17,29,12,17,0,0,0
C0116,29,000,00000,KARNATAKA,069002, Koya,29,12,17,29,12,17,0,0,0
C0116,29,000,00000,KARNATAKA,070000,70 KUI ,4,2,2,0,0,0,4,2,2
C0116,29,000,00000,KARNATAKA,070001, Kui,4,2,2,0,0,0,4,2,2
C0116,29,000,00000,KARNATAKA,071000,71 KUKI,111,54,57,4,2,2,107,52,55
C0116,29,000,00000,KARNATAKA,071008, Kuki,108,51,57,4,2,2,104,49,55
C0116,29,000,00000,KARNATAKA,071999,71 Others ,3,3,0,0,0,0,3,3,0
C0116,29,000,00000,KARNATAKA,072000,72 KURUKH/ORAON ,284,134,150,117,66,51,167,68,99
C0116,29,000,00000,KARNATAKA,072024, Kurukh/Oraon,281,132,149,116,65,51,165,67,98
C0116,29,000,00000,KARNATAKA,072999,72 Others ,3,2,1,1,1,0,2,1,1
C0116,29,000,00000,KARNATAKA,073000,73 LADAKHI ,666,625,41,578,548,30,88,77,11
C0116,29,000,00000,KARNATAKA,073003, Ladakhi,666,625,41,578,548,30,88,77,11
C0116,29,000,00000,KARNATAKA,075000,75 LAHNDA ,289,147,142,15,6,9,274,141,133
C0116,29,000,00000,KARNATAKA,075006, Hindi Multani,14,7,7,0,0,0,14,7,7
C0116,29,000,00000,KARNATAKA,075999,75 Others ,275,140,135,15,6,9,260,134,126
C0116,29,000,00000,KARNATAKA,076000,76 LAKHER,66,37,29,20,12,8,46,25,21
C0116,29,000,00000,KARNATAKA,076002, Mara,66,37,29,20,12,8,46,25,21
C0116,29,000,00000,KARNATAKA,078000,78 LEPCHA ,21,11,10,2,2,0,19,9,10
C0116,29,000,00000,KARNATAKA,078001, Lepcha,21,11,10,2,2,0,19,9,10
C0116,29,000,00000,KARNATAKA,080000,80 LIMBU ,4,1,3,0,0,0,4,1,3
C0116,29,000,00000,KARNATAKA,080002, Limbu,4,1,3,0,0,0,4,1,3
C0116,29,000,00000,KARNATAKA,081000,81 LOTHA ,43,19,24,0,0,0,43,19,24
C0116,29,000,00000,KARNATAKA,081001, Lotha,43,19,24,0,0,0,43,19,24
C0116,29,000,00000,KARNATAKA,082000,82 LUSHAI/MIZO ,453,191,262,28,9,19,425,182,243
C0116,29,000,00000,KARNATAKA,082005, Lushai/Mizo,453,191,262,28,9,19,425,182,243
C0116,29,000,00000,KARNATAKA,083000,83 MALTO ,6,5,1,0,0,0,6,5,1
C0116,29,000,00000,KARNATAKA,083002, Pahariya,6,5,1,0,0,0,6,5,1
C0116,29,000,00000,KARNATAKA,084000,84 MAO,49,27,22,17,15,2,32,12,20
C0116,29,000,00000,KARNATAKA,084001, Mao,25,13,12,8,8,0,17,5,12
C0116,29,000,00000,KARNATAKA,084003, Paola,23,13,10,8,6,2,15,7,8
C0116,29,000,00000,KARNATAKA,084999,84 Others ,1,1,0,1,1,0,0,0,0
C0116,29,000,00000,KARNATAKA,085000,85 MARAM,6,0,6,5,0,5,1,0,1
C0116,29,000,00000,KARNATAKA,085001, Maram ,6,0,6,5,0,5,1,0,1
C0116,29,000,00000,KARNATAKA,086000,86 MARING ,8,5,3,2,1,1,6,4,2
C0116,29,000,00000,KARNATAKA,086001, Maring,8,5,3,2,1,1,6,4,2
C0116,29,000,00000,KARNATAKA,087000,87 MIRI/MISHING,8,5,3,0,0,0,8,5,3
C0116,29,000,00000,KARNATAKA,087003, Miri/Mishing,8,5,3,0,0,0,8,5,3
C0116,29,000,00000,KARNATAKA,088000,88 MISHMI ,2,2,0,0,0,0,2,2,0
C0116,29,000,00000,KARNATAKA,088999,88 Others ,2,2,0,0,0,0,2,2,0
C0116,29,000,00000,KARNATAKA,089000,89 MOGH ,33,32,1,0,0,0,33,32,1
C0116,29,000,00000,KARNATAKA,089004, Mogh,32,32,0,0,0,0,32,32,0
C0116,29,000,00000,KARNATAKA,089999,89 Others ,1,0,1,0,0,0,1,0,1
C0116,29,000,00000,KARNATAKA,090000,90 MONPA ,767,740,27,632,616,16,135,124,11
C0116,29,000,00000,KARNATAKA,090003, Monpa,767,740,27,632,616,16,135,124,11
C0116,29,000,00000,KARNATAKA,091000,91 MUNDA,176,134,42,28,23,5,148,111,37
C0116,29,000,00000,KARNATAKA,091009, Munda,119,90,29,24,21,3,95,69,26
C0116,29,000,00000,KARNATAKA,091999,91 Others ,57,44,13,4,2,2,53,42,11
C0116,29,000,00000,KARNATAKA,092000,92 MUNDARI ,67,53,14,12,8,4,55,45,10
C0116,29,000,00000,KARNATAKA,092005, Mundari,66,53,13,12,8,4,54,45,9
C0116,29,000,00000,KARNATAKA,092999,92 Others,1,0,1,0,0,0,1,0,1
C0116,29,000,00000,KARNATAKA,093000,93 NICOBARESE ,3,3,0,0,0,0,3,3,0
C0116,29,000,00000,KARNATAKA,093001, Nicobarese,3,3,0,0,0,0,3,3,0
C0116,29,000,00000,KARNATAKA,094000,94 NISSI/DAFLA ,23,9,14,4,1,3,19,8,11
C0116,29,000,00000,KARNATAKA,094001, Apatani,12,4,8,3,1,2,9,3,6
C0116,29,000,00000,KARNATAKA,094007, Nissi/Dafla,7,4,3,1,0,1,6,4,2
C0116,29,000,00000,KARNATAKA,094008, Tagin,4,1,3,0,0,0,4,1,3
C0116,29,000,00000,KARNATAKA,095000,95 NOCTE ,2,2,0,1,1,0,1,1,0
C0116,29,000,00000,KARNATAKA,095003, Nocte,2,2,0,1,1,0,1,1,0
C0116,29,000,00000,KARNATAKA,096000,96 PAITE,118,57,61,1,1,0,117,56,61
C0116,29,000,00000,KARNATAKA,096002, Paite,118,57,61,1,1,0,117,56,61
C0116,29,000,00000,KARNATAKA,101000,101 POCHURY,6,4,2,0,0,0,6,4,2
C0116,29,000,00000,KARNATAKA,101006, Pochury,5,3,2,0,0,0,5,3,2
C0116,29,000,00000,KARNATAKA,101999,101 Others ,1,1,0,0,0,0,1,1,0
C0116,29,000,00000,KARNATAKA,102000,102 RABHA ,2,2,0,0,0,0,2,2,0
C0116,29,000,00000,KARNATAKA,102002, Rabha,2,2,0,0,0,0,2,2,0
C0116,29,000,00000,KARNATAKA,104000,104 RENGMA ,5,5,0,0,0,0,5,5,0
C0116,29,000,00000,KARNATAKA,104001, Rengma,5,5,0,0,0,0,5,5,0
C0116,29,000,00000,KARNATAKA,105000,105 SANGTAM ,1,0,1,0,0,0,1,0,1
C0116,29,000,00000,KARNATAKA,105004, Sangtam,1,0,1,0,0,0,1,0,1
C0116,29,000,00000,KARNATAKA,106000,106 SAVARA,62,38,24,3,3,0,59,35,24
C0116,29,000,00000,KARNATAKA,106004, Savara,62,38,24,3,3,0,59,35,24
C0116,29,000,00000,KARNATAKA,107000,107 SEMA,57,31,26,0,0,0,57,31,26
C0116,29,000,00000,KARNATAKA,107002, Sema,57,31,26,0,0,0,57,31,26
C0116,29,000,00000,KARNATAKA,108000,108 SHERPA ,8,5,3,3,3,0,5,2,3
C0116,29,000,00000,KARNATAKA,108001, Sherpa,8,5,3,3,3,0,5,2,3
C0116,29,000,00000,KARNATAKA,109000,109 SHINA,1,0,1,0,0,0,1,0,1
C0116,29,000,00000,KARNATAKA,109999,109 Others ,1,0,1,0,0,0,1,0,1
C0116,29,000,00000,KARNATAKA,111000,111 TAMANG ,5,3,2,2,2,0,3,1,2
C0116,29,000,00000,KARNATAKA,111001, Tamang,5,3,2,2,2,0,3,1,2
C0116,29,000,00000,KARNATAKA,112000,112 TANGKHUL ,209,94,115,3,1,2,206,93,113
C0116,29,000,00000,KARNATAKA,112008, Tangkhul,208,93,115,3,1,2,205,92,113
C0116,29,000,00000,KARNATAKA,112999,112 Others ,1,1,0,0,0,0,1,1,0
C0116,29,000,00000,KARNATAKA,113000,113 TANGSA,39,24,15,8,4,4,31,20,11
C0116,29,000,00000,KARNATAKA,113999,113 Others,39,24,15,8,4,4,31,20,11
C0116,29,000,00000,KARNATAKA,114000,114 THADO ,133,83,50,2,1,1,131,82,49
C0116,29,000,00000,KARNATAKA,114015, Thado,116,72,44,2,1,1,114,71,43
C0116,29,000,00000,KARNATAKA,114999,114 Others,17,11,6,0,0,0,17,11,6
C0116,29,000,00000,KARNATAKA,115000,115 TIBETAN ,27544,18261,9283,24314,15730,8584,3230,2531,699
C0116,29,000,00000,KARNATAKA,115008, Tibetan,27531,18254,9277,24306,15726,8580,3225,2528,697
C0116,29,000,00000,KARNATAKA,115011, Purkhi,4,2,2,0,0,0,4,2,2
C0116,29,000,00000,KARNATAKA,115999,115 Others,9,5,4,8,4,4,1,1,0
C0116,29,000,00000,KARNATAKA,116000,116 TRIPURI ,114,73,41,18,13,5,96,60,36
C0116,29,000,00000,KARNATAKA,116007, Kokbarak,58,36,22,1,0,1,57,36,21
C0116,29,000,00000,KARNATAKA,116011, Reang,6,3,3,3,2,1,3,1,2
C0116,29,000,00000,KARNATAKA,116014, Tripuri,38,29,9,7,7,0,31,22,9
C0116,29,000,00000,KARNATAKA,116999,116 Others ,12,5,7,7,4,3,5,1,4
C0116,29,000,00000,KARNATAKA,117000,117 TULU ,1595038,774836,820202,989173,479802,509371,605865,295034,310831
C0116,29,000,00000,KARNATAKA,117009, Tulu,1592915,773821,819094,987666,479086,508580,605249,294735,310514
C0116,29,000,00000,KARNATAKA,117999,117 Others ,2123,1015,1108,1507,716,791,616,299,317
C0116,29,000,00000,KARNATAKA,118000,118 VAIPHEI ,38,20,18,0,0,0,38,20,18
C0116,29,000,00000,KARNATAKA,118002, Vaiphei,38,20,18,0,0,0,38,20,18
C0116,29,000,00000,KARNATAKA,119000,119 WANCHO,1,0,1,0,0,0,1,0,1
C0116,29,000,00000,KARNATAKA,119001, Wancho,1,0,1,0,0,0,1,0,1
C0116,29,000,00000,KARNATAKA,120000,120 YIMCHUNGRE,4,3,1,1,1,0,3,2,1
C0116,29,000,00000,KARNATAKA,120001, Chirr,2,2,0,0,0,0,2,2,0
C0116,29,000,00000,KARNATAKA,120004, Tikhir,1,1,0,1,1,0,0,0,0
C0116,29,000,00000,KARNATAKA,120005, Yimchungre,1,0,1,0,0,0,1,0,1
C0116,29,000,00000,KARNATAKA,122000,122 ZEMI ,7,6,1,0,0,0,7,6,1
C0116,29,000,00000,KARNATAKA,122003, Zemi,7,6,1,0,0,0,7,6,1
C0116,29,000,00000,KARNATAKA,123000,123 ZOU ,20,15,5,1,1,0,19,14,5
C0116,29,000,00000,KARNATAKA,123001, Zou,20,15,5,1,1,0,19,14,5
C0116,29,000,00000,KARNATAKA,124000,124 OTHERS,386552,193035,193517,156597,77573,79024,229955,115462,114493
C0116,30,000,00000,GOA,001000,1 ASSAMESE,1107,937,170,337,296,41,770,641,129
C0116,30,000,00000,GOA,001002, Assamese,1098,933,165,333,296,37,765,637,128
C0116,30,000,00000,GOA,001999,1 Others,9,4,5,4,0,4,5,4,1
C0116,30,000,00000,GOA,002000,2 BENGALI ,7099,4954,2145,1283,932,351,5816,4022,1794
C0116,30,000,00000,GOA,002007, Bengali,7099,4954,2145,1283,932,351,5816,4022,1794
C0116,30,000,00000,GOA,003000,3 BODO ,62,52,10,35,29,6,27,23,4
C0116,30,000,00000,GOA,003001, Bodo/Boro,62,52,10,35,29,6,27,23,4
C0116,30,000,00000,GOA,004000,4 DOGRI ,105,87,18,0,0,0,105,87,18
C0116,30,000,00000,GOA,004001, Dogri,105,87,18,0,0,0,105,87,18
C0116,30,000,00000,GOA,005000,5 GUJARATI,6846,3566,3280,870,440,430,5976,3126,2850
C0116,30,000,00000,GOA,005018, Gujarati,6694,3474,3220,856,430,426,5838,3044,2794
C0116,30,000,00000,GOA,005019, Gujrao/Gujrau,3,2,1,0,0,0,3,2,1
C0116,30,000,00000,GOA,005057, Saurashtra/Saurashtri,14,9,5,2,1,1,12,8,4
C0116,30,000,00000,GOA,005999,5 Others,135,81,54,12,9,3,123,72,51
C0116,30,000,00000,GOA,006000,6 HINDI ,150017,87445,62572,26926,16024,10902,123091,71421,51670
C0116,30,000,00000,GOA,006030, Awadhi,44,21,23,1,1,0,43,20,23
C0116,30,000,00000,GOA,006042, Bagheli/Baghel Khandi,23,15,8,4,1,3,19,14,5
C0116,30,000,00000,GOA,006066, Banjari,1728,879,849,287,144,143,1441,735,706
C0116,30,000,00000,GOA,006096, Bharmauri/Gaddi,3,0,3,0,0,0,3,0,3
C0116,30,000,00000,GOA,006102, Bhojpuri,9185,6556,2629,2135,1705,430,7050,4851,2199
C0116,30,000,00000,GOA,006123, Brajbhasha,17,17,0,0,0,0,17,17,0
C0116,30,000,00000,GOA,006125, Bundeli/Bundel khandi,8,4,4,0,0,0,8,4,4
C0116,30,000,00000,GOA,006133, Chambeali/Chamrali,1,1,0,0,0,0,1,1,0
C0116,30,000,00000,GOA,006142, Chhattisgarhi,89,71,18,9,6,3,80,65,15
C0116,30,000,00000,GOA,006173, Dhundhari,5,4,1,0,0,0,5,4,1
C0116,30,000,00000,GOA,006195, Garhwali,170,110,60,18,9,9,152,101,51
C0116,30,000,00000,GOA,006198, Gawari,12,10,2,5,3,2,7,7,0
C0116,30,000,00000,GOA,006207, Gojri/Gujjari/Gujar,2,2,0,0,0,0,2,2,0
C0116,30,000,00000,GOA,006231, Handuri,8,4,4,8,4,4,0,0,0
C0116,30,000,00000,GOA,006232, Hara/Harauti,1,1,0,0,0,0,1,1,0
C0116,30,000,00000,GOA,006235, Haryanvi,192,130,62,0,0,0,192,130,62
C0116,30,000,00000,GOA,006240, Hindi,126020,72661,53359,21846,12661,9185,104174,60000,44174
C0116,30,000,00000,GOA,006291, Kangri,4,4,0,0,0,0,4,4,0
C0116,30,000,00000,GOA,006311, Khari Boli,2,1,1,2,1,1,0,0,0
C0116,30,000,00000,GOA,006320, Khortha/Khotta,85,81,4,55,53,2,30,28,2
C0116,30,000,00000,GOA,006340, Kumauni,45,33,12,0,0,0,45,33,12
C0116,30,000,00000,GOA,006345, Kurmali Thar,5,3,2,0,0,0,5,3,2
C0116,30,000,00000,GOA,006353, Lamani/Lambadi,7300,3768,3532,1416,726,690,5884,3042,2842
C0116,30,000,00000,GOA,006358, Lodhi,10,8,2,3,2,1,7,6,1
C0116,30,000,00000,GOA,006376, Magadhi/Magahi,14,9,5,12,7,5,2,2,0
C0116,30,000,00000,GOA,006391, Malvi,287,177,110,200,125,75,87,52,35
C0116,30,000,00000,GOA,006400, Marwari,1407,807,600,181,111,70,1226,696,530
C0116,30,000,00000,GOA,006409, Mewati,34,23,11,4,2,2,30,21,9
C0116,30,000,00000,GOA,006420, Nagpuria,16,9,7,12,8,4,4,1,3
C0116,30,000,00000,GOA,006432, Nimadi,4,4,0,0,0,0,4,4,0
C0116,30,000,00000,GOA,006439, Pahari,45,34,11,0,0,0,45,34,11
C0116,30,000,00000,GOA,006452, Pando/Pandwani,1,1,0,1,1,0,0,0,0
C0116,30,000,00000,GOA,006466, Pawari/Powari,1,1,0,0,0,0,1,1,0
C0116,30,000,00000,GOA,006489, Rajasthani,2202,1299,903,361,212,149,1841,1087,754
C0116,30,000,00000,GOA,006503, Sadan/Sadri,325,224,101,184,125,59,141,99,42
C0116,30,000,00000,GOA,006548, Surjapuri,12,9,3,3,3,0,9,6,3
C0116,30,000,00000,GOA,006999,6 Others,710,464,246,179,114,65,531,350,181
C0116,30,000,00000,GOA,007000,7 KANNADA,67923,35694,32229,13951,7344,6607,53972,28350,25622
C0116,30,000,00000,GOA,007002, Badaga,7,6,1,0,0,0,7,6,1
C0116,30,000,00000,GOA,007016, Kannada,67837,35648,32189,13926,7332,6594,53911,28316,25595
C0116,30,000,00000,GOA,007999,7 Others,79,40,39,25,12,13,54,28,26
C0116,30,000,00000,GOA,008000,8 KASHMIRI ,372,265,107,91,64,27,281,201,80
C0116,30,000,00000,GOA,008005, Kashmiri,372,265,107,91,64,27,281,201,80
C0116,30,000,00000,GOA,009000,9 KONKANI,964305,468686,495619,417767,203464,214303,546538,265222,281316
C0116,30,000,00000,GOA,009011, Konkani,963980,468519,495461,417665,203410,214255,546315,265109,281206
C0116,30,000,00000,GOA,009016, Malwani,195,105,90,55,32,23,140,73,67
C0116,30,000,00000,GOA,009020, Nawait,71,32,39,22,9,13,49,23,26
C0116,30,000,00000,GOA,009028, Gorboli/Goru/Gorwani,3,2,1,0,0,0,3,2,1
C0116,30,000,00000,GOA,009999,9 Others,56,28,28,25,13,12,31,15,16
C0116,30,000,00000,GOA,010000,10 MAITHILI ,289,178,111,65,39,26,224,139,85
C0116,30,000,00000,GOA,010008, Maithili,230,130,100,54,29,25,176,101,75
C0116,30,000,00000,GOA,010011, Purbi Maithili,2,2,0,2,2,0,0,0,0
C0116,30,000,00000,GOA,010013, Thati,57,46,11,9,8,1,48,38,10
C0116,30,000,00000,GOA,011000,11 MALAYALAM,12983,7153,5830,1778,959,819,11205,6194,5011
C0116,30,000,00000,GOA,011016, Malayalam,12975,7146,5829,1778,959,819,11197,6187,5010
C0116,30,000,00000,GOA,011999,11 Others,8,7,1,0,0,0,8,7,1
C0116,30,000,00000,GOA,012000,12 MANIPURI ,367,285,82,124,105,19,243,180,63
C0116,30,000,00000,GOA,012003, Manipuri,364,283,81,122,103,19,242,180,62
C0116,30,000,00000,GOA,012999,12 Others,3,2,1,2,2,0,1,0,1
C0116,30,000,00000,GOA,013000,13 MARATHI ,158787,81908,76879,71708,36696,35012,87079,45212,41867
C0116,30,000,00000,GOA,013071, Marathi,158757,81890,76867,71696,36688,35008,87061,45202,41859
C0116,30,000,00000,GOA,013999,13 Others,30,18,12,12,8,4,18,10,8
C0116,30,000,00000,GOA,014000,14 NEPALI ,2600,1685,915,618,425,193,1982,1260,722
C0116,30,000,00000,GOA,014011, Nepali,2600,1685,915,618,425,193,1982,1260,722
C0116,30,000,00000,GOA,015000,15 ODIA ,5558,4108,1450,1344,1013,331,4214,3095,1119
C0116,30,000,00000,GOA,015007, Bhuiya/Bhuyan[Ori],20,9,11,5,3,2,15,6,9
C0116,30,000,00000,GOA,015043, Odia,5514,4084,1430,1337,1008,329,4177,3076,1101
C0116,30,000,00000,GOA,015999,15 Others,24,15,9,2,2,0,22,13,9
C0116,30,000,00000,GOA,016000,16 PUNJABI ,1959,1136,823,318,196,122,1641,940,701
C0116,30,000,00000,GOA,016005, Bhateali,9,3,6,0,0,0,9,3,6
C0116,30,000,00000,GOA,016038, Punjabi,1930,1123,807,303,187,116,1627,936,691
C0116,30,000,00000,GOA,016999,16 Others,20,10,10,15,9,6,5,1,4
C0116,30,000,00000,GOA,017000,17 SANSKRIT ,1055,625,430,385,210,175,670,415,255
C0116,30,000,00000,GOA,017002, Sanskrit,1055,625,430,385,210,175,670,415,255
C0116,30,000,00000,GOA,018000,18 SANTALI ,103,69,34,57,30,27,46,39,7
C0116,30,000,00000,GOA,018040, Santali,103,69,34,57,30,27,46,39,7
C0116,30,000,00000,GOA,019000,19 SINDHI,656,341,315,85,45,40,571,296,275
C0116,30,000,00000,GOA,019008, Kachchhi,135,63,72,1,0,1,134,63,71
C0116,30,000,00000,GOA,019014, Sindhi,444,223,221,51,26,25,393,197,196
C0116,30,000,00000,GOA,019999,19 Others,77,55,22,33,19,14,44,36,8
C0116,30,000,00000,GOA,020000,20 TAMIL ,6947,3931,3016,1284,655,629,5663,3276,2387
C0116,30,000,00000,GOA,020006, Irula/Irular Mozhi,1,1,0,0,0,0,1,1,0
C0116,30,000,00000,GOA,020009, Kaikadi,3,2,1,0,0,0,3,2,1
C0116,30,000,00000,GOA,020015, Korava,3,2,1,0,0,0,3,2,1
C0116,30,000,00000,GOA,020027, Tamil,6939,3926,3013,1284,655,629,5655,3271,2384
C0116,30,000,00000,GOA,020999,20 Others,1,0,1,0,0,0,1,0,1
C0116,30,000,00000,GOA,021000,21 TELUGU ,11116,6099,5017,2323,1177,1146,8793,4922,3871
C0116,30,000,00000,GOA,021046, Telugu,10954,6007,4947,2221,1133,1088,8733,4874,3859
C0116,30,000,00000,GOA,021048, Vadari,123,58,65,102,44,58,21,14,7
C0116,30,000,00000,GOA,021999,21 Others,39,34,5,0,0,0,39,34,5
C0116,30,000,00000,GOA,022000,22 URDU,41242,21239,20003,5163,2707,2456,36079,18532,17547
C0116,30,000,00000,GOA,022015, Urdu,41145,21176,19969,5145,2698,2447,36000,18478,17522
C0116,30,000,00000,GOA,022999,22 Others,97,63,34,18,9,9,79,54,25
C0116,30,000,00000,GOA,023000,23 ADI ,10,7,3,7,4,3,3,3,0
C0116,30,000,00000,GOA,023003, Adi,1,1,0,0,0,0,1,1,0
C0116,30,000,00000,GOA,023006, Adi Gallong/Gallong,4,1,3,4,1,3,0,0,0
C0116,30,000,00000,GOA,023040, Talgalo,2,2,0,0,0,0,2,2,0
C0116,30,000,00000,GOA,023999,23 Others,3,3,0,3,3,0,0,0,0
C0116,30,000,00000,GOA,024000,24 AFGHANI/KABULI/PASHTO ,14,14,0,0,0,0,14,14,0
C0116,30,000,00000,GOA,024001, Afghani/Kabuli/Pashto,11,11,0,0,0,0,11,11,0
C0116,30,000,00000,GOA,024999,24 Others,3,3,0,0,0,0,3,3,0
C0116,30,000,00000,GOA,025000,25 ANAL ,4,1,3,0,0,0,4,1,3
C0116,30,000,00000,GOA,025999,25 Others,4,1,3,0,0,0,4,1,3
C0116,30,000,00000,GOA,026000,26 ANGAMI ,22,1,21,20,0,20,2,1,1
C0116,30,000,00000,GOA,026002, Angami,22,1,21,20,0,20,2,1,1
C0116,30,000,00000,GOA,027000,27 AO ,5,2,3,0,0,0,5,2,3
C0116,30,000,00000,GOA,027001, Ao,1,0,1,0,0,0,1,0,1
C0116,30,000,00000,GOA,027999,27 Others,4,2,2,0,0,0,4,2,2
C0116,30,000,00000,GOA,028000,28 ARABIC/ARBI ,73,66,7,9,8,1,64,58,6
C0116,30,000,00000,GOA,028001, Arabic/Arbi,73,66,7,9,8,1,64,58,6
C0116,30,000,00000,GOA,030000,30 BHILI/BHILODI ,2665,1363,1302,1966,1007,959,699,356,343
C0116,30,000,00000,GOA,030007, Bhili/Bhilodi,9,6,3,8,5,3,1,1,0
C0116,30,000,00000,GOA,030015, Dhodia,8,2,6,5,1,4,3,1,2
C0116,30,000,00000,GOA,030035, Kokna/Kokni/Kukna,2480,1263,1217,1940,996,944,540,267,273
C0116,30,000,00000,GOA,030049, Mawchi,1,0,1,0,0,0,1,0,1
C0116,30,000,00000,GOA,030066, Paradhi,82,45,37,0,0,0,82,45,37
C0116,30,000,00000,GOA,030073, Tadavi,37,17,20,11,4,7,26,13,13
C0116,30,000,00000,GOA,030999,30 Others,48,30,18,2,1,1,46,29,17
C0116,30,000,00000,GOA,031000,31 BHOTIA ,2,1,1,0,0,0,2,1,1
C0116,30,000,00000,GOA,031001, Bhotia,1,0,1,0,0,0,1,0,1
C0116,30,000,00000,GOA,031999,31 Others,1,1,0,0,0,0,1,1,0
C0116,30,000,00000,GOA,034000,34 CHAKHESANG ,2,2,0,0,0,0,2,2,0
C0116,30,000,00000,GOA,034001, Chakhesang,2,2,0,0,0,0,2,2,0
C0116,30,000,00000,GOA,036000,36 CHANG ,1,0,1,0,0,0,1,0,1
C0116,30,000,00000,GOA,036001, Chang,1,0,1,0,0,0,1,0,1
C0116,30,000,00000,GOA,037000,37 COORGI/KODAGU ,57,32,25,1,1,0,56,31,25
C0116,30,000,00000,GOA,037001, Coorgi/Kodagu,57,32,25,1,1,0,56,31,25
C0116,30,000,00000,GOA,039000,39 DIMASA ,2,2,0,0,0,0,2,2,0
C0116,30,000,00000,GOA,039002, Dimasa,1,1,0,0,0,0,1,1,0
C0116,30,000,00000,GOA,039999,39 Others,1,1,0,0,0,0,1,1,0
C0116,30,000,00000,GOA,040000,40 ENGLISH ,9765,4619,5146,2110,969,1141,7655,3650,4005
C0116,30,000,00000,GOA,040001, English,9765,4619,5146,2110,969,1141,7655,3650,4005
C0116,30,000,00000,GOA,043000,43 GARO ,13,8,5,6,6,0,7,2,5
C0116,30,000,00000,GOA,043005, Garo,13,8,5,6,6,0,7,2,5
C0116,30,000,00000,GOA,044000,44 GONDI,234,117,117,90,42,48,144,75,69
C0116,30,000,00000,GOA,044007, Gondi,11,5,6,0,0,0,11,5,6
C0116,30,000,00000,GOA,044013, Kalari,215,104,111,90,42,48,125,62,63
C0116,30,000,00000,GOA,044999,44 Others,8,8,0,0,0,0,8,8,0
C0116,30,000,00000,GOA,045000,45 HALABI,26,23,3,3,3,0,23,20,3
C0116,30,000,00000,GOA,045001, Halabi,26,23,3,3,3,0,23,20,3
C0116,30,000,00000,GOA,047000,47 HMAR,2,1,1,2,1,1,0,0,0
C0116,30,000,00000,GOA,047001, Hmar,2,1,1,2,1,1,0,0,0
C0116,30,000,00000,GOA,051000,51 KABUI ,2,2,0,0,0,0,2,2,0
C0116,30,000,00000,GOA,051003, Kabui,1,1,0,0,0,0,1,1,0
C0116,30,000,00000,GOA,051005, Rongmei,1,1,0,0,0,0,1,1,0
C0116,30,000,00000,GOA,052000,52 KARBI/MIKIR ,1,0,1,0,0,0,1,0,1
C0116,30,000,00000,GOA,052002, Karbi/Mikir,1,0,1,0,0,0,1,0,1
C0116,30,000,00000,GOA,053000,53 KHANDESHI,9,3,6,1,1,0,8,2,6
C0116,30,000,00000,GOA,053005, Gujari,9,3,6,1,1,0,8,2,6
C0116,30,000,00000,GOA,054000,54 KHARIA ,76,45,31,42,22,20,34,23,11
C0116,30,000,00000,GOA,054005, Kharia,76,45,31,42,22,20,34,23,11
C0116,30,000,00000,GOA,055000,55 KHASI ,16,6,10,3,1,2,13,5,8
C0116,30,000,00000,GOA,055007, Khasi,13,4,9,3,1,2,10,3,7
C0116,30,000,00000,GOA,055009, Lyngngam,1,1,0,0,0,0,1,1,0
C0116,30,000,00000,GOA,055012, Pnar/Synteng,2,1,1,0,0,0,2,1,1
C0116,30,000,00000,GOA,056000,56 KHEZHA ,1,0,1,1,0,1,0,0,0
C0116,30,000,00000,GOA,056999,56 Others ,1,0,1,1,0,1,0,0,0
C0116,30,000,00000,GOA,059000,59 KINNAURI ,2,1,1,0,0,0,2,1,1
C0116,30,000,00000,GOA,059003, Kinnauri,2,1,1,0,0,0,2,1,1
C0116,30,000,00000,GOA,061000,61 KOCH ,1,1,0,0,0,0,1,1,0
C0116,30,000,00000,GOA,061002, Koch,1,1,0,0,0,0,1,1,0
C0116,30,000,00000,GOA,063000,63 KOLAMI ,160,67,93,54,27,27,106,40,66
C0116,30,000,00000,GOA,063001, Kolami,160,67,93,54,27,27,106,40,66
C0116,30,000,00000,GOA,064000,64 KOM,111,51,60,2,1,1,109,50,59
C0116,30,000,00000,GOA,064001, Kom,111,51,60,2,1,1,109,50,59
C0116,30,000,00000,GOA,065000,65 KONDA,9,5,4,9,5,4,0,0,0
C0116,30,000,00000,GOA,065003, Konda,9,5,4,9,5,4,0,0,0
C0116,30,000,00000,GOA,067000,67 KORKU ,362,221,141,131,81,50,231,140,91
C0116,30,000,00000,GOA,067001, Korku,362,221,141,131,81,50,231,140,91
C0116,30,000,00000,GOA,068000,68 KORWA ,5,2,3,0,0,0,5,2,3
C0116,30,000,00000,GOA,068999,68 Others ,5,2,3,0,0,0,5,2,3
C0116,30,000,00000,GOA,070000,70 KUI ,1,0,1,0,0,0,1,0,1
C0116,30,000,00000,GOA,070001, Kui,1,0,1,0,0,0,1,0,1
C0116,30,000,00000,GOA,071000,71 KUKI,1,1,0,0,0,0,1,1,0
C0116,30,000,00000,GOA,071008, Kuki,1,1,0,0,0,0,1,1,0
C0116,30,000,00000,GOA,072000,72 KURUKH/ORAON ,213,115,98,130,72,58,83,43,40
C0116,30,000,00000,GOA,072024, Kurukh/Oraon,211,114,97,128,71,57,83,43,40
C0116,30,000,00000,GOA,072999,72 Others ,2,1,1,2,1,1,0,0,0
C0116,30,000,00000,GOA,073000,73 LADAKHI ,4,2,2,0,0,0,4,2,2
C0116,30,000,00000,GOA,073003, Ladakhi,4,2,2,0,0,0,4,2,2
C0116,30,000,00000,GOA,075000,75 LAHNDA ,85,42,43,23,13,10,62,29,33
C0116,30,000,00000,GOA,075006, Hindi Multani,85,42,43,23,13,10,62,29,33
C0116,30,000,00000,GOA,078000,78 LEPCHA ,1,0,1,0,0,0,1,0,1
C0116,30,000,00000,GOA,078001, Lepcha,1,0,1,0,0,0,1,0,1
C0116,30,000,00000,GOA,079000,79 LIANGMEI ,1,1,0,1,1,0,0,0,0
C0116,30,000,00000,GOA,079002, Liangmei,1,1,0,1,1,0,0,0,0
C0116,30,000,00000,GOA,080000,80 LIMBU ,1,1,0,0,0,0,1,1,0
C0116,30,000,00000,GOA,080002, Limbu,1,1,0,0,0,0,1,1,0
C0116,30,000,00000,GOA,081000,81 LOTHA ,2,1,1,1,0,1,1,1,0
C0116,30,000,00000,GOA,081001, Lotha,2,1,1,1,0,1,1,1,0
C0116,30,000,00000,GOA,082000,82 LUSHAI/MIZO ,35,21,14,4,2,2,31,19,12
C0116,30,000,00000,GOA,082005, Lushai/Mizo,35,21,14,4,2,2,31,19,12
C0116,30,000,00000,GOA,083000,83 MALTO ,5,3,2,5,3,2,0,0,0
C0116,30,000,00000,GOA,083002, Pahariya,5,3,2,5,3,2,0,0,0
C0116,30,000,00000,GOA,084000,84 MAO,3,2,1,0,0,0,3,2,1
C0116,30,000,00000,GOA,084001, Mao,3,2,1,0,0,0,3,2,1
C0116,30,000,00000,GOA,087000,87 MIRI/MISHING,3,3,0,1,1,0,2,2,0
C0116,30,000,00000,GOA,087003, Miri/Mishing,3,3,0,1,1,0,2,2,0
C0116,30,000,00000,GOA,088000,88 MISHMI ,1,0,1,0,0,0,1,0,1
C0116,30,000,00000,GOA,088999,88 Others ,1,0,1,0,0,0,1,0,1
C0116,30,000,00000,GOA,091000,91 MUNDA,71,44,27,54,30,24,17,14,3
C0116,30,000,00000,GOA,091009, Munda,70,43,27,54,30,24,16,13,3
C0116,30,000,00000,GOA,091999,91 Others ,1,1,0,0,0,0,1,1,0
C0116,30,000,00000,GOA,092000,92 MUNDARI ,71,51,20,8,4,4,63,47,16
C0116,30,000,00000,GOA,092005, Mundari,71,51,20,8,4,4,63,47,16
C0116,30,000,00000,GOA,094000,94 NISSI/DAFLA ,2,1,1,0,0,0,2,1,1
C0116,30,000,00000,GOA,094007, Nissi/Dafla,1,0,1,0,0,0,1,0,1
C0116,30,000,00000,GOA,094008, Tagin,1,1,0,0,0,0,1,1,0
C0116,30,000,00000,GOA,096000,96 PAITE,1,0,1,1,0,1,0,0,0
C0116,30,000,00000,GOA,096002, Paite,1,0,1,1,0,1,0,0,0
C0116,30,000,00000,GOA,097000,97 PARJI ,1,1,0,0,0,0,1,1,0
C0116,30,000,00000,GOA,097001, Dhurwa,1,1,0,0,0,0,1,1,0
C0116,30,000,00000,GOA,104000,104 RENGMA ,1,1,0,0,0,0,1,1,0
C0116,30,000,00000,GOA,104001, Rengma,1,1,0,0,0,0,1,1,0
C0116,30,000,00000,GOA,105000,105 SANGTAM ,1,0,1,1,0,1,0,0,0
C0116,30,000,00000,GOA,105004, Sangtam,1,0,1,1,0,1,0,0,0
C0116,30,000,00000,GOA,106000,106 SAVARA,8,6,2,0,0,0,8,6,2
C0116,30,000,00000,GOA,106004, Savara,3,3,0,0,0,0,3,3,0
C0116,30,000,00000,GOA,106999,106 Others ,5,3,2,0,0,0,5,3,2
C0116,30,000,00000,GOA,107000,107 SEMA,4,2,2,0,0,0,4,2,2
C0116,30,000,00000,GOA,107002, Sema,4,2,2,0,0,0,4,2,2
C0116,30,000,00000,GOA,108000,108 SHERPA ,1,1,0,0,0,0,1,1,0
C0116,30,000,00000,GOA,108001, Sherpa,1,1,0,0,0,0,1,1,0
C0116,30,000,00000,GOA,111000,111 TAMANG ,2,2,0,0,0,0,2,2,0
C0116,30,000,00000,GOA,111001, Tamang,2,2,0,0,0,0,2,2,0
C0116,30,000,00000,GOA,112000,112 TANGKHUL ,14,7,7,10,4,6,4,3,1
C0116,30,000,00000,GOA,112008, Tangkhul,14,7,7,10,4,6,4,3,1
C0116,30,000,00000,GOA,113000,113 TANGSA,4,3,1,1,1,0,3,2,1
C0116,30,000,00000,GOA,113999,113 Others,4,3,1,1,1,0,3,2,1
C0116,30,000,00000,GOA,115000,115 TIBETAN ,53,28,25,2,0,2,51,28,23
C0116,30,000,00000,GOA,115008, Tibetan,53,28,25,2,0,2,51,28,23
C0116,30,000,00000,GOA,116000,116 TRIPURI ,1,1,0,0,0,0,1,1,0
C0116,30,000,00000,GOA,116014, Tripuri,1,1,0,0,0,0,1,1,0
C0116,30,000,00000,GOA,117000,117 TULU ,929,495,434,144,85,59,785,410,375
C0116,30,000,00000,GOA,117009, Tulu,912,483,429,134,76,58,778,407,371
C0116,30,000,00000,GOA,117999,117 Others ,17,12,5,10,9,1,7,3,4
C0116,30,000,00000,GOA,120000,120 YIMCHUNGRE,1,1,0,0,0,0,1,1,0
C0116,30,000,00000,GOA,120001, Chirr,1,1,0,0,0,0,1,1,0
C0116,30,000,00000,GOA,121000,121 ZELIANG ,1,1,0,0,0,0,1,1,0
C0116,30,000,00000,GOA,121001, Zeliang,1,1,0,0,0,0,1,1,0
C0116,30,000,00000,GOA,124000,124 OTHERS,1873,1197,676,376,191,185,1497,1006,491
C0116,31,000,00000,LAKSHADWEEP,001000,1 ASSAMESE,1,1,0,0,0,0,1,1,0
C0116,31,000,00000,LAKSHADWEEP,001002, Assamese,1,1,0,0,0,0,1,1,0
C0116,31,000,00000,LAKSHADWEEP,002000,2 BENGALI ,140,133,7,9,9,0,131,124,7
C0116,31,000,00000,LAKSHADWEEP,002007, Bengali,140,133,7,9,9,0,131,124,7
C0116,31,000,00000,LAKSHADWEEP,003000,3 BODO ,5,2,3,0,0,0,5,2,3
C0116,31,000,00000,LAKSHADWEEP,003001, Bodo/Boro,5,2,3,0,0,0,5,2,3
C0116,31,000,00000,LAKSHADWEEP,005000,5 GUJARATI,24,23,1,3,3,0,21,20,1
C0116,31,000,00000,LAKSHADWEEP,005018, Gujarati,23,22,1,2,2,0,21,20,1
C0116,31,000,00000,LAKSHADWEEP,005057, Saurashtra/Saurashtri,1,1,0,1,1,0,0,0,0
C0116,31,000,00000,LAKSHADWEEP,006000,6 HINDI ,160,134,26,17,16,1,143,118,25
C0116,31,000,00000,LAKSHADWEEP,006102, Bhojpuri,10,6,4,0,0,0,10,6,4
C0116,31,000,00000,LAKSHADWEEP,006173, Dhundhari,1,1,0,0,0,0,1,1,0
C0116,31,000,00000,LAKSHADWEEP,006195, Garhwali,1,1,0,0,0,0,1,1,0
C0116,31,000,00000,LAKSHADWEEP,006235, Haryanvi,7,6,1,0,0,0,7,6,1
C0116,31,000,00000,LAKSHADWEEP,006240, Hindi,133,112,21,17,16,1,116,96,20
C0116,31,000,00000,LAKSHADWEEP,006489, Rajasthani,4,4,0,0,0,0,4,4,0
C0116,31,000,00000,LAKSHADWEEP,006541, Sugali,3,3,0,0,0,0,3,3,0
C0116,31,000,00000,LAKSHADWEEP,006999,6 Others,1,1,0,0,0,0,1,1,0
C0116,31,000,00000,LAKSHADWEEP,007000,7 KANNADA,37,22,15,21,10,11,16,12,4
C0116,31,000,00000,LAKSHADWEEP,007016, Kannada,37,22,15,21,10,11,16,12,4
C0116,31,000,00000,LAKSHADWEEP,009000,9 KONKANI,1,0,1,0,0,0,1,0,1
C0116,31,000,00000,LAKSHADWEEP,009011, Konkani,1,0,1,0,0,0,1,0,1
C0116,31,000,00000,LAKSHADWEEP,011000,11 MALAYALAM,54264,27697,26567,13870,7044,6826,40394,20653,19741
C0116,31,000,00000,LAKSHADWEEP,011016, Malayalam,54264,27697,26567,13870,7044,6826,40394,20653,19741
C0116,31,000,00000,LAKSHADWEEP,013000,13 MARATHI ,26,19,7,5,3,2,21,16,5
C0116,31,000,00000,LAKSHADWEEP,013071, Marathi,26,19,7,5,3,2,21,16,5
C0116,31,000,00000,LAKSHADWEEP,014000,14 NEPALI ,4,1,3,0,0,0,4,1,3
C0116,31,000,00000,LAKSHADWEEP,014011, Nepali,4,1,3,0,0,0,4,1,3
C0116,31,000,00000,LAKSHADWEEP,015000,15 ODIA ,40,34,6,13,8,5,27,26,1
C0116,31,000,00000,LAKSHADWEEP,015043, Odia,39,33,6,13,8,5,26,25,1
C0116,31,000,00000,LAKSHADWEEP,015999,15 Others,1,1,0,0,0,0,1,1,0
C0116,31,000,00000,LAKSHADWEEP,016000,16 PUNJABI ,4,3,1,0,0,0,4,3,1
C0116,31,000,00000,LAKSHADWEEP,016038, Punjabi,4,3,1,0,0,0,4,3,1
C0116,31,000,00000,LAKSHADWEEP,019000,19 SINDHI,7,7,0,0,0,0,7,7,0
C0116,31,000,00000,LAKSHADWEEP,019008, Kachchhi,7,7,0,0,0,0,7,7,0
C0116,31,000,00000,LAKSHADWEEP,020000,20 TAMIL ,364,330,34,145,125,20,219,205,14
C0116,31,000,00000,LAKSHADWEEP,020027, Tamil,364,330,34,145,125,20,219,205,14
C0116,31,000,00000,LAKSHADWEEP,021000,21 TELUGU ,42,35,7,4,3,1,38,32,6
C0116,31,000,00000,LAKSHADWEEP,021046, Telugu,42,35,7,4,3,1,38,32,6
C0116,31,000,00000,LAKSHADWEEP,022000,22 URDU,32,24,8,0,0,0,32,24,8
C0116,31,000,00000,LAKSHADWEEP,022015, Urdu,31,23,8,0,0,0,31,23,8
C0116,31,000,00000,LAKSHADWEEP,022999,22 Others,1,1,0,0,0,0,1,1,0
C0116,31,000,00000,LAKSHADWEEP,023000,23 ADI ,2,1,1,0,0,0,2,1,1
C0116,31,000,00000,LAKSHADWEEP,023040, Talgalo,2,1,1,0,0,0,2,1,1
C0116,31,000,00000,LAKSHADWEEP,024000,24 AFGHANI/KABULI/PASHTO ,3,3,0,0,0,0,3,3,0
C0116,31,000,00000,LAKSHADWEEP,024001, Afghani/Kabuli/Pashto,3,3,0,0,0,0,3,3,0
C0116,31,000,00000,LAKSHADWEEP,040000,40 ENGLISH ,1,1,0,0,0,0,1,1,0
C0116,31,000,00000,LAKSHADWEEP,040001, English,1,1,0,0,0,0,1,1,0
C0116,31,000,00000,LAKSHADWEEP,106000,106 SAVARA,3,2,1,3,2,1,0,0,0
C0116,31,000,00000,LAKSHADWEEP,106004, Savara,3,2,1,3,2,1,0,0,0
C0116,31,000,00000,LAKSHADWEEP,117000,117 TULU ,2,2,0,0,0,0,2,2,0
C0116,31,000,00000,LAKSHADWEEP,117009, Tulu,2,2,0,0,0,0,2,2,0
C0116,31,000,00000,LAKSHADWEEP,124000,124 OTHERS,9311,4649,4662,51,20,31,9260,4629,4631
C0116,32,000,00000,KERALA,001000,1 ASSAMESE,5796,5377,419,3053,2854,199,2743,2523,220
C0116,32,000,00000,KERALA,001002, Assamese,5752,5338,414,3045,2848,197,2707,2490,217
C0116,32,000,00000,KERALA,001999,1 Others,44,39,5,8,6,2,36,33,3
C0116,32,000,00000,KERALA,002000,2 BENGALI ,29061,26287,2774,12285,11484,801,16776,14803,1973
C0116,32,000,00000,KERALA,002007, Bengali,29059,26285,2774,12283,11482,801,16776,14803,1973
C0116,32,000,00000,KERALA,002044, Rajbangsi,2,2,0,2,2,0,0,0,0
C0116,32,000,00000,KERALA,003000,3 BODO ,47,38,9,33,26,7,14,12,2
C0116,32,000,00000,KERALA,003001, Bodo/Boro,44,36,8,32,25,7,12,11,1
C0116,32,000,00000,KERALA,003003, Kachari,2,1,1,0,0,0,2,1,1
C0116,32,000,00000,KERALA,003004, Mech/Mechhia,1,1,0,1,1,0,0,0,0
C0116,32,000,00000,KERALA,004000,4 DOGRI ,225,179,46,28,24,4,197,155,42
C0116,32,000,00000,KERALA,004001, Dogri,225,179,46,28,24,4,197,155,42
C0116,32,000,00000,KERALA,005000,5 GUJARATI,4710,2424,2286,352,222,130,4358,2202,2156
C0116,32,000,00000,KERALA,005018, Gujarati,4460,2300,2160,280,183,97,4180,2117,2063
C0116,32,000,00000,KERALA,005052, Pattani,18,7,11,0,0,0,18,7,11
C0116,32,000,00000,KERALA,005057, Saurashtra/Saurashtri,144,72,72,16,11,5,128,61,67
C0116,32,000,00000,KERALA,005999,5 Others,88,45,43,56,28,28,32,17,15
C0116,32,000,00000,KERALA,006000,6 HINDI ,51928,37065,14863,12428,9491,2937,39500,27574,11926
C0116,32,000,00000,KERALA,006030, Awadhi,30,20,10,1,1,0,29,19,10
C0116,32,000,00000,KERALA,006040, Baghati/Baghati Pahari,5,2,3,3,1,2,2,1,1
C0116,32,000,00000,KERALA,006042, Bagheli/Baghel Khandi,68,63,5,0,0,0,68,63,5
C0116,32,000,00000,KERALA,006102, Bhojpuri,1688,1347,341,306,297,9,1382,1050,332
C0116,32,000,00000,KERALA,006123, Brajbhasha,22,20,2,2,2,0,20,18,2
C0116,32,000,00000,KERALA,006125, Bundeli/Bundel khandi,12,10,2,7,7,0,5,3,2
C0116,32,000,00000,KERALA,006142, Chhattisgarhi,16,15,1,13,12,1,3,3,0
C0116,32,000,00000,KERALA,006173, Dhundhari,23,19,4,5,5,0,18,14,4
C0116,32,000,00000,KERALA,006195, Garhwali,66,41,25,3,1,2,63,40,23
C0116,32,000,00000,KERALA,006207, Gojri/Gujjari/Gujar,29,27,2,22,22,0,7,5,2
C0116,32,000,00000,KERALA,006232, Hara/Harauti,7,5,2,7,5,2,0,0,0
C0116,32,000,00000,KERALA,006235, Haryanvi,390,258,132,28,28,0,362,230,132
C0116,32,000,00000,KERALA,006240, Hindi,45817,32522,13295,11257,8493,2764,34560,24029,10531
C0116,32,000,00000,KERALA,006265, Jaunpuri/Jaunsari,3,3,0,1,1,0,2,2,0
C0116,32,000,00000,KERALA,006291, Kangri,1,1,0,0,0,0,1,1,0
C0116,32,000,00000,KERALA,006320, Khortha/Khotta,18,17,1,2,1,1,16,16,0
C0116,32,000,00000,KERALA,006340, Kumauni,31,23,8,0,0,0,31,23,8
C0116,32,000,00000,KERALA,006345, Kurmali Thar,1,1,0,1,1,0,0,0,0
C0116,32,000,00000,KERALA,006353, Lamani/Lambadi,54,32,22,0,0,0,54,32,22
C0116,32,000,00000,KERALA,006376, Magadhi/Magahi,61,41,20,3,3,0,58,38,20
C0116,32,000,00000,KERALA,006394, Mandeali,2,2,0,2,2,0,0,0,0
C0116,32,000,00000,KERALA,006400, Marwari,571,326,245,37,21,16,534,305,229
C0116,32,000,00000,KERALA,006409, Mewati,1,1,0,1,1,0,0,0,0
C0116,32,000,00000,KERALA,006420, Nagpuria,11,11,0,9,9,0,2,2,0
C0116,32,000,00000,KERALA,006439, Pahari,70,51,19,7,7,0,63,44,19
C0116,32,000,00000,KERALA,006489, Rajasthani,1279,850,429,185,135,50,1094,715,379
C0116,32,000,00000,KERALA,006503, Sadan/Sadri,120,86,34,37,21,16,83,65,18
C0116,32,000,00000,KERALA,006541, Sugali,4,1,3,0,0,0,4,1,3
C0116,32,000,00000,KERALA,006548, Surjapuri,5,5,0,0,0,0,5,5,0
C0116,32,000,00000,KERALA,006999,6 Others,1523,1265,258,489,415,74,1034,850,184
C0116,32,000,00000,KERALA,007000,7 KANNADA,86995,43981,43014,58195,29280,28915,28800,14701,14099
C0116,32,000,00000,KERALA,007002, Badaga,20,7,13,1,0,1,19,7,12
C0116,32,000,00000,KERALA,007016, Kannada,78067,39578,38489,49503,25000,24503,28564,14578,13986
C0116,32,000,00000,KERALA,007027, Kuruba/Kurumba,3257,1553,1704,3245,1545,1700,12,8,4
C0116,32,000,00000,KERALA,007041, Prakritha/Prakritha Bhasha,12,8,4,12,8,4,0,0,0
C0116,32,000,00000,KERALA,007999,7 Others,5639,2835,2804,5434,2727,2707,205,108,97
C0116,32,000,00000,KERALA,008000,8 KASHMIRI ,651,512,139,107,81,26,544,431,113
C0116,32,000,00000,KERALA,008005, Kashmiri,645,506,139,101,75,26,544,431,113
C0116,32,000,00000,KERALA,008019, Dardi,6,6,0,6,6,0,0,0,0
C0116,32,000,00000,KERALA,009000,9 KONKANI,69449,34571,34878,16312,8414,7898,53137,26157,26980
C0116,32,000,00000,KERALA,009011, Konkani,68595,34160,34435,16148,8339,7809,52447,25821,26626
C0116,32,000,00000,KERALA,009013, Kudubi/Kudumbi,655,324,331,70,34,36,585,290,295
C0116,32,000,00000,KERALA,009020, Nawait,98,42,56,0,0,0,98,42,56
C0116,32,000,00000,KERALA,009999,9 Others,101,45,56,94,41,53,7,4,3
C0116,32,000,00000,KERALA,010000,10 MAITHILI ,214,141,73,24,17,7,190,124,66
C0116,32,000,00000,KERALA,010008, Maithili,214,141,73,24,17,7,190,124,66
C0116,32,000,00000,KERALA,011000,11 MALAYALAM,32413213,15491966,16921247,16867245,8091000,8776245,15545968,7400966,8145002
C0116,32,000,00000,KERALA,011016, Malayalam,32393324,15482417,16910907,16848670,8082073,8766597,15544654,7400344,8144310
C0116,32,000,00000,KERALA,011023, Pania,15530,7477,8053,14804,7129,7675,726,348,378
C0116,32,000,00000,KERALA,011999,11 Others,4359,2072,2287,3771,1798,1973,588,274,314
C0116,32,000,00000,KERALA,012000,12 MANIPURI ,444,339,105,91,68,23,353,271,82
C0116,32,000,00000,KERALA,012003, Manipuri,442,339,103,90,68,22,352,271,81
C0116,32,000,00000,KERALA,012999,12 Others,2,0,2,1,0,1,1,0,1
C0116,32,000,00000,KERALA,013000,13 MARATHI ,31642,16271,15371,23942,11954,11988,7700,4317,3383
C0116,32,000,00000,KERALA,013060, Koli,3,2,1,3,2,1,0,0,0
C0116,32,000,00000,KERALA,013071, Marathi,31559,16222,15337,23873,11918,11955,7686,4304,3382
C0116,32,000,00000,KERALA,013999,13 Others,80,47,33,66,34,32,14,13,1
C0116,32,000,00000,KERALA,014000,14 NEPALI ,3665,2482,1183,1026,685,341,2639,1797,842
C0116,32,000,00000,KERALA,014011, Nepali,3658,2475,1183,1025,684,341,2633,1791,842
C0116,32,000,00000,KERALA,014999,14 Others,7,7,0,1,1,0,6,6,0
C0116,32,000,00000,KERALA,015000,15 ODIA ,10958,9184,1774,4123,3481,642,6835,5703,1132
C0116,32,000,00000,KERALA,015043, Odia,10911,9158,1753,4078,3457,621,6833,5701,1132
C0116,32,000,00000,KERALA,015999,15 Others,47,26,21,45,24,21,2,2,0
C0116,32,000,00000,KERALA,016000,16 PUNJABI ,1380,924,456,178,138,40,1202,786,416
C0116,32,000,00000,KERALA,016038, Punjabi,1344,898,446,156,118,38,1188,780,408
C0116,32,000,00000,KERALA,016999,16 Others,36,26,10,22,20,2,14,6,8
C0116,32,000,00000,KERALA,017000,17 SANSKRIT ,278,142,136,95,52,43,183,90,93
C0116,32,000,00000,KERALA,017002, Sanskrit,278,142,136,95,52,43,183,90,93
C0116,32,000,00000,KERALA,018000,18 SANTALI ,114,77,37,72,49,23,42,28,14
C0116,32,000,00000,KERALA,018040, Santali,114,77,37,72,49,23,42,28,14
C0116,32,000,00000,KERALA,019000,19 SINDHI,1251,598,653,9,4,5,1242,594,648
C0116,32,000,00000,KERALA,019008, Kachchhi,1097,520,577,8,3,5,1089,517,572
C0116,32,000,00000,KERALA,019014, Sindhi,154,78,76,1,1,0,153,77,76
C0116,32,000,00000,KERALA,020000,20 TAMIL ,502516,258947,243569,346256,176165,170091,156260,82782,73478
C0116,32,000,00000,KERALA,020006, Irula/Irular Mozhi,3562,1752,1810,3562,1752,1810,0,0,0
C0116,32,000,00000,KERALA,020027, Tamil,498938,257186,241752,342679,174405,168274,156259,82781,73478
C0116,32,000,00000,KERALA,020999,20 Others,16,9,7,15,8,7,1,1,0
C0116,32,000,00000,KERALA,021000,21 TELUGU ,35380,18214,17166,17678,9038,8640,17702,9176,8526
C0116,32,000,00000,KERALA,021046, Telugu,35355,18203,17152,17669,9034,8635,17686,9169,8517
C0116,32,000,00000,KERALA,021999,21 Others,25,11,14,9,4,5,16,7,9
C0116,32,000,00000,KERALA,022000,22 URDU,13122,6608,6514,4002,1984,2018,9120,4624,4496
C0116,32,000,00000,KERALA,022015, Urdu,13087,6580,6507,3992,1975,2017,9095,4605,4490
C0116,32,000,00000,KERALA,022999,22 Others,35,28,7,10,9,1,25,19,6
C0116,32,000,00000,KERALA,023000,23 ADI ,29,14,15,20,9,11,9,5,4
C0116,32,000,00000,KERALA,023003, Adi,24,13,11,20,9,11,4,4,0
C0116,32,000,00000,KERALA,023006, Adi Gallong/Gallong,4,1,3,0,0,0,4,1,3
C0116,32,000,00000,KERALA,023040, Talgalo,1,0,1,0,0,0,1,0,1
C0116,32,000,00000,KERALA,024000,24 AFGHANI/KABULI/PASHTO ,12,12,0,2,2,0,10,10,0
C0116,32,000,00000,KERALA,024001, Afghani/Kabuli/Pashto,12,12,0,2,2,0,10,10,0
C0116,32,000,00000,KERALA,025000,25 ANAL ,1,0,1,0,0,0,1,0,1
C0116,32,000,00000,KERALA,025001, Anal,1,0,1,0,0,0,1,0,1
C0116,32,000,00000,KERALA,026000,26 ANGAMI ,3,2,1,0,0,0,3,2,1
C0116,32,000,00000,KERALA,026002, Angami,1,0,1,0,0,0,1,0,1
C0116,32,000,00000,KERALA,026999,26 Others,2,2,0,0,0,0,2,2,0
C0116,32,000,00000,KERALA,027000,27 AO ,5,3,2,1,1,0,4,2,2
C0116,32,000,00000,KERALA,027001, Ao,2,1,1,1,1,0,1,0,1
C0116,32,000,00000,KERALA,027999,27 Others,3,2,1,0,0,0,3,2,1
C0116,32,000,00000,KERALA,028000,28 ARABIC/ARBI ,240,139,101,111,54,57,129,85,44
C0116,32,000,00000,KERALA,028001, Arabic/Arbi,240,139,101,111,54,57,129,85,44
C0116,32,000,00000,KERALA,030000,30 BHILI/BHILODI ,3458,1737,1721,3187,1595,1592,271,142,129
C0116,32,000,00000,KERALA,030002, Baori,360,180,180,171,82,89,189,98,91
C0116,32,000,00000,KERALA,030007, Bhili/Bhilodi,7,4,3,7,4,3,0,0,0
C0116,32,000,00000,KERALA,030020, Gamti/Gavit,1,1,0,0,0,0,1,1,0
C0116,32,000,00000,KERALA,030035, Kokna/Kokni/Kukna,2,2,0,0,0,0,2,2,0
C0116,32,000,00000,KERALA,030999,30 Others,3088,1550,1538,3009,1509,1500,79,41,38
C0116,32,000,00000,KERALA,031000,31 BHOTIA ,5,2,3,0,0,0,5,2,3
C0116,32,000,00000,KERALA,031999,31 Others,5,2,3,0,0,0,5,2,3
C0116,32,000,00000,KERALA,037000,37 COORGI/KODAGU ,75,39,36,30,13,17,45,26,19
C0116,32,000,00000,KERALA,037001, Coorgi/Kodagu,75,39,36,30,13,17,45,26,19
C0116,32,000,00000,KERALA,040000,40 ENGLISH ,4471,2071,2400,1142,550,592,3329,1521,1808
C0116,32,000,00000,KERALA,040001, English,4471,2071,2400,1142,550,592,3329,1521,1808
C0116,32,000,00000,KERALA,043000,43 GARO ,6,6,0,3,3,0,3,3,0
C0116,32,000,00000,KERALA,043005, Garo,6,6,0,3,3,0,3,3,0
C0116,32,000,00000,KERALA,044000,44 GONDI,5,1,4,0,0,0,5,1,4
C0116,32,000,00000,KERALA,044002, Dorli,1,1,0,0,0,0,1,1,0
C0116,32,000,00000,KERALA,044007, Gondi,4,0,4,0,0,0,4,0,4
C0116,32,000,00000,KERALA,045000,45 HALABI,2,1,1,2,1,1,0,0,0
C0116,32,000,00000,KERALA,045001, Halabi,2,1,1,2,1,1,0,0,0
C0116,32,000,00000,KERALA,048000,48 HO,21,15,6,17,12,5,4,3,1
C0116,32,000,00000,KERALA,048004, Ho,21,15,6,17,12,5,4,3,1
C0116,32,000,00000,KERALA,051000,51 KABUI ,5,2,3,4,1,3,1,1,0
C0116,32,000,00000,KERALA,051003, Kabui,2,1,1,2,1,1,0,0,0
C0116,32,000,00000,KERALA,051005, Rongmei,3,1,2,2,0,2,1,1,0
C0116,32,000,00000,KERALA,052000,52 KARBI/MIKIR ,13,5,8,1,0,1,12,5,7
C0116,32,000,00000,KERALA,052002, Karbi/Mikir,13,5,8,1,0,1,12,5,7
C0116,32,000,00000,KERALA,053000,53 KHANDESHI,1,1,0,1,1,0,0,0,0
C0116,32,000,00000,KERALA,053005, Gujari,1,1,0,1,1,0,0,0,0
C0116,32,000,00000,KERALA,054000,54 KHARIA ,10,10,0,0,0,0,10,10,0
C0116,32,000,00000,KERALA,054005, Kharia,1,1,0,0,0,0,1,1,0
C0116,32,000,00000,KERALA,054999,54 Others,9,9,0,0,0,0,9,9,0
C0116,32,000,00000,KERALA,055000,55 KHASI ,18,12,6,11,6,5,7,6,1
C0116,32,000,00000,KERALA,055007, Khasi,18,12,6,11,6,5,7,6,1
C0116,32,000,00000,KERALA,058000,58 KHOND/KONDH ,331,168,163,331,168,163,0,0,0
C0116,32,000,00000,KERALA,058001, Khond/Kondh,331,168,163,331,168,163,0,0,0
C0116,32,000,00000,KERALA,059000,59 KINNAURI ,1,1,0,0,0,0,1,1,0
C0116,32,000,00000,KERALA,059999,59 Others,1,1,0,0,0,0,1,1,0
C0116,32,000,00000,KERALA,060000,60 KISAN ,1,1,0,1,1,0,0,0,0
C0116,32,000,00000,KERALA,060002, Kisan,1,1,0,1,1,0,0,0,0
C0116,32,000,00000,KERALA,064000,64 KOM,12,8,4,1,1,0,11,7,4
C0116,32,000,00000,KERALA,064001, Kom,12,8,4,1,1,0,11,7,4
C0116,32,000,00000,KERALA,067000,67 KORKU ,1,1,0,0,0,0,1,1,0
C0116,32,000,00000,KERALA,067999,67 Others ,1,1,0,0,0,0,1,1,0
C0116,32,000,00000,KERALA,068000,68 KORWA ,7,5,2,3,2,1,4,3,1
C0116,32,000,00000,KERALA,068999,68 Others ,7,5,2,3,2,1,4,3,1
C0116,32,000,00000,KERALA,070000,70 KUI ,16,7,9,9,2,7,7,5,2
C0116,32,000,00000,KERALA,070001, Kui,16,7,9,9,2,7,7,5,2
C0116,32,000,00000,KERALA,071000,71 KUKI,17,15,2,4,3,1,13,12,1
C0116,32,000,00000,KERALA,071008, Kuki,16,15,1,3,3,0,13,12,1
C0116,32,000,00000,KERALA,071999,71 Others ,1,0,1,1,0,1,0,0,0
C0116,32,000,00000,KERALA,072000,72 KURUKH/ORAON ,56,50,6,23,21,2,33,29,4
C0116,32,000,00000,KERALA,072024, Kurukh/Oraon,52,46,6,23,21,2,29,25,4
C0116,32,000,00000,KERALA,072999,72 Others ,4,4,0,0,0,0,4,4,0
C0116,32,000,00000,KERALA,073000,73 LADAKHI ,16,16,0,0,0,0,16,16,0
C0116,32,000,00000,KERALA,073003, Ladakhi,16,16,0,0,0,0,16,16,0
C0116,32,000,00000,KERALA,074000,74 LAHAULI ,4,1,3,0,0,0,4,1,3
C0116,32,000,00000,KERALA,074999,74 Others ,4,1,3,0,0,0,4,1,3
C0116,32,000,00000,KERALA,076000,76 LAKHER,6,4,2,5,3,2,1,1,0
C0116,32,000,00000,KERALA,076002, Mara,6,4,2,5,3,2,1,1,0
C0116,32,000,00000,KERALA,079000,79 LIANGMEI ,3,1,2,3,1,2,0,0,0
C0116,32,000,00000,KERALA,079002, Liangmei,1,1,0,1,1,0,0,0,0
C0116,32,000,00000,KERALA,079999,79 Others ,2,0,2,2,0,2,0,0,0
C0116,32,000,00000,KERALA,081000,81 LOTHA ,1,0,1,0,0,0,1,0,1
C0116,32,000,00000,KERALA,081001, Lotha,1,0,1,0,0,0,1,0,1
C0116,32,000,00000,KERALA,082000,82 LUSHAI/MIZO ,21,13,8,4,2,2,17,11,6
C0116,32,000,00000,KERALA,082005, Lushai/Mizo,21,13,8,4,2,2,17,11,6
C0116,32,000,00000,KERALA,083000,83 MALTO ,74,46,28,0,0,0,74,46,28
C0116,32,000,00000,KERALA,083999,83 Others,74,46,28,0,0,0,74,46,28
C0116,32,000,00000,KERALA,084000,84 MAO,2,2,0,1,1,0,1,1,0
C0116,32,000,00000,KERALA,084001, Mao,2,2,0,1,1,0,1,1,0
C0116,32,000,00000,KERALA,085000,85 MARAM,6,5,1,6,5,1,0,0,0
C0116,32,000,00000,KERALA,085001, Maram ,6,5,1,6,5,1,0,0,0
C0116,32,000,00000,KERALA,091000,91 MUNDA,20,12,8,6,5,1,14,7,7
C0116,32,000,00000,KERALA,091006, Kol,1,0,1,1,0,1,0,0,0
C0116,32,000,00000,KERALA,091009, Munda,17,11,6,5,5,0,12,6,6
C0116,32,000,00000,KERALA,091999,91 Others ,2,1,1,0,0,0,2,1,1
C0116,32,000,00000,KERALA,092000,92 MUNDARI ,25,18,7,5,4,1,20,14,6
C0116,32,000,00000,KERALA,092005, Mundari,25,18,7,5,4,1,20,14,6
C0116,32,000,00000,KERALA,094000,94 NISSI/DAFLA ,8,6,2,4,3,1,4,3,1
C0116,32,000,00000,KERALA,094001, Apatani,2,2,0,1,1,0,1,1,0
C0116,32,000,00000,KERALA,094007, Nissi/Dafla,5,3,2,3,2,1,2,1,1
C0116,32,000,00000,KERALA,094999,94 Others ,1,1,0,0,0,0,1,1,0
C0116,32,000,00000,KERALA,096000,96 PAITE,6,3,3,0,0,0,6,3,3
C0116,32,000,00000,KERALA,096002, Paite,6,3,3,0,0,0,6,3,3
C0116,32,000,00000,KERALA,102000,102 RABHA ,14,14,0,0,0,0,14,14,0
C0116,32,000,00000,KERALA,102002, Rabha,14,14,0,0,0,0,14,14,0
C0116,32,000,00000,KERALA,103000,103 RAI ,1,1,0,0,0,0,1,1,0
C0116,32,000,00000,KERALA,103999,103 Others ,1,1,0,0,0,0,1,1,0
C0116,32,000,00000,KERALA,104000,104 RENGMA ,2,0,2,2,0,2,0,0,0
C0116,32,000,00000,KERALA,104001, Rengma,2,0,2,2,0,2,0,0,0
C0116,32,000,00000,KERALA,106000,106 SAVARA,10,4,6,2,1,1,8,3,5
C0116,32,000,00000,KERALA,106004, Savara,10,4,6,2,1,1,8,3,5
C0116,32,000,00000,KERALA,109000,109 SHINA,1,1,0,1,1,0,0,0,0
C0116,32,000,00000,KERALA,109005, Shina,1,1,0,1,1,0,0,0,0
C0116,32,000,00000,KERALA,111000,111 TAMANG ,2,1,1,0,0,0,2,1,1
C0116,32,000,00000,KERALA,111001, Tamang,2,1,1,0,0,0,2,1,1
C0116,32,000,00000,KERALA,113000,113 TANGSA,20,10,10,20,10,10,0,0,0
C0116,32,000,00000,KERALA,113999,113 Others,20,10,10,20,10,10,0,0,0
C0116,32,000,00000,KERALA,114000,114 THADO ,7,7,0,5,5,0,2,2,0
C0116,32,000,00000,KERALA,114015, Thado,7,7,0,5,5,0,2,2,0
C0116,32,000,00000,KERALA,115000,115 TIBETAN ,7,4,3,0,0,0,7,4,3
C0116,32,000,00000,KERALA,115008, Tibetan,7,4,3,0,0,0,7,4,3
C0116,32,000,00000,KERALA,116000,116 TRIPURI ,13,11,2,5,5,0,8,6,2
C0116,32,000,00000,KERALA,116007, Kokbarak,6,5,1,5,5,0,1,0,1
C0116,32,000,00000,KERALA,116014, Tripuri,7,6,1,0,0,0,7,6,1
C0116,32,000,00000,KERALA,117000,117 TULU ,124266,61681,62585,91046,45267,45779,33220,16414,16806
C0116,32,000,00000,KERALA,117009, Tulu,124256,61673,62583,91037,45260,45777,33219,16413,16806
C0116,32,000,00000,KERALA,117999,117 Others ,10,8,2,9,7,2,1,1,0
C0116,32,000,00000,KERALA,118000,118 VAIPHEI ,2,1,1,0,0,0,2,1,1
C0116,32,000,00000,KERALA,118002, Vaiphei,2,1,1,0,0,0,2,1,1
C0116,32,000,00000,KERALA,119000,119 WANCHO,1,1,0,1,1,0,0,0,0
C0116,32,000,00000,KERALA,119001, Wancho,1,1,0,1,1,0,0,0,0
C0116,32,000,00000,KERALA,121000,121 ZELIANG ,1,0,1,0,0,0,1,0,1
C0116,32,000,00000,KERALA,121001, Zeliang,1,0,1,0,0,0,1,0,1
C0116,32,000,00000,KERALA,122000,122 ZEMI ,64,62,2,0,0,0,64,62,2
C0116,32,000,00000,KERALA,122003, Zemi,64,62,2,0,0,0,64,62,2
C0116,32,000,00000,KERALA,124000,124 OTHERS,9597,4832,4765,7581,3783,3798,2016,1049,967
C0116,33,000,00000,TAMIL NADU,001000,1 ASSAMESE,2594,1877,717,674,533,141,1920,1344,576
C0116,33,000,00000,TAMIL NADU,001002, Assamese,2575,1863,712,671,530,141,1904,1333,571
C0116,33,000,00000,TAMIL NADU,001999,1 Others,19,14,5,3,3,0,16,11,5
C0116,33,000,00000,TAMIL NADU,002000,2 BENGALI ,22969,14490,8479,2515,1770,745,20454,12720,7734
C0116,33,000,00000,TAMIL NADU,002007, Bengali,22930,14458,8472,2496,1751,745,20434,12707,7727
C0116,33,000,00000,TAMIL NADU,002011, Chakma,38,31,7,19,19,0,19,12,7
C0116,33,000,00000,TAMIL NADU,002999,2 Others,1,1,0,0,0,0,1,1,0
C0116,33,000,00000,TAMIL NADU,003000,3 BODO ,67,41,26,13,9,4,54,32,22
C0116,33,000,00000,TAMIL NADU,003001, Bodo/Boro,53,34,19,13,9,4,40,25,15
C0116,33,000,00000,TAMIL NADU,003003, Kachari,14,7,7,0,0,0,14,7,7
C0116,33,000,00000,TAMIL NADU,004000,4 DOGRI ,934,717,217,49,45,4,885,672,213
C0116,33,000,00000,TAMIL NADU,004001, Dogri,934,717,217,49,45,4,885,672,213
C0116,33,000,00000,TAMIL NADU,005000,5 GUJARATI,275023,138490,136533,17862,9143,8719,257161,129347,127814
C0116,33,000,00000,TAMIL NADU,005018, Gujarati,34793,17586,17207,1727,891,836,33066,16695,16371
C0116,33,000,00000,TAMIL NADU,005052, Pattani,419,211,208,266,139,127,153,72,81
C0116,33,000,00000,TAMIL NADU,005057, Saurashtra/Saurashtri,238556,120084,118472,15721,8046,7675,222835,112038,110797
C0116,33,000,00000,TAMIL NADU,005999,5 Others,1255,609,646,148,67,81,1107,542,565
C0116,33,000,00000,TAMIL NADU,006000,6 HINDI ,393380,223915,169465,48662,30180,18482,344718,193735,150983
C0116,33,000,00000,TAMIL NADU,006030, Awadhi,11,9,2,3,2,1,8,7,1
C0116,33,000,00000,TAMIL NADU,006040, Baghati/Baghati Pahari,76,36,40,17,8,9,59,28,31
C0116,33,000,00000,TAMIL NADU,006066, Banjari,481,246,235,460,234,226,21,12,9
C0116,33,000,00000,TAMIL NADU,006086, Bhadrawahi,2,2,0,0,0,0,2,2,0
C0116,33,000,00000,TAMIL NADU,006096, Bharmauri/Gaddi,6,5,1,1,0,1,5,5,0
C0116,33,000,00000,TAMIL NADU,006102, Bhojpuri,944,689,255,309,237,72,635,452,183
C0116,33,000,00000,TAMIL NADU,006123, Brajbhasha,20,15,5,0,0,0,20,15,5
C0116,33,000,00000,TAMIL NADU,006125, Bundeli/Bundel khandi,35,20,15,1,1,0,34,19,15
C0116,33,000,00000,TAMIL NADU,006142, Chhattisgarhi,136,81,55,1,1,0,135,80,55
C0116,33,000,00000,TAMIL NADU,006173, Dhundhari,1,1,0,0,0,0,1,1,0
C0116,33,000,00000,TAMIL NADU,006195, Garhwali,93,74,19,31,30,1,62,44,18
C0116,33,000,00000,TAMIL NADU,006207, Gojri/Gujjari/Gujar,3,2,1,0,0,0,3,2,1
C0116,33,000,00000,TAMIL NADU,006235, Haryanvi,118,88,30,5,5,0,113,83,30
C0116,33,000,00000,TAMIL NADU,006240, Hindi,331057,190176,140881,36828,23567,13261,294229,166609,127620
C0116,33,000,00000,TAMIL NADU,006311, Khari Boli,2,2,0,0,0,0,2,2,0
C0116,33,000,00000,TAMIL NADU,006320, Khortha/Khotta,1292,648,644,271,139,132,1021,509,512
C0116,33,000,00000,TAMIL NADU,006340, Kumauni,90,69,21,38,38,0,52,31,21
C0116,33,000,00000,TAMIL NADU,006345, Kurmali Thar,5,5,0,0,0,0,5,5,0
C0116,33,000,00000,TAMIL NADU,006353, Lamani/Lambadi,9794,5294,4500,9522,5145,4377,272,149,123
C0116,33,000,00000,TAMIL NADU,006376, Magadhi/Magahi,85,55,30,11,7,4,74,48,26
C0116,33,000,00000,TAMIL NADU,006394, Mandeali,4,3,1,0,0,0,4,3,1
C0116,33,000,00000,TAMIL NADU,006400, Marwari,34854,18406,16448,226,135,91,34628,18271,16357
C0116,33,000,00000,TAMIL NADU,006439, Pahari,85,73,12,56,54,2,29,19,10
C0116,33,000,00000,TAMIL NADU,006489, Rajasthani,9792,5319,4473,341,189,152,9451,5130,4321
C0116,33,000,00000,TAMIL NADU,006503, Sadan/Sadri,238,125,113,56,34,22,182,91,91
C0116,33,000,00000,TAMIL NADU,006541, Sugali,4,2,2,0,0,0,4,2,2
C0116,33,000,00000,TAMIL NADU,006548, Surjapuri,22,22,0,0,0,0,22,22,0
C0116,33,000,00000,TAMIL NADU,006999,6 Others,4130,2448,1682,485,354,131,3645,2094,1551
C0116,33,000,00000,TAMIL NADU,007000,7 KANNADA,1286175,641240,644935,694645,347551,347094,591530,293689,297841
C0116,33,000,00000,TAMIL NADU,007002, Badaga,132102,63073,69029,80392,38306,42086,51710,24767,26943
C0116,33,000,00000,TAMIL NADU,007016, Kannada,1141976,572296,569680,606611,305561,301050,535365,266735,268630
C0116,33,000,00000,TAMIL NADU,007027, Kuruba/Kurumba,5134,2486,2648,2868,1388,1480,2266,1098,1168
C0116,33,000,00000,TAMIL NADU,007041, Prakritha/Prakritha Bhasha,71,34,37,0,0,0,71,34,37
C0116,33,000,00000,TAMIL NADU,007999,7 Others,6892,3351,3541,4774,2296,2478,2118,1055,1063
C0116,33,000,00000,TAMIL NADU,008000,8 KASHMIRI ,453,242,211,40,24,16,413,218,195
C0116,33,000,00000,TAMIL NADU,008005, Kashmiri,450,240,210,40,24,16,410,216,194
C0116,33,000,00000,TAMIL NADU,008010, Kishtwari,3,2,1,0,0,0,3,2,1
C0116,33,000,00000,TAMIL NADU,009000,9 KONKANI,6098,3027,3071,222,105,117,5876,2922,2954
C0116,33,000,00000,TAMIL NADU,009011, Konkani,5989,2967,3022,203,97,106,5786,2870,2916
C0116,33,000,00000,TAMIL NADU,009013, Kudubi/Kudumbi,1,1,0,0,0,0,1,1,0
C0116,33,000,00000,TAMIL NADU,009020, Nawait,21,10,11,0,0,0,21,10,11
C0116,33,000,00000,TAMIL NADU,009999,9 Others,87,49,38,19,8,11,68,41,27
C0116,33,000,00000,TAMIL NADU,010000,10 MAITHILI ,380,260,120,114,95,19,266,165,101
C0116,33,000,00000,TAMIL NADU,010008, Maithili,380,260,120,114,95,19,266,165,101
C0116,33,000,00000,TAMIL NADU,011000,11 MALAYALAM,726096,351256,374840,109184,53231,55953,616912,298025,318887
C0116,33,000,00000,TAMIL NADU,011016, Malayalam,718977,347788,371189,104745,51089,53656,614232,296699,317533
C0116,33,000,00000,TAMIL NADU,011023, Pania,7000,3414,3586,4325,2090,2235,2675,1324,1351
C0116,33,000,00000,TAMIL NADU,011999,11 Others,119,54,65,114,52,62,5,2,3
C0116,33,000,00000,TAMIL NADU,012000,12 MANIPURI ,928,559,369,360,228,132,568,331,237
C0116,33,000,00000,TAMIL NADU,012003, Manipuri,913,552,361,358,227,131,555,325,230
C0116,33,000,00000,TAMIL NADU,012999,12 Others,15,7,8,2,1,1,13,6,7
C0116,33,000,00000,TAMIL NADU,013000,13 MARATHI ,85454,43642,41812,18848,9626,9222,66606,34016,32590
C0116,33,000,00000,TAMIL NADU,013071, Marathi,85380,43607,41773,18833,9619,9214,66547,33988,32559
C0116,33,000,00000,TAMIL NADU,013999,13 Others,74,35,39,15,7,8,59,28,31
C0116,33,000,00000,TAMIL NADU,014000,14 NEPALI ,7575,4475,3100,1663,990,673,5912,3485,2427
C0116,33,000,00000,TAMIL NADU,014011, Nepali,7574,4475,3099,1663,990,673,5911,3485,2426
C0116,33,000,00000,TAMIL NADU,014999,14 Others,1,0,1,0,0,0,1,0,1
C0116,33,000,00000,TAMIL NADU,015000,15 ODIA ,21381,14066,7315,7414,5177,2237,13967,8889,5078
C0116,33,000,00000,TAMIL NADU,015043, Odia,21132,13949,7183,7203,5077,2126,13929,8872,5057
C0116,33,000,00000,TAMIL NADU,015999,15 Others,249,117,132,211,100,111,38,17,21
C0116,33,000,00000,TAMIL NADU,016000,16 PUNJABI ,6565,3628,2937,394,254,140,6171,3374,2797
C0116,33,000,00000,TAMIL NADU,016002, Bagri,8,5,3,3,3,0,5,2,3
C0116,33,000,00000,TAMIL NADU,016038, Punjabi,6555,3621,2934,389,249,140,6166,3372,2794
C0116,33,000,00000,TAMIL NADU,016999,16 Others,2,2,0,2,2,0,0,0,0
C0116,33,000,00000,TAMIL NADU,017000,17 SANSKRIT ,803,402,401,60,29,31,743,373,370
C0116,33,000,00000,TAMIL NADU,017002, Sanskrit,795,397,398,60,29,31,735,368,367
C0116,33,000,00000,TAMIL NADU,017999,17 Others,8,5,3,0,0,0,8,5,3
C0116,33,000,00000,TAMIL NADU,018000,18 SANTALI ,156,114,42,47,38,9,109,76,33
C0116,33,000,00000,TAMIL NADU,018011, Mahili,4,3,1,0,0,0,4,3,1
C0116,33,000,00000,TAMIL NADU,018040, Santali,152,111,41,47,38,9,105,73,32
C0116,33,000,00000,TAMIL NADU,019000,19 SINDHI,8448,4136,4312,58,37,21,8390,4099,4291
C0116,33,000,00000,TAMIL NADU,019008, Kachchhi,690,333,357,7,3,4,683,330,353
C0116,33,000,00000,TAMIL NADU,019014, Sindhi,7757,3802,3955,51,34,17,7706,3768,3938
C0116,33,000,00000,TAMIL NADU,019999,19 Others,1,1,0,0,0,0,1,1,0
C0116,33,000,00000,TAMIL NADU,020000,20 TAMIL ,63753997,31918554,31835443,34096860,17100800,16996060,29657137,14817754,14839383
C0116,33,000,00000,TAMIL NADU,020006, Irula/Irular Mozhi,8306,4096,4210,7735,3812,3923,571,284,287
C0116,33,000,00000,TAMIL NADU,020015, Korava,1575,785,790,1415,707,708,160,78,82
C0116,33,000,00000,TAMIL NADU,020027, Tamil,63743847,31913539,31830308,34087554,17096202,16991352,29656293,14817337,14838956
C0116,33,000,00000,TAMIL NADU,020999,20 Others,269,134,135,156,79,77,113,55,58
C0116,33,000,00000,TAMIL NADU,021000,21 TELUGU ,4234302,2117986,2116316,1973884,991212,982672,2260418,1126774,1133644
C0116,33,000,00000,TAMIL NADU,021046, Telugu,4234216,2117945,2116271,1973842,991195,982647,2260374,1126750,1133624
C0116,33,000,00000,TAMIL NADU,021048, Vadari,16,7,9,15,6,9,1,1,0
C0116,33,000,00000,TAMIL NADU,021999,21 Others,70,34,36,27,11,16,43,23,20
C0116,33,000,00000,TAMIL NADU,022000,22 URDU,1264537,630059,634478,243487,121512,121975,1021050,508547,512503
C0116,33,000,00000,TAMIL NADU,022015, Urdu,1264412,629981,634431,243462,121497,121965,1020950,508484,512466
C0116,33,000,00000,TAMIL NADU,022016, Bhansari,53,32,21,15,8,7,38,24,14
C0116,33,000,00000,TAMIL NADU,022999,22 Others,72,46,26,10,7,3,62,39,23
C0116,33,000,00000,TAMIL NADU,023000,23 ADI ,30,18,12,7,7,0,23,11,12
C0116,33,000,00000,TAMIL NADU,023003, Adi,9,7,2,2,2,0,7,5,2
C0116,33,000,00000,TAMIL NADU,023010, Adi Miniyong/Miniyong,2,1,1,0,0,0,2,1,1
C0116,33,000,00000,TAMIL NADU,023040, Talgalo,2,2,0,2,2,0,0,0,0
C0116,33,000,00000,TAMIL NADU,023999,23 Others,17,8,9,3,3,0,14,5,9
C0116,33,000,00000,TAMIL NADU,024000,24 AFGHANI/KABULI/PASHTO ,14,14,0,0,0,0,14,14,0
C0116,33,000,00000,TAMIL NADU,024001, Afghani/Kabuli/Pashto,13,13,0,0,0,0,13,13,0
C0116,33,000,00000,TAMIL NADU,024999,24 Others,1,1,0,0,0,0,1,1,0
C0116,33,000,00000,TAMIL NADU,025000,25 ANAL ,1,1,0,0,0,0,1,1,0
C0116,33,000,00000,TAMIL NADU,025001, Anal,1,1,0,0,0,0,1,1,0
C0116,33,000,00000,TAMIL NADU,026000,26 ANGAMI ,27,8,19,3,1,2,24,7,17
C0116,33,000,00000,TAMIL NADU,026002, Angami,15,6,9,0,0,0,15,6,9
C0116,33,000,00000,TAMIL NADU,026999,26 Others,12,2,10,3,1,2,9,1,8
C0116,33,000,00000,TAMIL NADU,027000,27 AO ,6,3,3,1,1,0,5,2,3
C0116,33,000,00000,TAMIL NADU,027001, Ao,5,2,3,1,1,0,4,1,3
C0116,33,000,00000,TAMIL NADU,027999,27 Others,1,1,0,0,0,0,1,1,0
C0116,33,000,00000,TAMIL NADU,028000,28 ARABIC/ARBI ,1119,627,492,309,165,144,810,462,348
C0116,33,000,00000,TAMIL NADU,028001, Arabic/Arbi,1119,627,492,309,165,144,810,462,348
C0116,33,000,00000,TAMIL NADU,030000,30 BHILI/BHILODI ,1405,716,689,575,285,290,830,431,399
C0116,33,000,00000,TAMIL NADU,030007, Bhili/Bhilodi,2,1,1,0,0,0,2,1,1
C0116,33,000,00000,TAMIL NADU,030011, Chodhari,4,3,1,0,0,0,4,3,1
C0116,33,000,00000,TAMIL NADU,030015, Dhodia,15,12,3,0,0,0,15,12,3
C0116,33,000,00000,TAMIL NADU,030035, Kokna/Kokni/Kukna,51,29,22,1,0,1,50,29,21
C0116,33,000,00000,TAMIL NADU,030049, Mawchi,1,0,1,0,0,0,1,0,1
C0116,33,000,00000,TAMIL NADU,030066, Paradhi,1,1,0,0,0,0,1,1,0
C0116,33,000,00000,TAMIL NADU,030999,30 Others,1331,670,661,574,285,289,757,385,372
C0116,33,000,00000,TAMIL NADU,031000,31 BHOTIA ,10,10,0,6,6,0,4,4,0
C0116,33,000,00000,TAMIL NADU,031001, Bhotia,6,6,0,6,6,0,0,0,0
C0116,33,000,00000,TAMIL NADU,031999,31 Others,4,4,0,0,0,0,4,4,0
C0116,33,000,00000,TAMIL NADU,032000,32 BHUMIJ ,2,0,2,1,0,1,1,0,1
C0116,33,000,00000,TAMIL NADU,032999,32 Others,2,0,2,1,0,1,1,0,1
C0116,33,000,00000,TAMIL NADU,035000,35 CHAKRU/CHOKRI ,5,2,3,0,0,0,5,2,3
C0116,33,000,00000,TAMIL NADU,035001, Chakru/Chokri,5,2,3,0,0,0,5,2,3
C0116,33,000,00000,TAMIL NADU,037000,37 COORGI/KODAGU ,179,95,84,32,18,14,147,77,70
C0116,33,000,00000,TAMIL NADU,037001, Coorgi/Kodagu,177,94,83,32,18,14,145,76,69
C0116,33,000,00000,TAMIL NADU,037003, Kodava,2,1,1,0,0,0,2,1,1
C0116,33,000,00000,TAMIL NADU,039000,39 DIMASA ,51,24,27,2,0,2,49,24,25
C0116,33,000,00000,TAMIL NADU,039002, Dimasa,1,1,0,0,0,0,1,1,0
C0116,33,000,00000,TAMIL NADU,039999,39 Others,50,23,27,2,0,2,48,23,25
C0116,33,000,00000,TAMIL NADU,040000,40 ENGLISH ,24495,12084,12411,2279,1214,1065,22216,10870,11346
C0116,33,000,00000,TAMIL NADU,040001, English,24495,12084,12411,2279,1214,1065,22216,10870,11346
C0116,33,000,00000,TAMIL NADU,041000,41 GADABA ,4,3,1,4,3,1,0,0,0
C0116,33,000,00000,TAMIL NADU,041001, Gadaba,4,3,1,4,3,1,0,0,0
C0116,33,000,00000,TAMIL NADU,042000,42 GANGTE ,3,2,1,0,0,0,3,2,1
C0116,33,000,00000,TAMIL NADU,042001, Gangte,3,2,1,0,0,0,3,2,1
C0116,33,000,00000,TAMIL NADU,043000,43 GARO ,12,3,9,6,1,5,6,2,4
C0116,33,000,00000,TAMIL NADU,043005, Garo,12,3,9,6,1,5,6,2,4
C0116,33,000,00000,TAMIL NADU,044000,44 GONDI,290,141,149,41,21,20,249,120,129
C0116,33,000,00000,TAMIL NADU,044007, Gondi,232,112,120,0,0,0,232,112,120
C0116,33,000,00000,TAMIL NADU,044017, Maria/ Muria,5,2,3,5,2,3,0,0,0
C0116,33,000,00000,TAMIL NADU,044999,44 Others,53,27,26,36,19,17,17,8,9
C0116,33,000,00000,TAMIL NADU,046000,46 HALAM ,5,3,2,0,0,0,5,3,2
C0116,33,000,00000,TAMIL NADU,046003, Halam,2,1,1,0,0,0,2,1,1
C0116,33,000,00000,TAMIL NADU,046999,46 Others,3,2,1,0,0,0,3,2,1
C0116,33,000,00000,TAMIL NADU,047000,47 HMAR,5,2,3,0,0,0,5,2,3
C0116,33,000,00000,TAMIL NADU,047001, Hmar,5,2,3,0,0,0,5,2,3
C0116,33,000,00000,TAMIL NADU,048000,48 HO,12,10,2,1,1,0,11,9,2
C0116,33,000,00000,TAMIL NADU,048004, Ho,12,10,2,1,1,0,11,9,2
C0116,33,000,00000,TAMIL NADU,051000,51 KABUI ,4,3,1,2,2,0,2,1,1
C0116,33,000,00000,TAMIL NADU,051005, Rongmei,4,3,1,2,2,0,2,1,1
C0116,33,000,00000,TAMIL NADU,052000,52 KARBI/MIKIR ,2,2,0,1,1,0,1,1,0
C0116,33,000,00000,TAMIL NADU,052002, Karbi/Mikir,2,2,0,1,1,0,1,1,0
C0116,33,000,00000,TAMIL NADU,053000,53 KHANDESHI,12,5,7,1,0,1,11,5,6
C0116,33,000,00000,TAMIL NADU,053002, Ahirani,9,3,6,1,0,1,8,3,5
C0116,33,000,00000,TAMIL NADU,053005, Gujari,3,2,1,0,0,0,3,2,1
C0116,33,000,00000,TAMIL NADU,054000,54 KHARIA ,18,11,7,3,3,0,15,8,7
C0116,33,000,00000,TAMIL NADU,054005, Kharia,14,10,4,2,2,0,12,8,4
C0116,33,000,00000,TAMIL NADU,054999,54 Others,4,1,3,1,1,0,3,0,3
C0116,33,000,00000,TAMIL NADU,055000,55 KHASI ,114,55,59,90,47,43,24,8,16
C0116,33,000,00000,TAMIL NADU,055007, Khasi,73,36,37,52,28,24,21,8,13
C0116,33,000,00000,TAMIL NADU,055012, Pnar/Synteng,37,18,19,35,18,17,2,0,2
C0116,33,000,00000,TAMIL NADU,055015, War,1,0,1,1,0,1,0,0,0
C0116,33,000,00000,TAMIL NADU,055999,55 Others ,3,1,2,2,1,1,1,0,1
C0116,33,000,00000,TAMIL NADU,056000,56 KHEZHA ,5,3,2,2,1,1,3,2,1
C0116,33,000,00000,TAMIL NADU,056999,56 Others ,5,3,2,2,1,1,3,2,1
C0116,33,000,00000,TAMIL NADU,058000,58 KHOND/KONDH ,2,2,0,2,2,0,0,0,0
C0116,33,000,00000,TAMIL NADU,058006, Kuvi,2,2,0,2,2,0,0,0,0
C0116,33,000,00000,TAMIL NADU,060000,60 KISAN ,3,0,3,0,0,0,3,0,3
C0116,33,000,00000,TAMIL NADU,060002, Kisan,3,0,3,0,0,0,3,0,3
C0116,33,000,00000,TAMIL NADU,061000,61 KOCH ,3,3,0,0,0,0,3,3,0
C0116,33,000,00000,TAMIL NADU,061002, Koch,3,3,0,0,0,0,3,3,0
C0116,33,000,00000,TAMIL NADU,062000,62 KODA/KORA ,8,6,2,3,3,0,5,3,2
C0116,33,000,00000,TAMIL NADU,062003, Koda/Kora,8,6,2,3,3,0,5,3,2
C0116,33,000,00000,TAMIL NADU,064000,64 KOM,6,2,4,0,0,0,6,2,4
C0116,33,000,00000,TAMIL NADU,064001, Kom,6,2,4,0,0,0,6,2,4
C0116,33,000,00000,TAMIL NADU,065000,65 KONDA,10,6,4,0,0,0,10,6,4
C0116,33,000,00000,TAMIL NADU,065002, Kodu,1,0,1,0,0,0,1,0,1
C0116,33,000,00000,TAMIL NADU,065003, Konda,1,1,0,0,0,0,1,1,0
C0116,33,000,00000,TAMIL NADU,065999,65 Others ,8,5,3,0,0,0,8,5,3
C0116,33,000,00000,TAMIL NADU,067000,67 KORKU ,12,4,8,0,0,0,12,4,8
C0116,33,000,00000,TAMIL NADU,067001, Korku,9,4,5,0,0,0,9,4,5
C0116,33,000,00000,TAMIL NADU,067999,67 Others ,3,0,3,0,0,0,3,0,3
C0116,33,000,00000,TAMIL NADU,068000,68 KORWA ,11,4,7,5,1,4,6,3,3
C0116,33,000,00000,TAMIL NADU,068999,68 Others ,11,4,7,5,1,4,6,3,3
C0116,33,000,00000,TAMIL NADU,070000,70 KUI ,4,2,2,0,0,0,4,2,2
C0116,33,000,00000,TAMIL NADU,070999,70 Others ,4,2,2,0,0,0,4,2,2
C0116,33,000,00000,TAMIL NADU,071000,71 KUKI,32,14,18,0,0,0,32,14,18
C0116,33,000,00000,TAMIL NADU,071008, Kuki,32,14,18,0,0,0,32,14,18
C0116,33,000,00000,TAMIL NADU,072000,72 KURUKH/ORAON ,817,471,346,362,211,151,455,260,195
C0116,33,000,00000,TAMIL NADU,072024, Kurukh/Oraon,816,470,346,362,211,151,454,259,195
C0116,33,000,00000,TAMIL NADU,072999,72 Others ,1,1,0,0,0,0,1,1,0
C0116,33,000,00000,TAMIL NADU,073000,73 LADAKHI ,15,15,0,6,6,0,9,9,0
C0116,33,000,00000,TAMIL NADU,073003, Ladakhi,15,15,0,6,6,0,9,9,0
C0116,33,000,00000,TAMIL NADU,074000,74 LAHAULI ,44,20,24,15,8,7,29,12,17
C0116,33,000,00000,TAMIL NADU,074002, Lahauli,1,1,0,0,0,0,1,1,0
C0116,33,000,00000,TAMIL NADU,074999,74 Others ,43,19,24,15,8,7,28,11,17
C0116,33,000,00000,TAMIL NADU,075000,75 LAHNDA ,18,8,10,1,0,1,17,8,9
C0116,33,000,00000,TAMIL NADU,075006, Hindi Multani,7,3,4,0,0,0,7,3,4
C0116,33,000,00000,TAMIL NADU,075999,75 Others ,11,5,6,1,0,1,10,5,5
C0116,33,000,00000,TAMIL NADU,076000,76 LAKHER,22,16,6,6,3,3,16,13,3
C0116,33,000,00000,TAMIL NADU,076002, Mara,22,16,6,6,3,3,16,13,3
C0116,33,000,00000,TAMIL NADU,078000,78 LEPCHA ,16,9,7,9,6,3,7,3,4
C0116,33,000,00000,TAMIL NADU,078001, Lepcha,16,9,7,9,6,3,7,3,4
C0116,33,000,00000,TAMIL NADU,080000,80 LIMBU ,1,1,0,0,0,0,1,1,0
C0116,33,000,00000,TAMIL NADU,080999,80 Others ,1,1,0,0,0,0,1,1,0
C0116,33,000,00000,TAMIL NADU,081000,81 LOTHA ,10,8,2,1,1,0,9,7,2
C0116,33,000,00000,TAMIL NADU,081001, Lotha,10,8,2,1,1,0,9,7,2
C0116,33,000,00000,TAMIL NADU,082000,82 LUSHAI/MIZO ,120,68,52,10,6,4,110,62,48
C0116,33,000,00000,TAMIL NADU,082005, Lushai/Mizo,120,68,52,10,6,4,110,62,48
C0116,33,000,00000,TAMIL NADU,083000,83 MALTO ,3,2,1,3,2,1,0,0,0
C0116,33,000,00000,TAMIL NADU,083999,83 Others,3,2,1,3,2,1,0,0,0
C0116,33,000,00000,TAMIL NADU,084000,84 MAO,9,3,6,0,0,0,9,3,6
C0116,33,000,00000,TAMIL NADU,084001, Mao,9,3,6,0,0,0,9,3,6
C0116,33,000,00000,TAMIL NADU,085000,85 MARAM,1,1,0,1,1,0,0,0,0
C0116,33,000,00000,TAMIL NADU,085001, Maram ,1,1,0,1,1,0,0,0,0
C0116,33,000,00000,TAMIL NADU,086000,86 MARING ,2,1,1,0,0,0,2,1,1
C0116,33,000,00000,TAMIL NADU,086001, Maring,2,1,1,0,0,0,2,1,1
C0116,33,000,00000,TAMIL NADU,088000,88 MISHMI ,3,2,1,2,2,0,1,0,1
C0116,33,000,00000,TAMIL NADU,088007, Mishmi,1,0,1,0,0,0,1,0,1
C0116,33,000,00000,TAMIL NADU,088999,88 Others ,2,2,0,2,2,0,0,0,0
C0116,33,000,00000,TAMIL NADU,089000,89 MOGH ,7,5,2,0,0,0,7,5,2
C0116,33,000,00000,TAMIL NADU,089004, Mogh,3,3,0,0,0,0,3,3,0
C0116,33,000,00000,TAMIL NADU,089999,89 Others ,4,2,2,0,0,0,4,2,2
C0116,33,000,00000,TAMIL NADU,090000,90 MONPA ,24,8,16,1,0,1,23,8,15
C0116,33,000,00000,TAMIL NADU,090003, Monpa,24,8,16,1,0,1,23,8,15
C0116,33,000,00000,TAMIL NADU,091000,91 MUNDA,130,75,55,9,2,7,121,73,48
C0116,33,000,00000,TAMIL NADU,091009, Munda,125,72,53,9,2,7,116,70,46
C0116,33,000,00000,TAMIL NADU,091999,91 Others ,5,3,2,0,0,0,5,3,2
C0116,33,000,00000,TAMIL NADU,092000,92 MUNDARI ,39,25,14,2,2,0,37,23,14
C0116,33,000,00000,TAMIL NADU,092005, Mundari,39,25,14,2,2,0,37,23,14
C0116,33,000,00000,TAMIL NADU,093000,93 NICOBARESE ,124,63,61,48,27,21,76,36,40
C0116,33,000,00000,TAMIL NADU,093001, Nicobarese,124,63,61,48,27,21,76,36,40
C0116,33,000,00000,TAMIL NADU,094000,94 NISSI/DAFLA ,46,24,22,17,16,1,29,8,21
C0116,33,000,00000,TAMIL NADU,094001, Apatani,6,1,5,0,0,0,6,1,5
C0116,33,000,00000,TAMIL NADU,094007, Nissi/Dafla,39,22,17,16,15,1,23,7,16
C0116,33,000,00000,TAMIL NADU,094999,94 Others ,1,1,0,1,1,0,0,0,0
C0116,33,000,00000,TAMIL NADU,096000,96 PAITE,12,7,5,0,0,0,12,7,5
C0116,33,000,00000,TAMIL NADU,096002, Paite,12,7,5,0,0,0,12,7,5
C0116,33,000,00000,TAMIL NADU,097000,97 PARJI ,5,3,2,0,0,0,5,3,2
C0116,33,000,00000,TAMIL NADU,097001, Dhurwa,5,3,2,0,0,0,5,3,2
C0116,33,000,00000,TAMIL NADU,101000,101 POCHURY,15,9,6,0,0,0,15,9,6
C0116,33,000,00000,TAMIL NADU,101006, Pochury,15,9,6,0,0,0,15,9,6
C0116,33,000,00000,TAMIL NADU,102000,102 RABHA ,1,0,1,0,0,0,1,0,1
C0116,33,000,00000,TAMIL NADU,102002, Rabha,1,0,1,0,0,0,1,0,1
C0116,33,000,00000,TAMIL NADU,104000,104 RENGMA ,2,0,2,0,0,0,2,0,2
C0116,33,000,00000,TAMIL NADU,104001, Rengma,2,0,2,0,0,0,2,0,2
C0116,33,000,00000,TAMIL NADU,105000,105 SANGTAM ,4,1,3,0,0,0,4,1,3
C0116,33,000,00000,TAMIL NADU,105004, Sangtam,4,1,3,0,0,0,4,1,3
C0116,33,000,00000,TAMIL NADU,106000,106 SAVARA,57,32,25,6,4,2,51,28,23
C0116,33,000,00000,TAMIL NADU,106004, Savara,57,32,25,6,4,2,51,28,23
C0116,33,000,00000,TAMIL NADU,107000,107 SEMA,34,17,17,1,0,1,33,17,16
C0116,33,000,00000,TAMIL NADU,107002, Sema,34,17,17,1,0,1,33,17,16
C0116,33,000,00000,TAMIL NADU,112000,112 TANGKHUL ,17,12,5,3,1,2,14,11,3
C0116,33,000,00000,TAMIL NADU,112008, Tangkhul,17,12,5,3,1,2,14,11,3
C0116,33,000,00000,TAMIL NADU,113000,113 TANGSA,1,1,0,1,1,0,0,0,0
C0116,33,000,00000,TAMIL NADU,113999,113 Others,1,1,0,1,1,0,0,0,0
C0116,33,000,00000,TAMIL NADU,114000,114 THADO ,69,30,39,43,17,26,26,13,13
C0116,33,000,00000,TAMIL NADU,114015, Thado,59,25,34,38,16,22,21,9,12
C0116,33,000,00000,TAMIL NADU,114999,114 Others,10,5,5,5,1,4,5,4,1
C0116,33,000,00000,TAMIL NADU,115000,115 TIBETAN ,249,111,138,15,6,9,234,105,129
C0116,33,000,00000,TAMIL NADU,115008, Tibetan,238,107,131,6,2,4,232,105,127
C0116,33,000,00000,TAMIL NADU,115011, Purkhi,6,3,3,5,3,2,1,0,1
C0116,33,000,00000,TAMIL NADU,115999,115 Others,5,1,4,4,1,3,1,0,1
C0116,33,000,00000,TAMIL NADU,116000,116 TRIPURI ,23,10,13,3,1,2,20,9,11
C0116,33,000,00000,TAMIL NADU,116007, Kokbarak,8,2,6,3,1,2,5,1,4
C0116,33,000,00000,TAMIL NADU,116014, Tripuri,15,8,7,0,0,0,15,8,7
C0116,33,000,00000,TAMIL NADU,117000,117 TULU ,2636,1327,1309,331,171,160,2305,1156,1149
C0116,33,000,00000,TAMIL NADU,117009, Tulu,2500,1259,1241,235,122,113,2265,1137,1128
C0116,33,000,00000,TAMIL NADU,117999,117 Others ,136,68,68,96,49,47,40,19,21
C0116,33,000,00000,TAMIL NADU,118000,118 VAIPHEI ,7,3,4,1,0,1,6,3,3
C0116,33,000,00000,TAMIL NADU,118002, Vaiphei,7,3,4,1,0,1,6,3,3
C0116,33,000,00000,TAMIL NADU,120000,120 YIMCHUNGRE,1,1,0,1,1,0,0,0,0
C0116,33,000,00000,TAMIL NADU,120005, Yimchungre,1,1,0,1,1,0,0,0,0
C0116,33,000,00000,TAMIL NADU,121000,121 ZELIANG ,4,2,2,0,0,0,4,2,2
C0116,33,000,00000,TAMIL NADU,121001, Zeliang,4,2,2,0,0,0,4,2,2
C0116,33,000,00000,TAMIL NADU,122000,122 ZEMI ,11,5,6,0,0,0,11,5,6
C0116,33,000,00000,TAMIL NADU,122003, Zemi,11,5,6,0,0,0,11,5,6
C0116,33,000,00000,TAMIL NADU,124000,124 OTHERS,16195,8515,7680,8261,4198,4063,7934,4317,3617
C0116,34,000,00000,PUDUCHERRY,001000,1 ASSAMESE,90,57,33,16,8,8,74,49,25
C0116,34,000,00000,PUDUCHERRY,001002, Assamese,90,57,33,16,8,8,74,49,25
C0116,34,000,00000,PUDUCHERRY,002000,2 BENGALI ,1509,795,714,77,50,27,1432,745,687
C0116,34,000,00000,PUDUCHERRY,002007, Bengali,1509,795,714,77,50,27,1432,745,687
C0116,34,000,00000,PUDUCHERRY,003000,3 BODO ,4,3,1,0,0,0,4,3,1
C0116,34,000,00000,PUDUCHERRY,003001, Bodo/Boro,4,3,1,0,0,0,4,3,1
C0116,34,000,00000,PUDUCHERRY,004000,4 DOGRI ,8,5,3,0,0,0,8,5,3
C0116,34,000,00000,PUDUCHERRY,004001, Dogri,8,5,3,0,0,0,8,5,3
C0116,34,000,00000,PUDUCHERRY,005000,5 GUJARATI,1428,701,727,20,12,8,1408,689,719
C0116,34,000,00000,PUDUCHERRY,005018, Gujarati,808,385,423,3,1,2,805,384,421
C0116,34,000,00000,PUDUCHERRY,005057, Saurashtra/Saurashtri,554,285,269,14,9,5,540,276,264
C0116,34,000,00000,PUDUCHERRY,005999,5 Others,66,31,35,3,2,1,63,29,34
C0116,34,000,00000,PUDUCHERRY,006000,6 HINDI ,6403,3437,2966,908,485,423,5495,2952,2543
C0116,34,000,00000,PUDUCHERRY,006030, Awadhi,1,1,0,1,1,0,0,0,0
C0116,34,000,00000,PUDUCHERRY,006040, Baghati/Baghati Pahari,1,1,0,0,0,0,1,1,0
C0116,34,000,00000,PUDUCHERRY,006042, Bagheli/Baghel Khandi,5,4,1,5,4,1,0,0,0
C0116,34,000,00000,PUDUCHERRY,006066, Banjari,8,4,4,0,0,0,8,4,4
C0116,34,000,00000,PUDUCHERRY,006102, Bhojpuri,24,16,8,3,2,1,21,14,7
C0116,34,000,00000,PUDUCHERRY,006207, Gojri/Gujjari/Gujar,1,1,0,0,0,0,1,1,0
C0116,34,000,00000,PUDUCHERRY,006235, Haryanvi,5,2,3,0,0,0,5,2,3
C0116,34,000,00000,PUDUCHERRY,006240, Hindi,5848,3136,2712,835,445,390,5013,2691,2322
C0116,34,000,00000,PUDUCHERRY,006353, Lamani/Lambadi,3,2,1,0,0,0,3,2,1
C0116,34,000,00000,PUDUCHERRY,006400, Marwari,187,95,92,4,2,2,183,93,90
C0116,34,000,00000,PUDUCHERRY,006489, Rajasthani,254,135,119,16,7,9,238,128,110
C0116,34,000,00000,PUDUCHERRY,006503, Sadan/Sadri,6,1,5,4,0,4,2,1,1
C0116,34,000,00000,PUDUCHERRY,006999,6 Others,60,39,21,40,24,16,20,15,5
C0116,34,000,00000,PUDUCHERRY,007000,7 KANNADA,1870,911,959,160,82,78,1710,829,881
C0116,34,000,00000,PUDUCHERRY,007002, Badaga,18,6,12,0,0,0,18,6,12
C0116,34,000,00000,PUDUCHERRY,007016, Kannada,1768,861,907,159,82,77,1609,779,830
C0116,34,000,00000,PUDUCHERRY,007041, Prakritha/Prakritha Bhasha,74,40,34,0,0,0,74,40,34
C0116,34,000,00000,PUDUCHERRY,007999,7 Others,10,4,6,1,0,1,9,4,5
C0116,34,000,00000,PUDUCHERRY,008000,8 KASHMIRI ,30,18,12,0,0,0,30,18,12
C0116,34,000,00000,PUDUCHERRY,008005, Kashmiri,30,18,12,0,0,0,30,18,12
C0116,34,000,00000,PUDUCHERRY,009000,9 KONKANI,101,48,53,4,2,2,97,46,51
C0116,34,000,00000,PUDUCHERRY,009011, Konkani,101,48,53,4,2,2,97,46,51
C0116,34,000,00000,PUDUCHERRY,010000,10 MAITHILI ,14,10,4,0,0,0,14,10,4
C0116,34,000,00000,PUDUCHERRY,010008, Maithili,14,10,4,0,0,0,14,10,4
C0116,34,000,00000,PUDUCHERRY,011000,11 MALAYALAM,47973,21997,25976,346,162,184,47627,21835,25792
C0116,34,000,00000,PUDUCHERRY,011016, Malayalam,47973,21997,25976,346,162,184,47627,21835,25792
C0116,34,000,00000,PUDUCHERRY,012000,12 MANIPURI ,21,9,12,0,0,0,21,9,12
C0116,34,000,00000,PUDUCHERRY,012003, Manipuri,21,9,12,0,0,0,21,9,12
C0116,34,000,00000,PUDUCHERRY,013000,13 MARATHI ,890,450,440,48,23,25,842,427,415
C0116,34,000,00000,PUDUCHERRY,013071, Marathi,882,446,436,48,23,25,834,423,411
C0116,34,000,00000,PUDUCHERRY,013999,13 Others,8,4,4,0,0,0,8,4,4
C0116,34,000,00000,PUDUCHERRY,014000,14 NEPALI ,431,242,189,102,56,46,329,186,143
C0116,34,000,00000,PUDUCHERRY,014011, Nepali,431,242,189,102,56,46,329,186,143
C0116,34,000,00000,PUDUCHERRY,015000,15 ODIA ,1910,1072,838,470,284,186,1440,788,652
C0116,34,000,00000,PUDUCHERRY,015043, Odia,1910,1072,838,470,284,186,1440,788,652
C0116,34,000,00000,PUDUCHERRY,016000,16 PUNJABI ,121,64,57,6,4,2,115,60,55
C0116,34,000,00000,PUDUCHERRY,016038, Punjabi,121,64,57,6,4,2,115,60,55
C0116,34,000,00000,PUDUCHERRY,017000,17 SANSKRIT ,7,2,5,0,0,0,7,2,5
C0116,34,000,00000,PUDUCHERRY,017002, Sanskrit,7,2,5,0,0,0,7,2,5
C0116,34,000,00000,PUDUCHERRY,019000,19 SINDHI,94,44,50,0,0,0,94,44,50
C0116,34,000,00000,PUDUCHERRY,019008, Kachchhi,9,3,6,0,0,0,9,3,6
C0116,34,000,00000,PUDUCHERRY,019014, Sindhi,85,41,44,0,0,0,85,41,44
C0116,34,000,00000,PUDUCHERRY,020000,20 TAMIL ,1100976,541447,559529,389837,192191,197646,711139,349256,361883
C0116,34,000,00000,PUDUCHERRY,020027, Tamil,1100976,541447,559529,389837,192191,197646,711139,349256,361883
C0116,34,000,00000,PUDUCHERRY,021000,21 TELUGU ,74347,36539,37808,2520,1233,1287,71827,35306,36521
C0116,34,000,00000,PUDUCHERRY,021046, Telugu,74347,36539,37808,2520,1233,1287,71827,35306,36521
C0116,34,000,00000,PUDUCHERRY,022000,22 URDU,8627,4124,4503,600,270,330,8027,3854,4173
C0116,34,000,00000,PUDUCHERRY,022015, Urdu,8626,4124,4502,599,270,329,8027,3854,4173
C0116,34,000,00000,PUDUCHERRY,022999,22 Others,1,0,1,1,0,1,0,0,0
C0116,34,000,00000,PUDUCHERRY,023000,23 ADI ,5,3,2,0,0,0,5,3,2
C0116,34,000,00000,PUDUCHERRY,023003, Adi,5,3,2,0,0,0,5,3,2
C0116,34,000,00000,PUDUCHERRY,028000,28 ARABIC/ARBI ,49,27,22,8,6,2,41,21,20
C0116,34,000,00000,PUDUCHERRY,028001, Arabic/Arbi,49,27,22,8,6,2,41,21,20
C0116,34,000,00000,PUDUCHERRY,031000,31 BHOTIA ,4,4,0,0,0,0,4,4,0
C0116,34,000,00000,PUDUCHERRY,031999,31 Others,4,4,0,0,0,0,4,4,0
C0116,34,000,00000,PUDUCHERRY,037000,37 COORGI/KODAGU ,4,1,3,1,0,1,3,1,2
C0116,34,000,00000,PUDUCHERRY,037001, Coorgi/Kodagu,4,1,3,1,0,1,3,1,2
C0116,34,000,00000,PUDUCHERRY,040000,40 ENGLISH ,518,247,271,15,6,9,503,241,262
C0116,34,000,00000,PUDUCHERRY,040001, English,518,247,271,15,6,9,503,241,262
C0116,34,000,00000,PUDUCHERRY,055000,55 KHASI ,6,2,4,1,0,1,5,2,3
C0116,34,000,00000,PUDUCHERRY,055007, Khasi,6,2,4,1,0,1,5,2,3
C0116,34,000,00000,PUDUCHERRY,066000,66 KONYAK ,1,0,1,1,0,1,0,0,0
C0116,34,000,00000,PUDUCHERRY,066001, Konyak,1,0,1,1,0,1,0,0,0
C0116,34,000,00000,PUDUCHERRY,071000,71 KUKI,5,2,3,0,0,0,5,2,3
C0116,34,000,00000,PUDUCHERRY,071008, Kuki,5,2,3,0,0,0,5,2,3
C0116,34,000,00000,PUDUCHERRY,072000,72 KURUKH/ORAON ,12,7,5,3,2,1,9,5,4
C0116,34,000,00000,PUDUCHERRY,072024, Kurukh/Oraon,12,7,5,3,2,1,9,5,4
C0116,34,000,00000,PUDUCHERRY,075000,75 LAHNDA ,1,0,1,0,0,0,1,0,1
C0116,34,000,00000,PUDUCHERRY,075999,75 Others ,1,0,1,0,0,0,1,0,1
C0116,34,000,00000,PUDUCHERRY,082000,82 LUSHAI/MIZO ,2,2,0,0,0,0,2,2,0
C0116,34,000,00000,PUDUCHERRY,082005, Lushai/Mizo,2,2,0,0,0,0,2,2,0
C0116,34,000,00000,PUDUCHERRY,085000,85 MARAM,2,1,1,0,0,0,2,1,1
C0116,34,000,00000,PUDUCHERRY,085001, Maram ,2,1,1,0,0,0,2,1,1
C0116,34,000,00000,PUDUCHERRY,091000,91 MUNDA,16,7,9,3,0,3,13,7,6
C0116,34,000,00000,PUDUCHERRY,091009, Munda,16,7,9,3,0,3,13,7,6
C0116,34,000,00000,PUDUCHERRY,092000,92 MUNDARI ,3,1,2,0,0,0,3,1,2
C0116,34,000,00000,PUDUCHERRY,092005, Mundari,3,1,2,0,0,0,3,1,2
C0116,34,000,00000,PUDUCHERRY,094000,94 NISSI/DAFLA ,4,3,1,0,0,0,4,3,1
C0116,34,000,00000,PUDUCHERRY,094001, Apatani,4,3,1,0,0,0,4,3,1
C0116,34,000,00000,PUDUCHERRY,106000,106 SAVARA,8,4,4,0,0,0,8,4,4
C0116,34,000,00000,PUDUCHERRY,106004, Savara,8,4,4,0,0,0,8,4,4
C0116,34,000,00000,PUDUCHERRY,115000,115 TIBETAN ,10,6,4,0,0,0,10,6,4
C0116,34,000,00000,PUDUCHERRY,115008, Tibetan,10,6,4,0,0,0,10,6,4
C0116,34,000,00000,PUDUCHERRY,117000,117 TULU ,33,18,15,2,1,1,31,17,14
C0116,34,000,00000,PUDUCHERRY,117009, Tulu,33,18,15,2,1,1,31,17,14
C0116,34,000,00000,PUDUCHERRY,124000,124 OTHERS,416,201,215,52,30,22,364,171,193
C0116,35,000,00000,ANDAMAN & NICOBAR ISLANDS,001000,1 ASSAMESE,115,80,35,34,29,5,81,51,30
C0116,35,000,00000,ANDAMAN & NICOBAR ISLANDS,001002, Assamese,114,79,35,34,29,5,80,50,30
C0116,35,000,00000,ANDAMAN & NICOBAR ISLANDS,001999,1 Others,1,1,0,0,0,0,1,1,0
C0116,35,000,00000,ANDAMAN & NICOBAR ISLANDS,002000,2 BENGALI ,108432,58748,49684,89825,47695,42130,18607,11053,7554
C0116,35,000,00000,ANDAMAN & NICOBAR ISLANDS,002007, Bengali,108431,58747,49684,89824,47694,42130,18607,11053,7554
C0116,35,000,00000,ANDAMAN & NICOBAR ISLANDS,002999,2 Others,1,1,0,1,1,0,0,0,0
C0116,35,000,00000,ANDAMAN & NICOBAR ISLANDS,003000,3 BODO ,5,5,0,2,2,0,3,3,0
C0116,35,000,00000,ANDAMAN & NICOBAR ISLANDS,003001, Bodo/Boro,5,5,0,2,2,0,3,3,0
C0116,35,000,00000,ANDAMAN & NICOBAR ISLANDS,004000,4 DOGRI ,67,53,14,28,28,0,39,25,14
C0116,35,000,00000,ANDAMAN & NICOBAR ISLANDS,004001, Dogri,67,53,14,28,28,0,39,25,14
C0116,35,000,00000,ANDAMAN & NICOBAR ISLANDS,005000,5 GUJARATI,241,155,86,75,57,18,166,98,68
C0116,35,000,00000,ANDAMAN & NICOBAR ISLANDS,005018, Gujarati,204,129,75,57,45,12,147,84,63
C0116,35,000,00000,ANDAMAN & NICOBAR ISLANDS,005057, Saurashtra/Saurashtri,11,8,3,4,3,1,7,5,2
C0116,35,000,00000,ANDAMAN & NICOBAR ISLANDS,005999,5 Others,26,18,8,14,9,5,12,9,3
C0116,35,000,00000,ANDAMAN & NICOBAR ISLANDS,006000,6 HINDI ,73424,39790,33634,42080,23227,18853,31344,16563,14781
C0116,35,000,00000,ANDAMAN & NICOBAR ISLANDS,006030, Awadhi,12,9,3,6,5,1,6,4,2
C0116,35,000,00000,ANDAMAN & NICOBAR ISLANDS,006102, Bhojpuri,1791,1054,737,638,379,259,1153,675,478
C0116,35,000,00000,ANDAMAN & NICOBAR ISLANDS,006123, Brajbhasha,18,14,4,9,5,4,9,9,0
C0116,35,000,00000,ANDAMAN & NICOBAR ISLANDS,006125, Bundeli/Bundel khandi,4,3,1,3,2,1,1,1,0
C0116,35,000,00000,ANDAMAN & NICOBAR ISLANDS,006142, Chhattisgarhi,4,4,0,4,4,0,0,0,0
C0116,35,000,00000,ANDAMAN & NICOBAR ISLANDS,006195, Garhwali,65,49,16,28,24,4,37,25,12
C0116,35,000,00000,ANDAMAN & NICOBAR ISLANDS,006232, Hara/Harauti,3,1,2,1,0,1,2,1,1
C0116,35,000,00000,ANDAMAN & NICOBAR ISLANDS,006235, Haryanvi,258,188,70,115,100,15,143,88,55
C0116,35,000,00000,ANDAMAN & NICOBAR ISLANDS,006240, Hindi,49134,26404,22730,22660,12559,10101,26474,13845,12629
C0116,35,000,00000,ANDAMAN & NICOBAR ISLANDS,006311, Khari Boli,1,0,1,0,0,0,1,0,1
C0116,35,000,00000,ANDAMAN & NICOBAR ISLANDS,006320, Khortha/Khotta,9,7,2,4,3,1,5,4,1
C0116,35,000,00000,ANDAMAN & NICOBAR ISLANDS,006340, Kumauni,325,295,30,313,288,25,12,7,5
C0116,35,000,00000,ANDAMAN & NICOBAR ISLANDS,006345, Kurmali Thar,2,1,1,0,0,0,2,1,1
C0116,35,000,00000,ANDAMAN & NICOBAR ISLANDS,006376, Magadhi/Magahi,47,37,10,13,12,1,34,25,9
C0116,35,000,00000,ANDAMAN & NICOBAR ISLANDS,006391, Malvi,1,1,0,1,1,0,0,0,0
C0116,35,000,00000,ANDAMAN & NICOBAR ISLANDS,006400, Marwari,85,56,29,12,10,2,73,46,27
C0116,35,000,00000,ANDAMAN & NICOBAR ISLANDS,006408, Mewari,2,1,1,2,1,1,0,0,0
C0116,35,000,00000,ANDAMAN & NICOBAR ISLANDS,006409, Mewati,1,1,0,0,0,0,1,1,0
C0116,35,000,00000,ANDAMAN & NICOBAR ISLANDS,006420, Nagpuria,1,1,0,1,1,0,0,0,0
C0116,35,000,00000,ANDAMAN & NICOBAR ISLANDS,006439, Pahari,65,52,13,5,5,0,60,47,13
C0116,35,000,00000,ANDAMAN & NICOBAR ISLANDS,006489, Rajasthani,181,151,30,111,107,4,70,44,26
C0116,35,000,00000,ANDAMAN & NICOBAR ISLANDS,006503, Sadan/Sadri,21048,11232,9816,18046,9643,8403,3002,1589,1413
C0116,35,000,00000,ANDAMAN & NICOBAR ISLANDS,006999,6 Others,367,229,138,108,78,30,259,151,108
C0116,35,000,00000,ANDAMAN & NICOBAR ISLANDS,007000,7 KANNADA,239,138,101,61,41,20,178,97,81
C0116,35,000,00000,ANDAMAN & NICOBAR ISLANDS,007002, Badaga,4,1,3,0,0,0,4,1,3
C0116,35,000,00000,ANDAMAN & NICOBAR ISLANDS,007016, Kannada,235,137,98,61,41,20,174,96,78
C0116,35,000,00000,ANDAMAN & NICOBAR ISLANDS,008000,8 KASHMIRI ,34,26,8,13,10,3,21,16,5
C0116,35,000,00000,ANDAMAN & NICOBAR ISLANDS,008005, Kashmiri,34,26,8,13,10,3,21,16,5
C0116,35,000,00000,ANDAMAN & NICOBAR ISLANDS,009000,9 KONKANI,99,49,50,45,25,20,54,24,30
C0116,35,000,00000,ANDAMAN & NICOBAR ISLANDS,009011, Konkani,59,30,29,17,11,6,42,19,23
C0116,35,000,00000,ANDAMAN & NICOBAR ISLANDS,009013, Kudubi/Kudumbi,40,19,21,28,14,14,12,5,7
C0116,35,000,00000,ANDAMAN & NICOBAR ISLANDS,010000,10 MAITHILI ,134,77,57,14,12,2,120,65,55
C0116,35,000,00000,ANDAMAN & NICOBAR ISLANDS,010008, Maithili,134,77,57,14,12,2,120,65,55
C0116,35,000,00000,ANDAMAN & NICOBAR ISLANDS,011000,11 MALAYALAM,27475,13995,13480,14441,7398,7043,13034,6597,6437
C0116,35,000,00000,ANDAMAN & NICOBAR ISLANDS,011016, Malayalam,27470,13991,13479,14440,7397,7043,13030,6594,6436
C0116,35,000,00000,ANDAMAN & NICOBAR ISLANDS,011999,11 Others,5,4,1,1,1,0,4,3,1
C0116,35,000,00000,ANDAMAN & NICOBAR ISLANDS,012000,12 MANIPURI ,43,34,9,8,8,0,35,26,9
C0116,35,000,00000,ANDAMAN & NICOBAR ISLANDS,012003, Manipuri,43,34,9,8,8,0,35,26,9
C0116,35,000,00000,ANDAMAN & NICOBAR ISLANDS,013000,13 MARATHI ,639,388,251,309,188,121,330,200,130
C0116,35,000,00000,ANDAMAN & NICOBAR ISLANDS,013071, Marathi,606,359,247,281,161,120,325,198,127
C0116,35,000,00000,ANDAMAN & NICOBAR ISLANDS,013999,13 Others,33,29,4,28,27,1,5,2,3
C0116,35,000,00000,ANDAMAN & NICOBAR ISLANDS,014000,14 NEPALI ,949,551,398,316,197,119,633,354,279
C0116,35,000,00000,ANDAMAN & NICOBAR ISLANDS,014011, Nepali,949,551,398,316,197,119,633,354,279
C0116,35,000,00000,ANDAMAN & NICOBAR ISLANDS,015000,15 ODIA ,1106,751,355,468,335,133,638,416,222
C0116,35,000,00000,ANDAMAN & NICOBAR ISLANDS,015043, Odia,1099,744,355,466,333,133,633,411,222
C0116,35,000,00000,ANDAMAN & NICOBAR ISLANDS,015058, Sambalpuri,5,5,0,0,0,0,5,5,0
C0116,35,000,00000,ANDAMAN & NICOBAR ISLANDS,015999,15 Others,2,2,0,2,2,0,0,0,0
C0116,35,000,00000,ANDAMAN & NICOBAR ISLANDS,016000,16 PUNJABI ,1565,855,710,728,403,325,837,452,385
C0116,35,000,00000,ANDAMAN & NICOBAR ISLANDS,016002, Bagri,3,3,0,3,3,0,0,0,0
C0116,35,000,00000,ANDAMAN & NICOBAR ISLANDS,016038, Punjabi,1511,826,685,678,376,302,833,450,383
C0116,35,000,00000,ANDAMAN & NICOBAR ISLANDS,016999,16 Others,51,26,25,47,24,23,4,2,2
C0116,35,000,00000,ANDAMAN & NICOBAR ISLANDS,017000,17 SANSKRIT ,1,1,0,1,1,0,0,0,0
C0116,35,000,00000,ANDAMAN & NICOBAR ISLANDS,017002, Sanskrit,1,1,0,1,1,0,0,0,0
C0116,35,000,00000,ANDAMAN & NICOBAR ISLANDS,018000,18 SANTALI ,307,280,27,261,249,12,46,31,15
C0116,35,000,00000,ANDAMAN & NICOBAR ISLANDS,018011, Mahili,3,1,2,3,1,2,0,0,0
C0116,35,000,00000,ANDAMAN & NICOBAR ISLANDS,018040, Santali,304,279,25,258,248,10,46,31,15
C0116,35,000,00000,ANDAMAN & NICOBAR ISLANDS,019000,19 SINDHI,14,8,6,2,2,0,12,6,6
C0116,35,000,00000,ANDAMAN & NICOBAR ISLANDS,019002, Bhatia,1,1,0,1,1,0,0,0,0
C0116,35,000,00000,ANDAMAN & NICOBAR ISLANDS,019014, Sindhi,10,6,4,1,1,0,9,5,4
C0116,35,000,00000,ANDAMAN & NICOBAR ISLANDS,019999,19 Others,3,1,2,0,0,0,3,1,2
C0116,35,000,00000,ANDAMAN & NICOBAR ISLANDS,020000,20 TAMIL ,57830,30865,26965,22653,12181,10472,35177,18684,16493
C0116,35,000,00000,ANDAMAN & NICOBAR ISLANDS,020027, Tamil,57830,30865,26965,22653,12181,10472,35177,18684,16493
C0116,35,000,00000,ANDAMAN & NICOBAR ISLANDS,021000,21 TELUGU ,50404,26213,24191,17433,9057,8376,32971,17156,15815
C0116,35,000,00000,ANDAMAN & NICOBAR ISLANDS,021046, Telugu,50394,26208,24186,17431,9055,8376,32963,17153,15810
C0116,35,000,00000,ANDAMAN & NICOBAR ISLANDS,021999,21 Others,10,5,5,2,2,0,8,3,5
C0116,35,000,00000,ANDAMAN & NICOBAR ISLANDS,022000,22 URDU,1277,716,561,181,97,84,1096,619,477
C0116,35,000,00000,ANDAMAN & NICOBAR ISLANDS,022015, Urdu,1266,712,554,175,96,79,1091,616,475
C0116,35,000,00000,ANDAMAN & NICOBAR ISLANDS,022016, Bhansari,3,1,2,2,0,2,1,1,0
C0116,35,000,00000,ANDAMAN & NICOBAR ISLANDS,022999,22 Others,8,3,5,4,1,3,4,2,2
C0116,35,000,00000,ANDAMAN & NICOBAR ISLANDS,026000,26 ANGAMI ,1,1,0,0,0,0,1,1,0
C0116,35,000,00000,ANDAMAN & NICOBAR ISLANDS,026002, Angami,1,1,0,0,0,0,1,1,0
C0116,35,000,00000,ANDAMAN & NICOBAR ISLANDS,028000,28 ARABIC/ARBI ,4,3,1,1,1,0,3,2,1
C0116,35,000,00000,ANDAMAN & NICOBAR ISLANDS,028001, Arabic/Arbi,4,3,1,1,1,0,3,2,1
C0116,35,000,00000,ANDAMAN & NICOBAR ISLANDS,030000,30 BHILI/BHILODI ,3,3,0,2,2,0,1,1,0
C0116,35,000,00000,ANDAMAN & NICOBAR ISLANDS,030066, Paradhi,1,1,0,0,0,0,1,1,0
C0116,35,000,00000,ANDAMAN & NICOBAR ISLANDS,030999,30 Others,2,2,0,2,2,0,0,0,0
C0116,35,000,00000,ANDAMAN & NICOBAR ISLANDS,031000,31 BHOTIA ,1,1,0,0,0,0,1,1,0
C0116,35,000,00000,ANDAMAN & NICOBAR ISLANDS,031001, Bhotia,1,1,0,0,0,0,1,1,0
C0116,35,000,00000,ANDAMAN & NICOBAR ISLANDS,032000,32 BHUMIJ ,378,193,185,378,193,185,0,0,0
C0116,35,000,00000,ANDAMAN & NICOBAR ISLANDS,032999,32 Others,378,193,185,378,193,185,0,0,0
C0116,35,000,00000,ANDAMAN & NICOBAR ISLANDS,035000,35 CHAKRU/CHOKRI ,5,2,3,0,0,0,5,2,3
C0116,35,000,00000,ANDAMAN & NICOBAR ISLANDS,035001, Chakru/Chokri,5,2,3,0,0,0,5,2,3
C0116,35,000,00000,ANDAMAN & NICOBAR ISLANDS,037000,37 COORGI/KODAGU ,26,12,14,14,6,8,12,6,6
C0116,35,000,00000,ANDAMAN & NICOBAR ISLANDS,037001, Coorgi/Kodagu,26,12,14,14,6,8,12,6,6
C0116,35,000,00000,ANDAMAN & NICOBAR ISLANDS,039000,39 DIMASA ,2,2,0,0,0,0,2,2,0
C0116,35,000,00000,ANDAMAN & NICOBAR ISLANDS,039999,39 Others,2,2,0,0,0,0,2,2,0
C0116,35,000,00000,ANDAMAN & NICOBAR ISLANDS,040000,40 ENGLISH ,69,49,20,36,25,11,33,24,9
C0116,35,000,00000,ANDAMAN & NICOBAR ISLANDS,040001, English,69,49,20,36,25,11,33,24,9
C0116,35,000,00000,ANDAMAN & NICOBAR ISLANDS,043000,43 GARO ,1,0,1,1,0,1,0,0,0
C0116,35,000,00000,ANDAMAN & NICOBAR ISLANDS,043005, Garo,1,0,1,1,0,1,0,0,0
C0116,35,000,00000,ANDAMAN & NICOBAR ISLANDS,044000,44 GONDI,4,2,2,1,1,0,3,1,2
C0116,35,000,00000,ANDAMAN & NICOBAR ISLANDS,044007, Gondi,1,0,1,0,0,0,1,0,1
C0116,35,000,00000,ANDAMAN & NICOBAR ISLANDS,044999,44 Others,3,2,1,1,1,0,2,1,1
C0116,35,000,00000,ANDAMAN & NICOBAR ISLANDS,048000,48 HO,3,3,0,3,3,0,0,0,0
C0116,35,000,00000,ANDAMAN & NICOBAR ISLANDS,048007, Lohara,3,3,0,3,3,0,0,0,0
C0116,35,000,00000,ANDAMAN & NICOBAR ISLANDS,052000,52 KARBI/MIKIR ,1,0,1,0,0,0,1,0,1
C0116,35,000,00000,ANDAMAN & NICOBAR ISLANDS,052002, Karbi/Mikir,1,0,1,0,0,0,1,0,1
C0116,35,000,00000,ANDAMAN & NICOBAR ISLANDS,054000,54 KHARIA ,4069,2123,1946,3150,1660,1490,919,463,456
C0116,35,000,00000,ANDAMAN & NICOBAR ISLANDS,054005, Kharia,4069,2123,1946,3150,1660,1490,919,463,456
C0116,35,000,00000,ANDAMAN & NICOBAR ISLANDS,055000,55 KHASI ,10,5,5,3,2,1,7,3,4
C0116,35,000,00000,ANDAMAN & NICOBAR ISLANDS,055007, Khasi,8,4,4,3,2,1,5,2,3
C0116,35,000,00000,ANDAMAN & NICOBAR ISLANDS,055012, Pnar/Synteng,2,1,1,0,0,0,2,1,1
C0116,35,000,00000,ANDAMAN & NICOBAR ISLANDS,058000,58 KHOND/KONDH ,1,1,0,0,0,0,1,1,0
C0116,35,000,00000,ANDAMAN & NICOBAR ISLANDS,058001, Khond/Kondh,1,1,0,0,0,0,1,1,0
C0116,35,000,00000,ANDAMAN & NICOBAR ISLANDS,060000,60 KISAN ,1,0,1,0,0,0,1,0,1
C0116,35,000,00000,ANDAMAN & NICOBAR ISLANDS,060002, Kisan,1,0,1,0,0,0,1,0,1
C0116,35,000,00000,ANDAMAN & NICOBAR ISLANDS,067000,67 KORKU ,1,1,0,1,1,0,0,0,0
C0116,35,000,00000,ANDAMAN & NICOBAR ISLANDS,067001, Korku,1,1,0,1,1,0,0,0,0
C0116,35,000,00000,ANDAMAN & NICOBAR ISLANDS,071000,71 KUKI,5,3,2,1,1,0,4,2,2
C0116,35,000,00000,ANDAMAN & NICOBAR ISLANDS,071008, Kuki,5,3,2,1,1,0,4,2,2
C0116,35,000,00000,ANDAMAN & NICOBAR ISLANDS,072000,72 KURUKH/ORAON ,15064,7780,7284,11656,6076,5580,3408,1704,1704
C0116,35,000,00000,ANDAMAN & NICOBAR ISLANDS,072024, Kurukh/Oraon,15063,7780,7283,11655,6076,5579,3408,1704,1704
C0116,35,000,00000,ANDAMAN & NICOBAR ISLANDS,072999,72 Others ,1,0,1,1,0,1,0,0,0
C0116,35,000,00000,ANDAMAN & NICOBAR ISLANDS,076000,76 LAKHER,1,1,0,0,0,0,1,1,0
C0116,35,000,00000,ANDAMAN & NICOBAR ISLANDS,076002, Mara,1,1,0,0,0,0,1,1,0
C0116,35,000,00000,ANDAMAN & NICOBAR ISLANDS,078000,78 LEPCHA ,1,1,0,0,0,0,1,1,0
C0116,35,000,00000,ANDAMAN & NICOBAR ISLANDS,078001, Lepcha,1,1,0,0,0,0,1,1,0
C0116,35,000,00000,ANDAMAN & NICOBAR ISLANDS,081000,81 LOTHA ,6,3,3,5,2,3,1,1,0
C0116,35,000,00000,ANDAMAN & NICOBAR ISLANDS,081001, Lotha,6,3,3,5,2,3,1,1,0
C0116,35,000,00000,ANDAMAN & NICOBAR ISLANDS,082000,82 LUSHAI/MIZO ,11,5,6,8,2,6,3,3,0
C0116,35,000,00000,ANDAMAN & NICOBAR ISLANDS,082005, Lushai/Mizo,11,5,6,8,2,6,3,3,0
C0116,35,000,00000,ANDAMAN & NICOBAR ISLANDS,084000,84 MAO,2,2,0,1,1,0,1,1,0
C0116,35,000,00000,ANDAMAN & NICOBAR ISLANDS,084001, Mao,1,1,0,0,0,0,1,1,0
C0116,35,000,00000,ANDAMAN & NICOBAR ISLANDS,084003, Paola,1,1,0,1,1,0,0,0,0
C0116,35,000,00000,ANDAMAN & NICOBAR ISLANDS,086000,86 MARING ,1,1,0,0,0,0,1,1,0
C0116,35,000,00000,ANDAMAN & NICOBAR ISLANDS,086001, Maring,1,1,0,0,0,0,1,1,0
C0116,35,000,00000,ANDAMAN & NICOBAR ISLANDS,091000,91 MUNDA,3797,2039,1758,2580,1412,1168,1217,627,590
C0116,35,000,00000,ANDAMAN & NICOBAR ISLANDS,091009, Munda,3792,2034,1758,2580,1412,1168,1212,622,590
C0116,35,000,00000,ANDAMAN & NICOBAR ISLANDS,091999,91 Others ,5,5,0,0,0,0,5,5,0
C0116,35,000,00000,ANDAMAN & NICOBAR ISLANDS,092000,92 MUNDARI ,833,447,386,583,317,266,250,130,120
C0116,35,000,00000,ANDAMAN & NICOBAR ISLANDS,092005, Mundari,833,447,386,583,317,266,250,130,120
C0116,35,000,00000,ANDAMAN & NICOBAR ISLANDS,093000,93 NICOBARESE ,28912,14876,14036,26918,13905,13013,1994,971,1023
C0116,35,000,00000,ANDAMAN & NICOBAR ISLANDS,093001, Nicobarese,28912,14876,14036,26918,13905,13013,1994,971,1023
C0116,35,000,00000,ANDAMAN & NICOBAR ISLANDS,096000,96 PAITE,1,1,0,1,1,0,0,0,0
C0116,35,000,00000,ANDAMAN & NICOBAR ISLANDS,096002, Paite,1,1,0,1,1,0,0,0,0
C0116,35,000,00000,ANDAMAN & NICOBAR ISLANDS,100000,100 PHOM ,2,1,1,0,0,0,2,1,1
C0116,35,000,00000,ANDAMAN & NICOBAR ISLANDS,100001, Phom,2,1,1,0,0,0,2,1,1
C0116,35,000,00000,ANDAMAN & NICOBAR ISLANDS,103000,103 RAI ,1,1,0,1,1,0,0,0,0
C0116,35,000,00000,ANDAMAN & NICOBAR ISLANDS,103999,103 Others ,1,1,0,1,1,0,0,0,0
C0116,35,000,00000,ANDAMAN & NICOBAR ISLANDS,106000,106 SAVARA,9,4,5,0,0,0,9,4,5
C0116,35,000,00000,ANDAMAN & NICOBAR ISLANDS,106004, Savara,9,4,5,0,0,0,9,4,5
C0116,35,000,00000,ANDAMAN & NICOBAR ISLANDS,114000,114 THADO ,4,3,1,1,1,0,3,2,1
C0116,35,000,00000,ANDAMAN & NICOBAR ISLANDS,114015, Thado,4,3,1,1,1,0,3,2,1
C0116,35,000,00000,ANDAMAN & NICOBAR ISLANDS,115000,115 TIBETAN ,1,1,0,0,0,0,1,1,0
C0116,35,000,00000,ANDAMAN & NICOBAR ISLANDS,115008, Tibetan,1,1,0,0,0,0,1,1,0
C0116,35,000,00000,ANDAMAN & NICOBAR ISLANDS,116000,116 TRIPURI ,26,23,3,20,20,0,6,3,3
C0116,35,000,00000,ANDAMAN & NICOBAR ISLANDS,116007, Kokbarak,26,23,3,20,20,0,6,3,3
C0116,35,000,00000,ANDAMAN & NICOBAR ISLANDS,118000,118 VAIPHEI ,5,2,3,2,1,1,3,1,2
C0116,35,000,00000,ANDAMAN & NICOBAR ISLANDS,118002, Vaiphei,5,2,3,2,1,1,3,1,2
C0116,35,000,00000,ANDAMAN & NICOBAR ISLANDS,122000,122 ZEMI ,2,2,0,1,1,0,1,1,0
C0116,35,000,00000,ANDAMAN & NICOBAR ISLANDS,122003, Zemi,2,2,0,1,1,0,1,1,0
C0116,35,000,00000,ANDAMAN & NICOBAR ISLANDS,123000,123 ZOU ,2,2,0,0,0,0,2,2,0
C0116,35,000,00000,ANDAMAN & NICOBAR ISLANDS,123001, Zou,2,2,0,0,0,0,2,2,0
C0116,35,000,00000,ANDAMAN & NICOBAR ISLANDS,124000,124 OTHERS,2915,1494,1421,2747,1410,1337,168,84,84
